 
  kpoint:       1             coordinate:     0.0000    0.0000    0.0000                  spin:  1
 
    n           k   ϵ_nk^DFT (eV)     Σ^c_nk (eV)     Σ^x_nk (eV)    v_nk^xc (eV)   ϵ_nk^G0W0 (eV)
 
    1 (occ)     1         -27.196           9.305         -30.358         -18.673          -29.576
    2 (occ)     1         -26.261           9.488         -31.508         -19.708          -28.572
    3 (occ)     1         -24.754           8.102         -29.142         -18.452          -27.342
    4 (occ)     1         -23.342           7.465         -28.321         -18.124          -26.073
    5 (occ)     1         -20.043           6.080         -25.295         -16.324          -22.934
    6 (occ)     1         -17.412           4.160         -23.732         -16.406          -20.578
    7 (occ)     1         -16.685           4.089         -24.473         -17.274          -19.794
    8 (occ)     1         -15.059           3.203         -22.675         -16.182          -18.349
    9 (occ)     1         -14.025           3.128         -22.925         -16.870          -16.952
   10 (occ)     1         -13.057           2.305         -21.828         -16.077          -16.504
   11 (occ)     1         -12.031           3.122         -20.538         -14.858          -14.588
   12 (occ)     1         -11.708           2.837         -22.866         -16.849          -14.888
   13 (occ)     1         -11.114           3.303         -24.149         -17.634          -14.325
   14 (occ)     1         -10.424           2.663         -23.217         -17.368          -13.611
   15 (occ)     1         -10.244           3.344         -24.950         -18.558          -13.291
   16 (occ)     1         -10.116           2.601         -20.886         -15.831          -12.569
   17 (occ)     1          -9.279           1.835         -19.813         -15.298          -11.959
   18 (occ)     1          -7.130           1.873         -22.280         -17.884           -9.653
   19 (occ)     1          -7.102           3.206         -24.890         -18.865           -9.921
   20 (occ)     1          -6.372           0.784         -18.879         -15.757           -8.710
   21 (occ)     1          -6.273           3.122         -25.006         -19.146           -9.011
   22 (vir)     1          -2.422          -2.254          -9.288         -14.321            0.357
   23 (vir)     1          -1.141          -2.733          -9.787         -15.383            1.722
   24 (vir)     1          -0.953          -1.072          -1.772          -4.538            0.742
   25 (vir)     1          -0.154          -0.894          -1.415          -3.833            1.370
   26 (vir)     1          -0.036          -0.797          -1.241          -3.452            1.378
   27 (vir)     1           0.365          -0.579          -0.550          -2.220            1.455
   28 (vir)     1           0.541          -0.910          -1.506          -3.990            2.115
   29 (vir)     1           0.817          -0.755          -1.117          -3.240            2.184
   30 (vir)     1           1.003          -0.627          -0.852          -2.774            2.298
   31 (vir)     1           1.080          -1.573          -2.679          -5.907            2.735
   32 (vir)     1           1.340          -0.712          -1.332          -3.224            2.520
   33 (vir)     1           1.645          -2.189          -4.092          -8.164            3.529
   34 (vir)     1           1.661          -0.730          -1.149          -3.215            2.998
   35 (vir)     1           1.839          -0.654          -0.964          -2.930            3.151
   36 (vir)     1           2.345          -0.967          -1.660          -4.021            3.739
   37 (vir)     1           2.505          -0.478          -0.466          -1.976            3.537
   38 (vir)     1           2.522          -0.383          -0.381          -1.696            3.453
   39 (vir)     1           2.564          -0.477          -0.494          -1.926            3.519
   40 (vir)     1           2.612          -0.504          -0.562          -2.169            3.715
   41 (vir)     1           2.924          -0.922          -1.515          -3.762            4.248
   42 (vir)     1           2.944          -1.322          -2.460          -5.439            4.601
   43 (vir)     1           2.974          -0.725          -0.806          -2.658            4.101
   44 (vir)     1           3.092          -0.735          -1.019          -3.079            4.417
   45 (vir)     1           3.303          -1.316          -2.615          -5.686            5.057
   46 (vir)     1           3.588          -1.703          -3.330          -7.055            5.611
   47 (vir)     1           3.964          -1.244          -2.114          -5.023            5.628
   48 (vir)     1           4.266          -1.531          -2.934          -6.378            6.178
   49 (vir)     1           4.472          -2.506          -5.381         -10.313            6.898
   50 (vir)     1           4.531          -0.756          -0.831          -2.938            5.882
   51 (vir)     1           4.945          -1.563          -2.746          -6.174            6.810
   52 (vir)     1           5.139          -0.973          -0.948          -3.380            6.599
   53 (vir)     1           5.331          -1.429          -2.350          -5.629            7.181
   54 (vir)     1           5.430          -1.658          -2.495          -6.113            7.390
   55 (vir)     1           5.680          -0.983          -1.312          -3.863            7.248
   56 (vir)     1           5.787          -0.821          -0.786          -3.045            7.226
   57 (vir)     1           6.080          -1.362          -2.485          -5.696            7.929
   58 (vir)     1           6.134          -0.762          -0.804          -2.990            7.558
   59 (vir)     1           6.347          -2.539          -4.862         -10.031            8.978
   60 (vir)     1           6.739          -2.342          -4.022          -8.822            9.197
   61 (vir)     1           6.885          -1.184          -1.223          -4.193            8.670
   62 (vir)     1           7.151          -1.224          -1.693          -4.661            8.895
   63 (vir)     1           7.378          -1.246          -1.026          -4.017            9.124
   64 (vir)     1           7.823          -1.552          -1.851          -5.297            9.717
   65 (vir)     1           7.856          -1.745          -1.591          -5.208            9.728
   66 (vir)     1           8.021          -2.168          -3.285          -7.630           10.199
   67 (vir)     1           8.366          -2.314          -3.563          -8.190           10.679
   68 (vir)     1           8.396          -1.293          -1.007          -3.880            9.976
   69 (vir)     1           8.838          -1.415          -1.788          -5.245           10.880
   70 (vir)     1           8.897          -1.205          -0.950          -3.719           10.461
   71 (vir)     1           9.776          -2.731          -3.776          -8.959           12.228
   72 (vir)     1          10.240          -1.586          -2.381          -6.980           13.254
   73 (vir)     1          10.290          -2.138          -2.621          -6.992           12.523
   74 (vir)     1          10.659          -1.812          -1.921          -5.891           12.817
   75 (vir)     1          11.056          -1.028          -0.913          -3.784           12.899
   76 (vir)     1          11.079          -2.007          -2.138          -6.430           13.364
   77 (vir)     1          11.844          -2.371          -2.831          -7.624           14.266
   78 (vir)     1          11.888          -2.095          -2.462          -6.914           14.246
   79 (vir)     1          12.035          -4.429          -6.067         -13.589           15.127
   80 (vir)     1          12.412          -2.747          -3.037          -8.401           15.028
   81 (vir)     1          13.043          -2.387          -2.771          -7.488           15.373
   82 (vir)     1          13.321          -3.198          -3.105          -8.780           15.798
   83 (vir)     1          13.417          -2.921          -2.114          -7.283           15.665
   84 (vir)     1          13.823          -3.823          -4.021         -10.632           16.610
   85 (vir)     1          13.970          -2.582          -1.970          -6.902           16.320
   86 (vir)     1          14.059          -3.221          -1.839          -7.009           16.008
   87 (vir)     1          14.093          -2.868          -2.751          -8.057           16.531
   88 (vir)     1          14.715          -2.872          -2.635          -8.048           17.255
   89 (vir)     1          14.878          -2.984          -2.640          -8.048           17.302
   90 (vir)     1          14.893          -2.815          -1.766          -6.882           17.193
   91 (vir)     1          15.633          -2.909          -2.690          -8.269           18.302
   92 (vir)     1          16.154          -2.352          -2.159          -7.038           18.682
   93 (vir)     1          16.520          -4.188          -4.078         -11.317           19.571
   94 (vir)     1          17.418          -3.635          -3.640         -10.219           20.362
   95 (vir)     1          17.679          -3.025          -1.648          -6.846           19.853
   96 (vir)     1          18.265          -3.043          -2.483          -8.200           20.939
   97 (vir)     1          18.337          -3.143          -2.683          -8.527           21.038
   98 (vir)     1          18.766          -3.969          -2.885          -9.181           21.092
   99 (vir)     1          19.403          -3.109          -2.199          -7.901           21.996
  100 (vir)     1          19.595          -3.969          -3.148          -9.745           22.223
  101 (vir)     1          20.050          -3.167          -2.154          -7.925           22.655
  102 (vir)     1          20.085          -2.565          -2.200          -7.419           22.739
  103 (vir)     1          20.804          -3.611          -3.249          -9.705           23.650
  104 (vir)     1          21.353          -3.890          -1.827          -7.856           23.492
  105 (vir)     1          21.744          -3.991          -3.023          -9.789           24.519
  106 (vir)     1          21.774          -3.201          -1.649          -7.178           24.102
  107 (vir)     1          21.938          -3.026          -1.865          -7.334           24.382
  108 (vir)     1          22.372          -3.557          -2.257          -8.392           24.949
  109 (vir)     1          22.897          -3.167          -1.554          -6.995           25.171
  110 (vir)     1          22.945          -4.150          -3.361         -10.479           25.913
  111 (vir)     1          23.745          -3.136          -2.453          -8.386           26.542
  112 (vir)     1          24.085          -3.749          -2.255          -8.362           26.443
  113 (vir)     1          24.151          -3.209          -2.536          -8.602           27.008
  114 (vir)     1          24.369          -3.942          -1.853          -7.947           26.521
  115 (vir)     1          24.965          -3.437          -2.343          -8.470           27.656
  116 (vir)     1          25.267          -3.806          -2.429          -8.627           27.659
  117 (vir)     1          25.275          -3.577          -2.703          -9.102           28.097
  118 (vir)     1          25.745          -3.520          -2.481          -8.838           28.582
  119 (vir)     1          26.060          -0.153          -3.263          -9.994           32.638
  120 (vir)     1          27.237          -2.901          -3.105         -10.218           31.450
  121 (vir)     1          27.243          -3.958          -1.906          -8.080           29.458
  122 (vir)     1          27.700          -4.013          -2.142          -8.385           29.930
  123 (vir)     1          29.057          -6.057          -3.156         -10.614           30.458
  124 (vir)     1          29.404          -3.489          -2.150          -8.107           31.872
  125 (vir)     1          30.663          -4.332          -2.149          -8.590           32.772
  126 (vir)     1          30.736          -5.593          -2.891          -9.990           32.241
  127 (vir)     1          32.364          -6.845          -2.921         -10.583           33.181
  128 (vir)     1          34.171          -5.630          -2.919         -10.523           36.145
  129 (vir)     1          34.255          -6.114          -2.937         -10.970           36.174
  130 (vir)     1          34.603          -8.295          -2.845         -11.571           35.034
  131 (vir)     1          35.029          -5.910          -3.309         -11.441           37.251
  132 (vir)     1          35.980          -5.915          -2.986         -10.893           37.973
  133 (vir)     1          37.989          -6.291          -2.649         -10.276           39.325
  134 (vir)     1          38.133          -6.167          -3.577         -11.867           40.255
  135 (vir)     1          39.540          -7.310          -3.828         -12.112           40.513
  136 (vir)     1          39.549          -6.341          -1.932          -8.940           40.217
  137 (vir)     1          39.720          -6.763          -2.934         -10.979           41.002
  138 (vir)     1          40.518          -7.056          -2.695         -10.620           41.388
  139 (vir)     1          41.496          -7.712          -3.080         -11.585           42.287
  140 (vir)     1          42.450          -8.924          -3.666         -12.255           42.115
  141 (vir)     1          42.502          -8.658          -3.265         -12.379           42.958
  142 (vir)     1          42.804          -8.648          -3.611         -12.360           42.905
  143 (vir)     1          43.815          -8.181          -3.213         -11.767           44.189
  144 (vir)     1          45.115         -10.291          -3.682         -12.981           44.123
  145 (vir)     1          45.814         -10.443          -3.268         -12.538           44.642
  146 (vir)     1          45.919         -11.387          -3.800         -13.450           44.182
  147 (vir)     1          46.672          -8.937          -3.653         -12.709           46.791
  148 (vir)     1          46.953         -11.045          -3.608         -12.972           45.273
  149 (vir)     1          47.492         -11.263          -3.176         -12.947           46.000
  150 (vir)     1          48.034         -10.996          -3.932         -13.650           46.756
  151 (vir)     1          48.832         -10.382          -3.488         -12.629           47.590
  152 (vir)     1          49.206          -8.025          -3.575         -12.859           50.465
  153 (vir)     1          49.722         -11.029          -3.570         -13.134           48.257
  154 (vir)     1          50.301           5.802          -4.172         -14.025           65.956
  155 (vir)     1          50.955          -9.217          -3.711         -13.599           51.625
  156 (vir)     1          51.984           5.684          -3.573         -13.168           67.263
  157 (vir)     1          52.372           5.310          -3.343         -13.311           67.650
  158 (vir)     1          53.525          -8.990          -3.599         -13.585           54.520
  159 (vir)     1          53.674         -10.998          -3.424         -12.919           52.171
  160 (vir)     1          54.615         -12.339          -3.292         -13.160           52.144
  161 (vir)     1          55.512           5.139          -3.243         -12.883           70.291
  162 (vir)     1          55.846          -8.812          -2.887         -12.233           56.381
  163 (vir)     1          57.139         -11.239          -3.212         -13.374           56.063
  164 (vir)     1          57.648         -11.934          -3.418         -13.634           55.931
  165 (vir)     1          57.842          -5.195          -3.493         -13.101           62.254
  166 (vir)     1          58.286           4.072          -3.463         -14.051           72.946
  167 (vir)     1          58.392          -9.798          -3.000         -12.974           58.569
  168 (vir)     1          58.756          -8.805          -3.223         -13.003           59.731
  169 (vir)     1          59.236           5.054          -2.946         -13.433           74.777
  170 (vir)     1          59.721           5.526          -3.150         -13.368           75.464
  171 (vir)     1          59.823           4.119          -3.231         -13.730           74.440
  172 (vir)     1          60.332           5.241          -3.163         -13.861           76.271
  173 (vir)     1          61.693           3.542          -3.042         -13.589           75.782
  174 (vir)     1          62.257           5.486          -3.330         -13.870           78.283
  175 (vir)     1          62.992           4.535          -3.295         -13.945           78.177
  176 (vir)     1          64.310           4.527          -3.177         -14.270           79.931
  177 (vir)     1          64.827           3.993          -2.953         -13.545           79.413
  178 (vir)     1          65.225           3.508          -2.884         -13.467           79.315
  179 (vir)     1          66.514           4.802          -3.089         -13.918           82.146
  180 (vir)     1          67.197           4.996          -3.150         -14.265           83.308
  181 (vir)     1          67.618           4.831          -2.960         -13.960           83.449
  182 (vir)     1          67.906           4.056          -2.641         -13.988           83.309
  183 (vir)     1          69.192           4.683          -3.115         -14.269           85.029
  184 (vir)     1          69.321           4.005          -2.578         -13.542           84.290
  185 (vir)     1          69.736           3.552          -2.341         -12.840           83.786
  186 (vir)     1          71.135           4.777          -2.856         -13.833           86.889
  187 (vir)     1          71.606           4.187          -2.780         -13.907           86.920
  188 (vir)     1          72.186           4.250          -2.179         -13.456           87.713
  189 (vir)     1          73.637           4.591          -3.176         -14.997           90.049
  190 (vir)     1          74.013           3.971          -2.487         -13.835           89.331
  191 (vir)     1          75.355           4.900          -2.565         -13.849           91.539
  192 (vir)     1          75.522           3.959          -2.467         -13.146           90.160
  193 (vir)     1          76.111           4.134          -3.460         -15.336           92.122
  194 (vir)     1          76.608           3.962          -2.860         -14.480           92.189
  195 (vir)     1          77.397           4.557          -2.802         -14.497           93.648
  196 (vir)     1          77.859           4.810          -3.180         -15.261           94.749
  197 (vir)     1          78.900           4.554          -3.422         -15.722           95.754
  198 (vir)     1          79.565           3.415          -3.074         -15.333           95.239
  199 (vir)     1          80.430           4.777          -2.687         -14.599           97.119
  200 (vir)     1          81.294           4.038          -2.714         -14.260           96.878
  201 (vir)     1          82.352           3.119          -2.592         -14.514           97.393
  202 (vir)     1          83.041           3.804          -2.847         -14.424           98.421
  203 (vir)     1          84.366           3.924          -2.526         -14.278          100.043
  204 (vir)     1          84.785           3.771          -2.499         -14.283          100.339
  205 (vir)     1          86.128           4.461          -2.812         -15.631          103.408
  206 (vir)     1          86.377           3.366          -2.469         -14.229          101.503
  207 (vir)     1          86.877           4.194          -2.578         -14.528          103.020
  208 (vir)     1          87.445           4.037          -2.556         -14.722          103.648
  209 (vir)     1          89.393           3.856          -2.583         -14.670          105.336
  210 (vir)     1          89.692           2.684          -2.314         -13.989          104.052
  211 (vir)     1          90.210           3.219          -2.708         -14.980          105.701
  212 (vir)     1          90.612           2.925          -2.774         -15.485          106.249
  213 (vir)     1          91.694           3.616          -3.024         -15.805          108.091
  214 (vir)     1          92.920           3.910          -2.900         -15.627          109.556
  215 (vir)     1          95.888           2.594          -2.928         -15.301          110.855
  216 (vir)     1          97.349           2.456          -2.106         -13.613          111.313
  217 (vir)     1         100.374           3.577          -2.706         -15.966          117.211
  218 (vir)     1         101.891           2.671          -2.469         -14.903          116.996
  219 (vir)     1         105.753           3.638          -2.860         -16.601          123.132
  220 (vir)     1         109.669           3.068          -2.701         -16.160          126.196
  221 (vir)     1         113.786           2.443          -2.531         -15.724          129.421
  222 (vir)     1         115.059           2.418          -3.073         -16.926          131.330
  223 (vir)     1         122.724           2.909          -2.858         -17.537          140.313
  224 (vir)     1         127.116           2.652          -2.741         -17.331          144.357
  225 (vir)     1         128.808           3.940          -3.318         -18.896          148.325
  226 (vir)     1         130.707           3.798          -3.465         -19.302          150.341
  227 (vir)     1         131.131           2.816          -2.786         -17.304          148.466
  228 (vir)     1         132.720           3.125          -3.730         -19.597          151.711
  229 (vir)     1         133.803           3.235          -3.790         -19.864          153.113
  230 (vir)     1         136.189           4.264          -3.251         -18.812          156.014
  231 (vir)     1         139.620           3.621          -3.204         -18.876          158.913
  232 (vir)     1         140.807           2.314          -2.698         -17.378          157.801
  233 (vir)     1         152.146           2.603          -1.820         -15.869          168.798
  234 (vir)     1         161.686           2.551          -1.655         -15.676          178.258
  235 (vir)     1         163.312           2.619          -1.565         -15.295          179.662
  236 (vir)     1         164.504           2.525          -1.589         -15.612          181.052
  237 (vir)     1         179.109           1.386          -5.203         -23.133          198.424
  238 (vir)     1         179.501           1.365          -5.129         -23.054          198.790
  239 (vir)     1         179.813           1.343          -5.159         -23.081          199.077
  240 (vir)     1         181.916           1.333          -4.932         -23.034          201.351
  241 (vir)     1         183.503           1.661          -4.860         -23.018          203.323
  242 (vir)     1         184.489           1.625          -4.586         -22.983          204.511
  243 (vir)     1         184.688           1.812          -4.832         -22.971          204.638
  244 (vir)     1         188.817           1.655          -4.799         -23.069          208.742
  245 (vir)     1         190.262           1.561          -5.009         -23.232          210.045
  246 (vir)     1         192.299           1.594          -4.885         -23.057          212.065
  247 (vir)     1         204.919           4.716          -1.816         -15.539          223.358
  248 (vir)     1         229.117           4.892          -2.041         -17.034          249.002
  249 (vir)     1         232.213           4.603          -2.017         -17.210          252.009
  250 (vir)     1         234.221           4.863          -1.875         -16.730          253.938
  251 (vir)     1         236.176           0.890          -3.076         -21.596          255.586
  252 (vir)     1         236.752           4.627          -1.634         -16.047          255.793
  253 (vir)     1         238.677           0.925          -3.068         -21.777          258.311
  254 (vir)     1         239.020           0.881          -3.207         -21.836          258.530
  255 (vir)     1         239.639           0.882          -2.916         -21.157          258.762
  256 (vir)     1         240.372           0.980          -3.253         -22.029          260.128
  257 (vir)     1         240.818           1.038          -2.574         -20.004          259.287
  258 (vir)     1         240.912           0.903          -2.976         -21.345          260.183
  259 (vir)     1         242.533           0.890          -3.048         -22.037          262.412
  260 (vir)     1         242.565           1.902          -2.008         -17.797          260.257
  261 (vir)     1         243.692           1.008          -2.714         -20.079          262.065
  262 (vir)     1         244.422           0.947          -3.233         -21.587          263.723
  263 (vir)     1         244.495           1.158          -3.261         -22.257          264.649
  264 (vir)     1         245.542           1.601          -3.154         -21.157          265.145
  265 (vir)     1         247.066           0.703          -3.295         -22.185          266.658
  266 (vir)     1         251.603           1.803          -2.537         -19.432          270.301
  267 (vir)     1         260.633           4.227          -2.247         -17.922          280.535
  268 (vir)     1         279.011           4.461          -2.671         -19.440          300.241
 
