 
  kpoint:       1             coordinate:     0.0000    0.0000    0.0000                  spin:  1
 
    n           k   ϵ_nk^DFT (eV)     Σ^c_nk (eV)     Σ^x_nk (eV)    v_nk^xc (eV)   ϵ_nk^G0W0 (eV)
 
    1 (occ)     1         -19.783           7.493         -23.693         -14.806          -21.177
    2 (occ)     1         -17.262           5.604         -20.575         -13.407          -18.826
    3 (occ)     1         -14.276           3.722         -20.843         -14.191          -17.206
    4 (occ)     1         -11.726           2.556         -19.821         -14.295          -14.697
    5 (occ)     1         -10.646           1.969         -19.498         -14.528          -13.646
    6 (occ)     1          -8.612           0.899         -17.091         -13.278          -11.525
    7 (occ)     1          -8.000           1.210         -15.853         -12.088          -10.554
    8 (occ)     1          -6.428           0.764         -14.352         -10.888           -9.129
    9 (occ)     1          -6.021           0.416         -14.571         -11.565           -8.611
   10 (vir)     1          -1.643          -1.823          -5.964         -10.590            1.161
   11 (vir)     1          -1.520          -2.239          -6.278         -11.392            1.356
   12 (vir)     1          -0.192          -0.719          -1.029          -3.244            1.304
   13 (vir)     1           0.302          -0.672          -0.920          -2.992            1.702
   14 (vir)     1           0.385          -0.635          -0.861          -2.975            1.863
   15 (vir)     1           0.934          -0.483          -0.596          -2.231            2.086
   16 (vir)     1           1.386          -0.413          -0.573          -2.187            2.587
   17 (vir)     1           1.577          -0.463          -0.664          -2.358            2.808
   18 (vir)     1           1.682          -0.478          -0.733          -2.407            2.878
   19 (vir)     1           1.743          -0.569          -0.835          -2.777            3.116
   20 (vir)     1           1.900          -0.386          -0.491          -2.150            3.173
   21 (vir)     1           2.557          -0.738          -1.460          -4.081            4.441
   22 (vir)     1           2.801          -0.769          -1.270          -3.735            4.496
   23 (vir)     1           3.176          -0.609          -0.927          -3.088            4.728
   24 (vir)     1           3.310          -1.033          -1.810          -4.577            5.043
   25 (vir)     1           3.751          -0.989          -1.594          -4.375            5.543
   26 (vir)     1           4.066          -0.882          -1.315          -3.719            5.588
   27 (vir)     1           4.906          -0.948          -1.444          -4.217            6.731
   28 (vir)     1           5.071          -1.365          -1.993          -5.344            7.057
   29 (vir)     1           5.239          -1.271          -1.923          -5.222            7.267
   30 (vir)     1           5.471          -0.965          -2.376          -5.955            8.085
   31 (vir)     1           5.903          -1.295          -1.660          -4.944            7.893
   32 (vir)     1           6.005          -0.936          -1.251          -4.127            7.945
   33 (vir)     1           6.248          -1.245          -2.263          -5.896            8.636
   34 (vir)     1           6.350          -1.189          -2.099          -5.889            8.950
   35 (vir)     1           6.633          -1.558          -1.989          -5.669            8.755
   36 (vir)     1           7.201          -1.269          -2.066          -5.616            9.482
   37 (vir)     1           8.004          -1.588          -2.035          -5.945           10.326
   38 (vir)     1           8.145          -2.137          -1.308          -5.013            9.713
   39 (vir)     1           8.446          -2.133          -1.920          -6.090           10.483
   40 (vir)     1           8.488          -1.430          -1.849          -5.196           10.405
   41 (vir)     1           9.555          -1.876          -1.354          -5.207           11.532
   42 (vir)     1          10.807          -1.957          -1.721          -5.967           13.097
   43 (vir)     1          10.850          -0.794          -1.135          -4.782           13.704
   44 (vir)     1          11.147          -2.144          -1.776          -6.249           13.476
   45 (vir)     1          12.420          -2.719          -2.052          -6.944           14.594
   46 (vir)     1          12.728          -1.249          -1.462          -5.825           15.842
   47 (vir)     1          13.187          -2.508          -2.009          -6.763           15.433
   48 (vir)     1          14.073          -2.866          -2.193          -7.359           16.374
   49 (vir)     1          14.527          -3.863          -3.172          -9.352           16.843
   50 (vir)     1          14.857          -2.920          -2.304          -7.678           17.312
   51 (vir)     1          14.931          -1.627          -0.974          -5.225           17.555
   52 (vir)     1          15.430          -2.687          -2.012          -7.068           17.799
   53 (vir)     1          16.002          -3.431          -2.350          -7.997           18.218
   54 (vir)     1          16.793          -4.331          -2.887          -9.289           18.864
   55 (vir)     1          17.247          -3.319          -2.176          -7.946           19.698
   56 (vir)     1          18.516          -1.469          -1.242          -5.968           21.773
   57 (vir)     1          18.603          -2.621          -0.990          -5.911           20.903
   58 (vir)     1          18.901          -2.979          -1.729          -6.795           20.988
   59 (vir)     1          19.502          -2.857          -0.995          -5.597           21.246
   60 (vir)     1          19.894          -3.329          -1.571          -7.125           22.119
   61 (vir)     1          21.423          -2.972          -1.315          -6.505           23.641
   62 (vir)     1          21.854          -3.025          -1.169          -6.880           24.540
   63 (vir)     1          24.474          -4.252          -1.625          -7.400           25.997
   64 (vir)     1          25.452          -1.228          -1.704          -7.982           30.502
   65 (vir)     1          25.716          -4.788          -1.201          -6.478           26.205
   66 (vir)     1          27.610          -4.696          -1.655          -7.311           28.570
   67 (vir)     1          27.632          -1.324          -3.443         -11.564           34.429
   68 (vir)     1          29.228          -7.786          -2.532          -9.409           28.319
   69 (vir)     1          31.090          -9.124          -2.695         -10.534           29.805
   70 (vir)     1          31.395          -8.622          -2.238          -9.177           29.712
   71 (vir)     1          31.784           2.428          -2.892         -11.308           42.627
   72 (vir)     1          34.158          -4.535          -3.170         -11.372           37.825
   73 (vir)     1          34.629          -6.900          -2.524         -10.630           35.835
   74 (vir)     1          34.814          -7.311          -2.952         -11.070           35.621
   75 (vir)     1          35.274          -6.046          -2.273         -10.279           37.234
   76 (vir)     1          35.883          -7.560          -3.311         -12.249           37.261
   77 (vir)     1          37.994           3.315          -2.414         -10.499           49.393
   78 (vir)     1          39.280          -8.455          -2.190          -9.758           38.393
   79 (vir)     1          40.339           2.051          -1.598          -9.094           49.886
   80 (vir)     1          41.054         -10.550          -2.840         -12.125           39.789
   81 (vir)     1          41.746          -5.071          -2.774         -11.494           45.395
   82 (vir)     1          43.876           4.072          -2.317         -11.312           56.943
   83 (vir)     1          45.202          -9.339          -2.521         -11.675           45.018
   84 (vir)     1          46.573           3.780          -2.051         -11.107           59.410
   85 (vir)     1          46.802           2.937          -2.459         -12.295           59.576
   86 (vir)     1          47.784           3.289          -2.304         -11.736           60.505
   87 (vir)     1          48.006           2.698          -2.471         -12.356           60.589
   88 (vir)     1          49.630           1.693          -2.002         -11.433           60.754
   89 (vir)     1          52.082           1.223          -2.142         -11.872           63.034
   90 (vir)     1          52.801           3.094          -2.281         -11.785           65.401
   91 (vir)     1          53.430           3.061          -2.600         -12.373           66.263
   92 (vir)     1          58.040           3.060          -2.391         -12.179           70.887
   93 (vir)     1          58.728           4.408          -2.561         -13.099           73.673
   94 (vir)     1          59.975           3.312          -2.390         -12.251           73.147
   95 (vir)     1          62.458           3.594          -2.382         -12.926           76.596
   96 (vir)     1          63.442           3.497          -2.612         -13.526           77.852
   97 (vir)     1          63.585           3.758          -2.505         -13.132           77.970
   98 (vir)     1          65.377           3.099          -2.480         -13.053           79.049
   99 (vir)     1          68.871           2.793          -1.986         -11.735           81.413
  100 (vir)     1          70.282           3.099          -2.265         -13.336           84.452
  101 (vir)     1          71.860           4.017          -2.299         -13.778           87.356
  102 (vir)     1          72.073           3.158          -1.995         -13.365           86.601
  103 (vir)     1          76.007           3.266          -2.240         -13.545           90.578
  104 (vir)     1          78.347           2.860          -2.359         -13.913           92.761
  105 (vir)     1          85.248           2.166          -2.309         -14.040           99.145
  106 (vir)     1          86.814           2.469          -2.614         -14.723          101.392
  107 (vir)     1          95.014           1.397          -2.546         -15.152          109.016
  108 (vir)     1         111.699           1.612          -1.798         -12.969          124.482
  109 (vir)     1         114.163           1.415          -1.138          -9.574          124.013
  110 (vir)     1         156.203           2.383          -1.753         -16.007          172.840
  111 (vir)     1         162.505           2.512          -1.657         -15.841          179.201
  112 (vir)     1         163.972           2.539          -1.628         -15.832          180.715
  113 (vir)     1         198.602           4.254          -0.888         -12.204          214.172
  114 (vir)     1         240.496          10.811          -0.834         -13.383          263.856
 
