 
  kpoint:       1             coordinate:     0.0000    0.0000    0.0000                  spin:  1
 
    n           k   ϵ_nk^DFT (eV)     Σ^c_nk (eV)     Σ^x_nk (eV)    v_nk^xc (eV)   ϵ_nk^G0W0 (eV)
 
    1 (occ)     1         -26.341           9.148         -29.125         -17.819          -28.500
    2 (occ)     1         -25.741           8.879         -29.269         -18.167          -27.964
    3 (occ)     1         -25.240           8.542         -29.050         -18.121          -27.627
    4 (occ)     1         -22.979           4.187         -27.531         -17.577          -28.747
    5 (occ)     1         -22.744           7.584         -28.075         -18.019          -25.216
    6 (occ)     1         -21.974           6.862         -27.571         -17.775          -24.908
    7 (occ)     1         -18.935           5.663         -25.298         -16.691          -21.879
    8 (occ)     1         -16.843           4.230         -23.842         -16.622          -19.832
    9 (occ)     1         -16.460           3.986         -24.196         -16.997          -19.672
   10 (occ)     1         -15.578           4.967         -23.612         -16.684          -17.539
   11 (occ)     1         -14.995           3.150         -22.980         -16.677          -18.147
   12 (occ)     1         -13.666           3.372         -22.826         -16.857          -16.263
   13 (occ)     1         -13.533           2.688         -22.805         -16.943          -16.707
   14 (occ)     1         -12.797           2.545         -22.515         -16.633          -16.134
   15 (occ)     1         -12.061           2.892         -22.678         -16.949          -14.898
   16 (occ)     1         -11.812           3.930         -20.206         -14.567          -13.520
   17 (occ)     1         -11.406           2.270         -22.496         -17.327          -14.305
   18 (occ)     1         -10.633           3.186         -20.885         -15.654          -12.679
   19 (occ)     1         -10.577           2.992         -21.272         -16.073          -12.785
   20 (occ)     1         -10.001           3.925         -25.766         -19.106          -12.736
   21 (occ)     1          -9.629           2.565         -20.510         -15.531          -12.043
   22 (occ)     1          -7.819           2.071         -19.547         -15.345           -9.950
   23 (occ)     1          -7.620           2.949         -21.787         -16.386          -10.072
   24 (occ)     1          -7.081           1.455         -19.372         -15.805           -9.194
   25 (occ)     1          -7.042           2.207         -21.436         -17.041           -9.230
   26 (occ)     1          -6.327           2.628         -22.378         -17.155           -8.921
   27 (occ)     1          -5.995           3.138         -24.289         -18.641           -8.505
   28 (occ)     1          -5.289           0.357         -17.757         -15.368           -7.320
   29 (vir)     1          -1.414          -2.554          -9.003         -13.983            1.012
   30 (vir)     1          -1.299          -2.611          -9.402         -14.496            1.185
   31 (vir)     1          -0.999          -1.256          -2.434          -5.387            0.698
   32 (vir)     1          -0.562          -1.015          -1.531          -4.019            0.911
   33 (vir)     1          -0.205          -2.825          -7.473         -12.606            2.104
   34 (vir)     1          -0.094          -1.217          -2.407          -5.259            1.541
   35 (vir)     1           0.278          -0.910          -1.131          -3.368            1.605
   36 (vir)     1           0.426          -0.728          -0.990          -2.878            1.586
   37 (vir)     1           0.483          -0.812          -1.067          -3.124            1.727
   38 (vir)     1           0.750          -1.044          -1.589          -4.140            2.257
   39 (vir)     1           0.960          -0.650          -0.842          -2.575            2.043
   40 (vir)     1           1.227          -0.826          -1.147          -3.277            2.530
   41 (vir)     1           1.349          -0.713          -0.837          -2.728            2.527
   42 (vir)     1           1.469          -0.574          -0.735          -2.337            2.498
   43 (vir)     1           1.668          -0.831          -0.948          -3.062            2.951
   44 (vir)     1           1.882          -0.711          -0.893          -2.730            3.008
   45 (vir)     1           2.045          -0.858          -1.162          -3.268            3.293
   46 (vir)     1           2.100          -0.668          -0.748          -2.511            3.195
   47 (vir)     1           2.322          -0.850          -1.186          -3.329            3.615
   48 (vir)     1           2.583          -2.048          -3.214          -6.813            4.134
   49 (vir)     1           2.613          -0.632          -0.562          -2.273            3.692
   50 (vir)     1           2.696          -0.963          -1.397          -3.516            3.852
   51 (vir)     1           2.820          -1.251          -2.101          -4.897            4.366
   52 (vir)     1           2.985          -2.071          -3.233          -6.849            4.529
   53 (vir)     1           3.129          -1.166          -1.800          -4.318            4.482
   54 (vir)     1           3.183          -1.707          -2.481          -5.628            4.623
   55 (vir)     1           3.240          -1.155          -1.973          -4.506            4.617
   56 (vir)     1           3.323          -1.122          -1.855          -4.383            4.728
   57 (vir)     1           3.484          -1.352          -2.073          -4.938            4.997
   58 (vir)     1           3.689          -1.318          -2.250          -5.059            5.180
   59 (vir)     1           3.719          -0.729          -0.873          -2.759            4.876
   60 (vir)     1           3.816          -1.296          -2.076          -4.917            5.361
   61 (vir)     1           3.936          -1.588          -2.905          -6.273            5.716
   62 (vir)     1           4.050          -1.690          -3.063          -6.526            5.822
   63 (vir)     1           4.239          -1.447          -2.305          -5.363            5.849
   64 (vir)     1           4.344          -0.984          -1.361          -3.697            5.696
   65 (vir)     1           4.427          -0.794          -0.821          -2.776            5.587
   66 (vir)     1           4.526          -1.265          -1.777          -4.526            6.011
   67 (vir)     1           4.882          -1.665          -2.599          -6.007            6.625
   68 (vir)     1           5.089          -1.597          -2.675          -5.963            6.779
   69 (vir)     1           5.207          -0.880          -0.952          -3.112            6.488
   70 (vir)     1           5.380          -1.465          -2.546          -5.667            7.036
   71 (vir)     1           5.467          -1.153          -1.242          -3.910            6.982
   72 (vir)     1           5.691          -1.087          -0.997          -3.458            7.066
   73 (vir)     1           5.888          -1.472          -1.976          -5.143            7.582
   74 (vir)     1           5.996          -1.761          -2.662          -6.252            7.826
   75 (vir)     1           6.239          -1.478          -1.818          -5.098            8.041
   76 (vir)     1           6.263          -1.486          -1.925          -5.018            7.871
   77 (vir)     1           6.499          -2.342          -3.565          -7.931            8.524
   78 (vir)     1           6.598          -2.080          -2.903          -6.925            8.539
   79 (vir)     1           6.862          -1.368          -1.715          -4.793            8.572
   80 (vir)     1           7.056          -1.771          -2.171          -5.837            8.951
   81 (vir)     1           7.206          -1.623          -1.872          -5.238            8.949
   82 (vir)     1           7.297          -1.605          -1.763          -5.144            9.073
   83 (vir)     1           7.399          -2.814          -4.519          -9.617            9.683
   84 (vir)     1           7.503          -1.722          -1.877          -5.355            9.259
   85 (vir)     1           7.705          -2.968          -4.303          -9.548            9.983
   86 (vir)     1           8.003          -1.846          -2.607          -6.432            9.981
   87 (vir)     1           8.192          -1.663          -1.895          -5.439           10.073
   88 (vir)     1           8.588          -2.617          -3.697          -8.561           10.835
   89 (vir)     1           8.955          -1.820          -1.585          -4.997           10.547
   90 (vir)     1           9.041          -2.385          -2.840          -7.154           10.971
   91 (vir)     1           9.244          -2.473          -2.735          -7.306           11.342
   92 (vir)     1           9.374          -1.896          -2.261          -6.121           11.338
   93 (vir)     1           9.662          -2.561          -2.972          -7.574           11.703
   94 (vir)     1           9.722          -2.616          -2.711          -7.260           11.654
   95 (vir)     1          10.000          -2.709          -2.720          -7.414           11.986
   96 (vir)     1          10.283          -2.700          -2.877          -7.690           12.396
   97 (vir)     1          10.474          -3.337          -4.052          -9.812           12.897
   98 (vir)     1          10.694          -2.467          -2.904          -7.437           12.761
   99 (vir)     1          11.238          -2.417          -2.609          -7.211           13.424
  100 (vir)     1          11.332          -2.724          -2.798          -7.785           13.595
  101 (vir)     1          11.462          -2.492          -2.500          -7.127           13.596
  102 (vir)     1          11.688          -2.242          -2.128          -6.437           13.754
  103 (vir)     1          11.722          -2.762          -1.904          -6.478           13.533
  104 (vir)     1          12.255          -2.392          -2.240          -6.655           14.278
  105 (vir)     1          12.370          -2.686          -2.489          -7.379           14.574
  106 (vir)     1          12.493          -2.905          -2.796          -7.966           14.757
  107 (vir)     1          12.645          -2.717          -2.721          -7.641           14.848
  108 (vir)     1          12.721          -2.765          -2.598          -7.448           14.806
  109 (vir)     1          12.873          -2.383          -2.177          -6.738           15.050
  110 (vir)     1          13.113          -2.746          -2.084          -6.826           15.109
  111 (vir)     1          13.546          -2.946          -2.553          -7.740           15.787
  112 (vir)     1          13.805          -2.952          -2.409          -7.350           15.794
  113 (vir)     1          13.931          -2.834          -2.106          -7.024           16.014
  114 (vir)     1          14.194          -3.086          -2.685          -8.119           16.542
  115 (vir)     1          14.464          -3.494          -3.116          -8.976           16.829
  116 (vir)     1          14.758          -3.761          -2.149          -7.299           16.147
  117 (vir)     1          15.148          -5.309          -4.815         -12.830           17.855
  118 (vir)     1          15.552          -3.652          -3.077          -9.017           17.840
  119 (vir)     1          15.793          -4.619          -4.246         -11.568           18.496
  120 (vir)     1          15.932          -4.477          -3.938         -11.050           18.567
  121 (vir)     1          16.345          -3.329          -2.276          -7.655           18.396
  122 (vir)     1          16.675          -3.397          -2.462          -8.165           18.982
  123 (vir)     1          16.848          -2.887          -2.403          -7.595           19.152
  124 (vir)     1          17.086          -2.522          -2.041          -6.788           19.311
  125 (vir)     1          17.227          -2.794          -2.232          -7.252           19.453
  126 (vir)     1          17.628          -1.987          -1.384          -5.312           19.569
  127 (vir)     1          17.931          -3.474          -2.397          -8.021           20.081
  128 (vir)     1          18.030          -3.254          -2.373          -7.873           20.276
  129 (vir)     1          18.344          -3.556          -2.322          -7.961           20.427
  130 (vir)     1          18.790          -2.756          -1.785          -6.737           20.986
  131 (vir)     1          18.935          -3.544          -2.027          -7.560           20.924
  132 (vir)     1          19.335          -3.158          -2.159          -7.520           21.537
  133 (vir)     1          19.859          -3.499          -2.361          -8.163           22.161
  134 (vir)     1          20.164          -3.758          -1.906          -7.381           21.880
  135 (vir)     1          20.507          -4.074          -2.448          -8.606           22.591
  136 (vir)     1          20.672          -3.688          -2.723          -8.842           23.103
  137 (vir)     1          20.868          -3.450          -2.154          -7.728           22.991
  138 (vir)     1          20.929          -3.850          -2.515          -8.826           23.390
  139 (vir)     1          21.221          -3.702          -2.092          -7.918           23.344
  140 (vir)     1          21.461          -3.714          -2.088          -7.781           23.439
  141 (vir)     1          21.567          -3.455          -2.545          -8.527           24.094
  142 (vir)     1          21.779          -3.410          -2.351          -8.137           24.154
  143 (vir)     1          22.161          -3.796          -2.431          -8.532           24.466
  144 (vir)     1          22.255          -4.288          -2.331          -8.497           24.133
  145 (vir)     1          22.746          -3.476          -2.276          -8.188           25.182
  146 (vir)     1          22.850          -4.138          -2.645          -9.166           25.234
  147 (vir)     1          23.121          -4.143          -2.578          -9.155           25.555
  148 (vir)     1          23.664          -3.679          -2.276          -8.201           25.909
  149 (vir)     1          23.904          -4.150          -3.131          -9.820           26.443
  150 (vir)     1          24.127          -4.012          -2.174          -8.228           26.169
  151 (vir)     1          24.438          -3.556          -1.846          -7.619           26.655
  152 (vir)     1          24.575          -3.719          -1.838          -7.579           26.597
  153 (vir)     1          25.106          -4.434          -2.942          -9.897           27.627
  154 (vir)     1          25.374          -4.521          -2.309          -8.682           27.226
  155 (vir)     1          25.746          -4.553          -2.692          -9.517           28.017
  156 (vir)     1          26.064          -4.069          -2.364          -8.601           28.231
  157 (vir)     1          26.250          -4.409          -2.341          -8.648           28.148
  158 (vir)     1          26.801          -4.750          -2.894          -9.832           28.989
  159 (vir)     1          26.977          -4.530          -2.246          -8.682           28.883
  160 (vir)     1          27.256          -4.804          -2.255          -8.688           28.885
  161 (vir)     1          27.506          -5.233          -2.873          -9.578           28.978
  162 (vir)     1          28.377          -4.135          -1.995          -8.127           30.374
  163 (vir)     1          28.510           2.083          -3.168         -10.333           37.757
  164 (vir)     1          28.811          -4.125          -2.151          -8.308           30.842
  165 (vir)     1          28.908          -4.525          -2.117          -8.494           30.760
  166 (vir)     1          29.113          -3.988          -1.962          -8.047           31.210
  167 (vir)     1          30.075          -8.034          -2.637          -9.801           29.205
  168 (vir)     1          30.780          -4.882          -2.477          -9.253           32.675
  169 (vir)     1          31.242          -5.165          -2.430          -9.159           32.806
  170 (vir)     1          31.487          -5.151          -2.394          -8.994           32.936
  171 (vir)     1          31.830          -4.058          -1.996          -8.011           33.787
  172 (vir)     1          32.356          -4.719          -2.308          -9.107           34.436
  173 (vir)     1          34.123          -5.755          -2.778         -10.004           35.593
  174 (vir)     1          34.864          -7.010          -2.504          -9.954           35.303
  175 (vir)     1          35.102          -6.338          -2.910         -10.528           36.383
  176 (vir)     1          35.586          -6.702          -3.079         -11.041           36.846
  177 (vir)     1          35.927          -6.908          -2.933         -10.646           36.732
  178 (vir)     1          36.808          -7.043          -3.291         -11.408           37.883
  179 (vir)     1          37.397          -7.081          -2.739         -10.526           38.103
  180 (vir)     1          38.084          -7.304          -2.775         -10.728           38.734
  181 (vir)     1          38.439          -6.697          -2.607         -10.339           39.474
  182 (vir)     1          39.154          -7.834          -3.534         -11.735           39.520
  183 (vir)     1          39.194          -7.196          -2.926         -11.145           40.217
  184 (vir)     1          40.002          -7.759          -3.126         -11.488           40.605
  185 (vir)     1          40.351          -9.059          -3.201         -11.703           39.794
  186 (vir)     1          41.014           1.966          -3.586         -12.444           51.837
  187 (vir)     1          41.240           4.795          -3.851         -12.630           54.815
  188 (vir)     1          41.962          -8.237          -3.117         -11.487           42.095
  189 (vir)     1          42.143          -8.810          -3.465         -12.304           42.173
  190 (vir)     1          42.584          -8.263          -2.573         -10.552           42.300
  191 (vir)     1          43.363         -10.474          -3.397         -12.797           42.288
  192 (vir)     1          44.051          -9.123          -3.034         -11.581           43.475
  193 (vir)     1          44.330          -8.755          -2.974         -11.701           44.301
  194 (vir)     1          45.233         -10.106          -3.201         -12.505           44.431
  195 (vir)     1          45.475         -10.501          -3.118         -12.281           44.136
  196 (vir)     1          46.195         -11.191          -3.501         -13.069           44.571
  197 (vir)     1          46.388          -9.606          -3.509         -12.592           45.864
  198 (vir)     1          46.705         -10.930          -3.394         -12.992           45.373
  199 (vir)     1          47.413         -10.453          -3.432         -12.838           46.366
  200 (vir)     1          47.535         -10.973          -3.419         -12.856           45.999
  201 (vir)     1          48.144         -11.552          -3.397         -12.891           46.086
  202 (vir)     1          48.667         -11.589          -3.492         -13.286           46.872
  203 (vir)     1          48.969          -9.023          -3.223         -12.735           49.458
  204 (vir)     1          49.340         -10.913          -3.019         -12.492           47.901
  205 (vir)     1          49.487          -8.502          -3.229         -12.903           50.659
  206 (vir)     1          50.323         -11.355          -3.048         -12.616           48.536
  207 (vir)     1          50.584           6.143          -3.675         -13.365           66.417
  208 (vir)     1          51.111          -8.966          -3.392         -13.102           51.855
  209 (vir)     1          51.437         -11.197          -3.047         -12.448           49.642
  210 (vir)     1          51.523          -9.100          -3.706         -13.879           52.595
  211 (vir)     1          52.042          -9.282          -3.545         -13.274           52.489
  212 (vir)     1          52.402          -8.596          -3.274         -12.984           53.516
  213 (vir)     1          52.486         -11.495          -3.394         -13.048           50.645
  214 (vir)     1          53.143         -11.794          -2.967         -12.595           50.977
  215 (vir)     1          53.461          -9.813          -2.879         -12.521           53.290
  216 (vir)     1          54.136         -12.447          -2.959         -12.882           51.612
  217 (vir)     1          54.573         -12.101          -3.129         -12.895           52.238
  218 (vir)     1          55.085         -11.925          -3.140         -13.273           53.292
  219 (vir)     1          55.545         -10.712          -3.111         -13.271           54.994
  220 (vir)     1          56.230           5.793          -3.469         -13.637           72.192
  221 (vir)     1          56.448           5.743          -3.297         -13.618           72.512
  222 (vir)     1          56.629           5.631          -3.376         -13.521           72.405
  223 (vir)     1          56.860           5.656          -3.069         -13.066           72.514
  224 (vir)     1          56.958         -11.504          -3.060         -13.143           55.537
  225 (vir)     1          57.240           5.048          -3.084         -13.326           72.529
  226 (vir)     1          57.403           5.650          -3.070         -13.092           73.076
  227 (vir)     1          57.902           5.384          -3.225         -13.436           73.497
  228 (vir)     1          58.248           4.963          -3.156         -13.409           73.463
  229 (vir)     1          58.902         -10.400          -2.957         -12.975           58.521
  230 (vir)     1          59.316           4.705          -2.854         -13.042           74.209
  231 (vir)     1          59.369           3.424          -3.295         -13.730           73.228
  232 (vir)     1          60.118           5.813          -3.364         -14.250           76.817
  233 (vir)     1          60.264           3.989          -3.090         -13.259           74.423
  234 (vir)     1          60.791           5.073          -2.886         -13.334           76.312
  235 (vir)     1          60.909           4.776          -2.893         -13.297           76.088
  236 (vir)     1          61.202           4.649          -3.005         -13.545           76.391
  237 (vir)     1          61.959           4.941          -3.105         -13.928           77.723
  238 (vir)     1          62.203           4.499          -2.824         -13.147           77.025
  239 (vir)     1          62.853           4.292          -2.945         -13.439           77.640
  240 (vir)     1          63.617           4.831          -2.827         -13.492           79.113
  241 (vir)     1          63.805           4.733          -2.947         -13.551           79.143
  242 (vir)     1          63.910           5.245          -2.747         -13.244           79.652
  243 (vir)     1          64.710           4.585          -2.889         -13.601           80.007
  244 (vir)     1          64.933           3.343          -2.680         -13.448           79.043
  245 (vir)     1          65.158           4.759          -3.276         -14.031           80.672
  246 (vir)     1          65.825           4.807          -2.784         -13.078           80.926
  247 (vir)     1          66.019           5.025          -2.993         -13.722           81.773
  248 (vir)     1          66.536           4.747          -2.813         -13.653           82.122
  249 (vir)     1          67.205           5.139          -2.896         -13.707           83.155
  250 (vir)     1          67.654           4.336          -2.740         -13.662           82.912
  251 (vir)     1          67.826           4.128          -2.522         -13.536           82.968
  252 (vir)     1          68.523           4.104          -2.676         -13.551           83.502
  253 (vir)     1          69.028           4.210          -2.614         -13.364           83.988
  254 (vir)     1          69.397           5.201          -2.968         -14.138           85.769
  255 (vir)     1          70.544           4.333          -2.724         -13.746           85.898
  256 (vir)     1          70.664           4.315          -2.662         -13.802           86.119
  257 (vir)     1          71.218           4.535          -2.948         -14.561           87.366
  258 (vir)     1          71.563           4.573          -2.948         -14.385           87.573
  259 (vir)     1          71.636           4.616          -2.660         -14.032           87.623
  260 (vir)     1          72.058           4.828          -2.455         -13.639           88.070
  261 (vir)     1          72.958           4.667          -2.566         -13.808           88.868
  262 (vir)     1          73.284           4.723          -2.749         -13.966           89.224
  263 (vir)     1          74.036           4.094          -2.846         -14.340           89.624
  264 (vir)     1          74.131           4.641          -2.839         -14.245           90.178
  265 (vir)     1          74.805           4.701          -2.798         -14.182           90.889
  266 (vir)     1          75.000           5.229          -2.662         -13.803           91.371
  267 (vir)     1          75.238           4.423          -2.541         -13.907           91.028
  268 (vir)     1          75.724           4.212          -2.723         -14.116           91.328
  269 (vir)     1          75.992           5.493          -2.600         -14.393           93.278
  270 (vir)     1          76.504           4.317          -2.594         -14.220           92.447
  271 (vir)     1          77.102           5.017          -2.785         -14.543           93.878
  272 (vir)     1          77.392           4.501          -2.673         -14.251           93.469
  273 (vir)     1          77.610           4.354          -2.639         -14.129           93.454
  274 (vir)     1          78.317           4.346          -2.535         -14.027           94.155
  275 (vir)     1          79.005           4.647          -2.618         -14.202           95.236
  276 (vir)     1          79.289           4.484          -2.639         -14.603           95.737
  277 (vir)     1          79.476           4.844          -2.682         -14.778           96.417
  278 (vir)     1          80.960           4.732          -2.654         -14.845           97.883
  279 (vir)     1          81.089           5.109          -2.659         -14.905           98.443
  280 (vir)     1          81.765           4.028          -2.788         -14.974           97.978
  281 (vir)     1          81.887           4.637          -2.865         -15.149           98.807
  282 (vir)     1          82.613           4.806          -2.811         -15.199           99.807
  283 (vir)     1          83.138           3.697          -2.302         -13.940           98.473
  284 (vir)     1          83.462           4.355          -2.647         -14.816           99.987
  285 (vir)     1          83.689           3.569          -2.524         -14.604           99.338
  286 (vir)     1          83.823           3.797          -2.596         -14.705           99.728
  287 (vir)     1          85.361           4.152          -2.545         -14.280          101.248
  288 (vir)     1          85.829           3.547          -2.585         -14.786          101.576
  289 (vir)     1          86.283           4.732          -2.520         -14.946          103.441
  290 (vir)     1          86.456           4.564          -2.568         -14.751          103.203
  291 (vir)     1          86.920           4.828          -2.742         -15.518          104.525
  292 (vir)     1          87.175           4.819          -2.722         -15.527          104.799
  293 (vir)     1          87.222           3.582          -2.568         -15.120          103.356
  294 (vir)     1          87.966           3.833          -2.425         -14.878          104.252
  295 (vir)     1          88.799           4.592          -2.584         -14.794          105.602
  296 (vir)     1          88.867           4.323          -2.647         -15.353          105.896
  297 (vir)     1          89.599           3.985          -2.974         -15.640          106.250
  298 (vir)     1          89.946           4.259          -2.557         -14.966          106.615
  299 (vir)     1          90.898           3.614          -2.551         -15.828          107.788
  300 (vir)     1          92.040           3.545          -2.553         -15.160          108.192
  301 (vir)     1          92.550           3.680          -2.252         -14.033          108.011
  302 (vir)     1          93.068           3.920          -2.525         -15.190          109.654
  303 (vir)     1          93.944           3.806          -2.391         -14.906          110.265
  304 (vir)     1          95.118           3.667          -2.345         -14.771          111.210
  305 (vir)     1          95.677           4.251          -2.586         -15.557          112.900
  306 (vir)     1          96.430           3.189          -2.563         -15.512          112.568
  307 (vir)     1          96.774           3.309          -2.620         -15.338          112.801
  308 (vir)     1          97.656           2.937          -2.098         -13.988          112.482
  309 (vir)     1          98.358           3.298          -2.328         -14.612          113.940
  310 (vir)     1          99.211           3.200          -2.431         -15.228          115.208
  311 (vir)     1         101.321           3.278          -2.419         -14.863          117.042
  312 (vir)     1         101.697           3.135          -2.406         -14.981          117.407
  313 (vir)     1         102.896           3.315          -2.461         -15.160          118.911
  314 (vir)     1         104.376           3.437          -2.644         -15.681          120.850
  315 (vir)     1         106.717           2.931          -2.582         -15.634          122.700
  316 (vir)     1         107.026           2.930          -2.181         -14.593          122.368
  317 (vir)     1         110.350           3.021          -2.530         -15.912          126.753
  318 (vir)     1         112.138           3.219          -2.447         -15.994          128.905
  319 (vir)     1         113.791           2.964          -2.365         -15.800          130.190
  320 (vir)     1         114.469           2.751          -2.631         -16.443          131.033
  321 (vir)     1         116.596           2.798          -2.726         -16.740          133.408
  322 (vir)     1         119.644           3.073          -2.641         -17.127          137.202
  323 (vir)     1         120.238           2.570          -2.531         -16.339          136.616
  324 (vir)     1         123.416           2.860          -2.599         -16.824          140.501
  325 (vir)     1         126.257           2.576          -2.494         -16.804          143.143
  326 (vir)     1         128.498           2.806          -2.540         -17.165          145.930
  327 (vir)     1         128.658           2.863          -2.650         -17.438          146.308
  328 (vir)     1         130.463           2.753          -2.538         -16.990          147.669
  329 (vir)     1         131.839           4.103          -2.875         -19.211          152.277
  330 (vir)     1         132.631           2.288          -2.361         -16.623          149.181
  331 (vir)     1         134.082           2.954          -2.973         -18.484          152.547
  332 (vir)     1         136.572           2.839          -2.766         -17.945          154.590
  333 (vir)     1         138.769           2.992          -2.568         -17.626          156.819
  334 (vir)     1         139.564           3.136          -2.642         -17.653          157.711
  335 (vir)     1         140.802           3.019          -2.519         -17.702          159.004
  336 (vir)     1         141.460           2.605          -2.289         -17.099          158.876
  337 (vir)     1         153.879           2.816          -1.752         -15.709          170.652
  338 (vir)     1         161.596           2.975          -1.558         -15.227          178.240
  339 (vir)     1         163.127           2.889          -1.590         -15.369          179.795
  340 (vir)     1         163.742           2.768          -1.580         -15.534          180.465
  341 (vir)     1         165.035           2.237          -1.494         -15.038          180.816
  342 (vir)     1         180.355           1.314          -4.103         -23.100          200.666
  343 (vir)     1         183.111           1.696          -4.935         -22.951          202.823
  344 (vir)     1         185.997           1.831          -4.417         -22.938          206.349
  345 (vir)     1         188.907           1.998          -4.363         -23.112          209.654
  346 (vir)     1         193.083           1.443          -4.326         -23.088          213.288
  347 (vir)     1         211.618           5.388          -1.540         -16.283          231.748
  348 (vir)     1         225.809           5.906          -1.692         -17.442          247.465
  349 (vir)     1         231.075           5.641          -1.764         -17.639          252.591
  350 (vir)     1         231.454           5.712          -1.510         -16.788          252.444
  351 (vir)     1         237.019           4.443          -1.771         -17.363          257.054
  352 (vir)     1         239.810           1.323          -2.502         -20.249          258.880
  353 (vir)     1         239.920           4.875          -1.192         -15.694          259.296
  354 (vir)     1         240.589           9.919          -0.814         -14.028          263.722
  355 (vir)     1         240.870           1.041          -2.939         -21.691          260.662
  356 (vir)     1         241.810           6.359          -1.191         -15.950          262.929
  357 (vir)     1         242.433          11.476          -0.790         -14.298          267.418
  358 (vir)     1         243.659           1.287          -2.669         -21.146          263.423
  359 (vir)     1         244.544           1.868          -2.020         -18.814          263.205
  360 (vir)     1         245.297           1.392          -2.185         -19.468          263.972
  361 (vir)     1         246.081           1.077          -2.962         -22.296          266.492
  362 (vir)     1         248.173           0.893          -3.146         -22.076          267.995
  363 (vir)     1         254.505           2.014          -2.289         -19.316          273.546
  364 (vir)     1         289.016           4.219          -2.634         -20.032          310.633
 
