 
  kpoint:       1             coordinate:     0.0000    0.0000    0.0000                  spin:  1
 
    n           k   ϵ_nk^DFT (eV)     Σ^c_nk (eV)     Σ^x_nk (eV)    v_nk^xc (eV)   ϵ_nk^G0W0 (eV)
 
    1 (occ)     1         -26.094          10.729         -30.873         -19.095          -27.142
    2 (occ)     1         -22.985           8.199         -28.964         -18.431          -25.319
    3 (occ)     1         -22.003           6.188         -27.520         -17.527          -25.809
    4 (occ)     1         -15.159           3.117         -23.706         -16.805          -18.943
    5 (occ)     1         -13.766           2.510         -22.888         -16.663          -17.481
    6 (occ)     1         -13.463           2.471         -22.545         -16.213          -17.325
    7 (occ)     1         -11.540           1.634         -22.289         -16.790          -15.404
    8 (occ)     1         -10.396           2.845         -21.096         -15.363          -13.284
    9 (occ)     1          -9.839           3.591         -26.045         -19.139          -13.154
   10 (occ)     1          -6.623           1.819         -20.872         -16.037           -9.640
   11 (occ)     1          -6.504           2.095         -22.714         -17.700           -9.423
   12 (occ)     1          -5.914           2.799         -24.614         -18.761           -8.968
   13 (vir)     1          -0.821          -0.823          -1.547          -4.186            0.995
   14 (vir)     1          -0.145          -1.236          -4.063          -7.548            2.103
   15 (vir)     1           0.242          -1.118          -3.636          -6.815            2.303
   16 (vir)     1           0.383          -0.634          -1.247          -3.437            1.940
   17 (vir)     1           0.978          -0.955          -3.448          -6.275            2.851
   18 (vir)     1           1.123          -0.627          -1.495          -3.666            2.668
   19 (vir)     1           1.286          -0.474          -0.718          -2.535            2.630
   20 (vir)     1           1.618          -0.488          -0.783          -2.703            3.051
   21 (vir)     1           1.773          -0.353          -0.609          -2.158            2.969
   22 (vir)     1           1.896          -0.330          -0.496          -2.038            3.109
   23 (vir)     1           2.330          -0.637          -1.155          -3.352            3.890
   24 (vir)     1           2.848          -0.490          -0.998          -2.881            4.240
   25 (vir)     1           3.186          -0.691          -1.289          -3.533            4.739
   26 (vir)     1           3.359          -0.381          -0.483          -2.099            4.595
   27 (vir)     1           3.452          -0.447          -0.672          -2.409            4.741
   28 (vir)     1           3.476          -0.410          -0.669          -2.242            4.639
   29 (vir)     1           3.559          -0.853          -1.481          -4.142            5.365
   30 (vir)     1           3.873          -0.900          -1.883          -4.507            5.597
   31 (vir)     1           4.341          -1.052          -2.017          -4.905            6.177
   32 (vir)     1           4.589          -0.573          -1.014          -3.144            6.145
   33 (vir)     1           4.817          -0.505          -0.613          -2.529            6.228
   34 (vir)     1           4.849          -0.999          -1.985          -4.850            6.715
   35 (vir)     1           5.295          -0.960          -1.569          -4.485            7.250
   36 (vir)     1           6.190          -1.145          -1.762          -5.122            8.404
   37 (vir)     1           6.736          -1.110          -1.806          -5.154            8.975
   38 (vir)     1           6.998          -0.972          -1.475          -4.567            9.117
   39 (vir)     1           7.510          -0.909          -1.311          -4.355            9.644
   40 (vir)     1           7.685          -1.890          -3.007          -7.544           10.333
   41 (vir)     1           8.271          -1.180          -1.981          -5.561           10.671
   42 (vir)     1           9.242          -1.797          -3.369          -7.693           11.769
   43 (vir)     1           9.432          -3.044          -4.818         -10.806           12.376
   44 (vir)     1           9.607          -1.402          -2.769          -6.297           11.732
   45 (vir)     1          10.186          -1.804          -2.939          -7.383           12.826
   46 (vir)     1          10.469          -2.265          -3.250          -8.411           13.365
   47 (vir)     1          11.592          -1.487          -1.877          -5.928           14.156
   48 (vir)     1          12.415          -1.708          -1.232          -5.234           14.709
   49 (vir)     1          12.763          -1.562          -1.148          -5.211           15.264
   50 (vir)     1          12.864          -1.612          -2.084          -6.268           15.436
   51 (vir)     1          13.567          -3.026          -3.353          -9.321           16.509
   52 (vir)     1          13.742          -1.667          -2.063          -6.310           16.322
   53 (vir)     1          14.017          -2.638          -3.031          -8.465           16.814
   54 (vir)     1          14.300          -1.989          -2.522          -7.127           16.916
   55 (vir)     1          14.669          -2.233          -2.516          -7.676           17.595
   56 (vir)     1          14.754          -3.402          -3.540          -9.814           17.626
   57 (vir)     1          15.692          -2.880          -2.559          -8.076           18.329
   58 (vir)     1          16.754          -3.014          -3.233          -9.295           19.801
   59 (vir)     1          17.284          -3.606          -3.340          -9.981           20.319
   60 (vir)     1          17.505          -2.621          -2.041          -7.524           20.367
   61 (vir)     1          20.367          -2.846          -2.417          -8.360           23.464
   62 (vir)     1          21.106          -2.910          -2.901          -8.987           24.283
   63 (vir)     1          21.408          -2.826          -2.497          -8.310           24.396
   64 (vir)     1          22.069          -3.468          -2.429          -8.701           24.873
   65 (vir)     1          22.623          -3.410          -3.313          -9.873           25.772
   66 (vir)     1          22.957          -3.981          -3.547         -10.547           25.976
   67 (vir)     1          23.428          -3.230          -2.338          -8.377           26.237
   68 (vir)     1          24.031          -3.715          -3.237          -9.972           27.051
   69 (vir)     1          27.285          -4.131          -3.738         -10.888           30.304
   70 (vir)     1          30.554          -4.959          -2.926          -9.852           32.521
   71 (vir)     1          32.128          -5.901          -2.972         -10.714           33.968
   72 (vir)     1          32.226          -6.630          -3.493         -11.704           33.807
   73 (vir)     1          33.929          -6.550          -4.605         -12.756           35.530
   74 (vir)     1          33.933          -8.046          -3.930         -12.010           33.967
   75 (vir)     1          34.315          -7.060          -4.702         -13.064           35.619
   76 (vir)     1          36.542          -7.232          -3.999         -12.150           37.460
   77 (vir)     1          38.953          -9.388          -3.872         -12.383           38.076
   78 (vir)     1          39.233          -7.476          -3.911         -12.557           40.403
   79 (vir)     1          41.300          -8.855          -4.060         -13.576           41.961
   80 (vir)     1          41.557          -9.431          -4.020         -13.159           41.265
   81 (vir)     1          42.394          -7.984          -3.080         -11.167           42.497
   82 (vir)     1          44.215         -11.020          -3.620         -12.973           42.549
   83 (vir)     1          45.827          -9.832          -3.107         -12.330           45.219
   84 (vir)     1          46.755          -9.982          -2.946         -12.324           46.151
   85 (vir)     1          47.224           4.348          -3.950         -13.213           60.835
   86 (vir)     1          48.389          -9.816          -3.052         -12.253           47.775
   87 (vir)     1          48.895         -10.911          -3.108         -12.463           47.338
   88 (vir)     1          49.553          -5.999          -3.923         -13.253           52.883
   89 (vir)     1          49.932           4.754          -3.411         -12.740           64.015
   90 (vir)     1          50.790          -6.220          -3.632         -13.902           54.840
   91 (vir)     1          52.097          -5.208          -3.587         -13.556           56.859
   92 (vir)     1          52.836         -12.245          -3.340         -13.158           50.408
   93 (vir)     1          52.890         -11.638          -2.786         -12.684           51.150
   94 (vir)     1          54.337           4.928          -4.207         -14.853           69.912
   95 (vir)     1          55.311          -2.029          -3.063         -13.140           63.358
   96 (vir)     1          57.298         -11.472          -3.242         -13.274           55.858
   97 (vir)     1          58.966          -0.748          -2.914         -13.168           68.472
   98 (vir)     1          59.743           4.936          -2.787         -12.501           74.393
   99 (vir)     1          61.226           4.536          -3.045         -13.495           76.212
  100 (vir)     1          62.187           4.670          -3.634         -14.373           77.596
  101 (vir)     1          63.587           3.947          -3.298         -13.891           78.126
  102 (vir)     1          63.673           3.063          -3.536         -13.915           77.115
  103 (vir)     1          66.242           4.366          -2.664         -12.924           80.869
  104 (vir)     1          66.719           3.523          -2.623         -12.569           80.188
  105 (vir)     1          68.121           4.383          -3.132         -14.368           83.741
  106 (vir)     1          69.345           3.904          -2.865         -13.538           83.921
  107 (vir)     1          72.392           3.751          -3.178         -14.581           87.545
  108 (vir)     1          73.235           4.311          -3.021         -14.594           89.118
  109 (vir)     1          73.992           3.703          -2.818         -14.061           88.938
  110 (vir)     1          74.572           4.509          -2.700         -13.876           90.258
  111 (vir)     1          75.597           4.581          -2.731         -14.169           91.616
  112 (vir)     1          76.747           3.604          -3.459         -15.395           92.287
  113 (vir)     1          79.754           3.283          -3.063         -14.948           94.923
  114 (vir)     1          80.725           3.234          -2.774         -14.150           95.335
  115 (vir)     1          82.237           4.255          -2.886         -15.033           98.638
  116 (vir)     1          84.010           3.988          -2.907         -15.133          100.225
  117 (vir)     1          84.018           3.616          -2.737         -14.488           99.385
  118 (vir)     1          85.219           4.161          -3.173         -16.246          102.453
  119 (vir)     1          85.569           4.589          -3.101         -16.179          103.236
  120 (vir)     1          87.108           4.649          -2.701         -15.182          104.238
  121 (vir)     1          88.960           3.972          -3.036         -15.647          105.544
  122 (vir)     1          90.940           3.385          -2.748         -15.109          106.686
  123 (vir)     1          98.758           2.457          -2.018         -13.531          112.728
  124 (vir)     1         103.250           2.691          -2.893         -15.552          118.599
  125 (vir)     1         105.041           1.975          -3.040         -15.787          119.764
  126 (vir)     1         107.174           2.839          -2.647         -15.477          122.843
  127 (vir)     1         122.865           2.637          -3.105         -17.778          140.175
  128 (vir)     1         129.060           3.879          -3.452         -18.933          148.420
  129 (vir)     1         134.321           3.126          -3.722         -19.682          153.407
  130 (vir)     1         136.202           3.815          -3.253         -18.622          155.386
  131 (vir)     1         138.658           2.699          -2.603         -17.108          155.861
  132 (vir)     1         139.958           2.472          -2.557         -17.119          156.993
  133 (vir)     1         146.159           3.192          -2.063         -16.364          163.652
  134 (vir)     1         159.881           2.697          -1.669         -15.525          176.434
  135 (vir)     1         160.581           2.172          -1.764         -15.451          176.441
  136 (vir)     1         165.613           2.134          -1.534         -15.054          181.267
  137 (vir)     1         178.638           1.467          -5.284         -23.208          198.028
  138 (vir)     1         180.645           1.677          -4.979         -22.522          199.864
  139 (vir)     1         181.489           1.880          -4.857         -22.657          201.169
  140 (vir)     1         183.850           1.809          -4.988         -23.064          203.736
  141 (vir)     1         189.445           1.702          -5.103         -23.288          209.332
  142 (vir)     1         190.568           3.057          -2.595         -17.332          208.362
  143 (vir)     1         227.539           4.519          -2.286         -17.985          247.758
  144 (vir)     1         227.712           4.038          -2.002         -16.521          246.269
  145 (vir)     1         237.610           1.245          -3.643         -21.612          256.825
  146 (vir)     1         238.401           1.387          -3.526         -21.378          257.640
  147 (vir)     1         238.681           1.222          -3.578         -21.633          257.958
  148 (vir)     1         239.765           1.753          -3.508         -21.046          259.056
  149 (vir)     1         240.854           1.155          -3.709         -21.976          260.276
  150 (vir)     1         242.482           1.041          -3.743         -22.067          261.848
  151 (vir)     1         245.531           1.179          -3.732         -22.142          265.120
  152 (vir)     1         254.745           3.140          -2.292         -17.813          273.405
 
