 
  kpoint:       1             coordinate:     0.0000    0.0000    0.0000                  spin:  1
 
    n           k   ϵ_nk^DFT (eV)     Σ^c_nk (eV)     Σ^x_nk (eV)    v_nk^xc (eV)   ϵ_nk^G0W0 (eV)
 
    1 (occ)     1         -28.731           9.073         -32.606         -20.568          -31.695
    2 (occ)     1         -20.614           6.714         -23.834         -15.365          -22.370
    3 (occ)     1         -13.445           4.082         -25.438         -18.061          -16.740
    4 (occ)     1         -11.728           2.791         -22.371         -16.667          -14.641
    5 (occ)     1         -11.728           2.792         -22.367         -16.667          -14.636
    6 (occ)     1         -11.696           2.107         -20.864         -15.451          -15.002
    7 (occ)     1          -7.465           0.542         -17.503         -13.862          -10.565
    8 (occ)     1          -7.465           0.541         -17.507         -13.862          -10.569
    9 (vir)     1          -1.930          -1.826          -8.799         -14.147            1.592
   10 (vir)     1          -1.930          -1.828          -8.803         -14.147            1.586
   11 (vir)     1           0.071          -2.085          -5.130         -10.377            3.233
   12 (vir)     1           0.496          -0.792          -1.575          -4.259            2.389
   13 (vir)     1           0.932          -0.327          -0.501          -1.940            2.045
   14 (vir)     1           0.932          -0.327          -0.501          -1.940            2.044
   15 (vir)     1           0.980          -0.511          -0.726          -2.596            2.339
   16 (vir)     1           2.144          -0.438          -0.640          -2.563            3.629
   17 (vir)     1           2.144          -0.438          -0.640          -2.563            3.629
   18 (vir)     1           2.173          -0.306          -0.416          -1.730            3.182
   19 (vir)     1           2.173          -0.306          -0.416          -1.730            3.181
   20 (vir)     1           2.611          -0.627          -1.103          -3.180            4.060
   21 (vir)     1           4.555          -0.882          -1.672          -4.545            6.545
   22 (vir)     1           4.555          -0.883          -1.673          -4.544            6.543
   23 (vir)     1           4.743          -1.068          -1.696          -4.516            6.495
   24 (vir)     1           5.330          -1.561          -1.618          -5.093            7.244
   25 (vir)     1           5.330          -1.561          -1.621          -5.093            7.240
   26 (vir)     1           6.601          -1.585          -1.089          -4.143            8.070
   27 (vir)     1           6.601          -1.586          -1.088          -4.143            8.069
   28 (vir)     1           6.984          -1.232          -1.475          -4.905            9.182
   29 (vir)     1           9.279          -1.709          -2.104          -6.095           11.561
   30 (vir)     1          10.744          -2.297          -1.786          -6.557           13.219
   31 (vir)     1          10.744          -2.298          -1.785          -6.557           13.219
   32 (vir)     1          11.716          -4.036          -4.798         -11.597           14.480
   33 (vir)     1          12.441          -3.534          -2.952          -8.983           14.938
   34 (vir)     1          12.441          -3.533          -2.954          -8.983           14.938
   35 (vir)     1          12.932          -2.289          -2.013          -7.077           15.706
   36 (vir)     1          12.932          -2.287          -2.016          -7.077           15.706
   37 (vir)     1          13.339          -1.987          -0.931          -5.579           16.000
   38 (vir)     1          13.339          -1.985          -0.931          -5.579           16.001
   39 (vir)     1          13.721          -2.545          -1.663          -6.713           16.226
   40 (vir)     1          15.039          -4.009          -3.277         -10.084           17.836
   41 (vir)     1          15.039          -4.011          -3.281         -10.084           17.831
   42 (vir)     1          15.535          -2.276          -2.346          -7.315           18.228
   43 (vir)     1          17.053          -1.059          -0.320          -3.665           19.339
   44 (vir)     1          17.053          -1.049          -0.321          -3.665           19.348
   45 (vir)     1          18.746          -3.489          -1.518          -6.859           20.599
   46 (vir)     1          18.746          -3.488          -1.521          -6.859           20.596
   47 (vir)     1          19.536          -4.561          -2.487          -9.389           21.878
   48 (vir)     1          19.536          -4.557          -2.491          -9.389           21.878
   49 (vir)     1          20.391          -4.122          -2.199          -8.087           22.156
   50 (vir)     1          20.391          -4.121          -2.201          -8.087           22.155
   51 (vir)     1          20.568          -5.184          -3.533         -10.764           22.614
   52 (vir)     1          21.316          -3.392          -2.382          -8.289           23.830
   53 (vir)     1          21.316          -3.396          -2.386          -8.289           23.823
   54 (vir)     1          23.993          -4.077          -1.781          -7.662           25.797
   55 (vir)     1          28.857          -9.912          -4.298         -14.875           29.521
   56 (vir)     1          34.700          -6.680          -3.586         -11.814           36.248
   57 (vir)     1          34.700          -6.680          -3.583         -11.814           36.251
   58 (vir)     1          35.502           3.530          -4.564         -14.218           48.686
   59 (vir)     1          35.502           3.551          -4.562         -14.218           48.709
   60 (vir)     1          40.267           2.858          -3.878         -12.391           51.638
   61 (vir)     1          47.161           1.926          -4.141         -14.051           58.997
   62 (vir)     1          47.161           1.928          -4.138         -14.051           59.001
   63 (vir)     1          47.189           3.708          -2.794         -12.591           60.695
   64 (vir)     1          47.189           3.679          -2.791         -12.591           60.669
   65 (vir)     1          48.604           2.705          -3.679         -12.753           60.383
   66 (vir)     1          65.991           2.340          -4.232         -15.786           79.885
   67 (vir)     1          69.855           2.037          -3.871         -15.829           83.850
   68 (vir)     1          69.855           2.041          -3.873         -15.829           83.852
   69 (vir)     1          76.287           2.616          -3.826         -16.939           92.016
   70 (vir)     1          90.212           1.096          -1.314          -9.588           99.582
   71 (vir)     1         124.106           3.453          -3.346         -18.434          142.647
   72 (vir)     1         124.106           3.462          -3.287         -18.434          142.715
   73 (vir)     1         133.032           3.992          -3.487         -19.243          152.780
   74 (vir)     1         174.730           1.185          -5.159         -23.039          193.795
   75 (vir)     1         174.732           1.225          -5.159         -23.037          193.835
   76 (vir)     1         175.355           1.984          -4.941         -22.065          194.462
   77 (vir)     1         180.618           1.602          -5.222         -23.318          200.316
   78 (vir)     1         180.618           1.679          -5.161         -23.318          200.454
   79 (vir)     1         215.623           5.240          -1.255         -13.703          233.310
   80 (vir)     1         220.791           2.751          -2.836         -18.714          239.420
   81 (vir)     1         227.810           0.629          -2.750         -20.759          246.448
   82 (vir)     1         227.810           0.632          -2.746         -20.759          246.455
   83 (vir)     1         232.600           1.017          -3.531         -21.530          251.616
   84 (vir)     1         232.600           1.028          -3.536         -21.530          251.623
   85 (vir)     1         235.590           1.118          -3.697         -21.974          254.985
   86 (vir)     1         235.590           1.124          -3.705         -21.974          254.983
   87 (vir)     1         244.048           1.575          -3.091         -20.478          263.010
 
