 
  kpoint:       1             coordinate:     0.0000    0.0000    0.0000                  spin:  1
 
    n           k   ϵ_nk^DFT (eV)     Σ^c_nk (eV)     Σ^x_nk (eV)    v_nk^xc (eV)   ϵ_nk^G0W0 (eV)
 
    1 (occ)     1         -22.775           7.750         -27.090         -16.775          -25.340
    2 (occ)     1         -20.776           7.143         -25.481         -15.831          -23.283
    3 (occ)     1         -18.372           6.158         -24.409         -15.539          -21.083
    4 (occ)     1         -17.925           5.836         -24.599         -15.933          -20.754
    5 (occ)     1         -15.071           4.249         -22.616         -15.354          -18.084
    6 (occ)     1         -14.648           4.073         -22.795         -15.694          -17.677
    7 (occ)     1         -12.900           2.966         -20.981         -14.988          -15.927
    8 (occ)     1         -12.566           2.759         -22.097         -15.985          -15.919
    9 (occ)     1         -11.507           2.717         -21.206         -15.278          -14.718
   10 (occ)     1         -10.500           2.414         -21.581         -16.255          -13.412
   11 (occ)     1         -10.445           2.302         -20.753         -15.357          -13.539
   12 (occ)     1         -10.122           2.202         -20.455         -15.141          -13.233
   13 (occ)     1          -9.327           2.927         -18.118         -13.330          -11.188
   14 (occ)     1          -8.468           1.768         -20.383         -15.623          -11.460
   15 (occ)     1          -8.184           1.625         -20.157         -15.484          -11.232
   16 (occ)     1          -7.439           2.117         -18.340         -14.070           -9.591
   17 (occ)     1          -6.175           0.459         -15.754         -13.065           -8.405
   18 (occ)     1          -5.012           0.668         -17.412         -14.451           -7.305
   19 (vir)     1          -1.094          -2.288          -7.473         -12.293            1.438
   20 (vir)     1          -0.707          -2.066          -6.702         -11.103            1.627
   21 (vir)     1          -0.430          -1.072          -2.220          -4.924            1.202
   22 (vir)     1          -0.089          -0.844          -1.272          -3.533            1.327
   23 (vir)     1           0.051          -0.712          -1.014          -2.994            1.319
   24 (vir)     1           0.641          -0.724          -0.967          -2.942            1.892
   25 (vir)     1           0.716          -0.671          -0.890          -2.764            1.919
   26 (vir)     1           0.779          -0.632          -0.849          -2.605            1.902
   27 (vir)     1           1.060          -0.710          -0.826          -2.821            2.345
   28 (vir)     1           1.342          -0.589          -0.716          -2.386            2.423
   29 (vir)     1           1.426          -0.544          -0.533          -2.123            2.472
   30 (vir)     1           1.520          -0.718          -0.873          -2.837            2.767
   31 (vir)     1           1.610          -0.653          -0.718          -2.555            2.793
   32 (vir)     1           2.309          -0.608          -0.707          -2.377            3.371
   33 (vir)     1           2.399          -0.541          -0.537          -2.115            3.436
   34 (vir)     1           2.439          -0.532          -0.585          -2.076            3.398
   35 (vir)     1           2.497          -0.873          -1.115          -3.282            3.792
   36 (vir)     1           2.797          -0.441          -0.319          -1.793            3.831
   37 (vir)     1           2.922          -3.005          -3.701          -8.251            4.467
   38 (vir)     1           2.968          -0.550          -0.556          -2.184            4.045
   39 (vir)     1           3.035          -1.540          -2.631          -5.731            4.595
   40 (vir)     1           3.125          -0.474          -0.320          -1.777            4.108
   41 (vir)     1           3.197          -1.081          -1.724          -4.252            4.644
   42 (vir)     1           3.270          -0.906          -1.208          -3.337            4.492
   43 (vir)     1           3.693          -1.085          -1.684          -4.201            5.124
   44 (vir)     1           3.944          -1.108          -1.615          -4.114            5.335
   45 (vir)     1           3.979          -0.694          -0.835          -2.770            5.221
   46 (vir)     1           4.051          -1.432          -1.691          -4.264            5.191
   47 (vir)     1           4.147          -1.154          -1.594          -4.204            5.603
   48 (vir)     1           4.685          -0.809          -1.023          -3.231            6.084
   49 (vir)     1           4.809          -1.487          -2.361          -5.614            6.575
   50 (vir)     1           4.855          -1.175          -1.859          -4.629            6.450
   51 (vir)     1           5.235          -1.013          -1.111          -3.650            6.760
   52 (vir)     1           5.240          -0.685          -0.659          -2.614            6.510
   53 (vir)     1           5.320          -1.796          -2.545          -6.228            7.208
   54 (vir)     1           5.643          -1.393          -2.003          -5.068            7.314
   55 (vir)     1           5.672          -1.172          -1.475          -4.169            7.194
   56 (vir)     1           5.879          -1.424          -1.626          -4.782            7.611
   57 (vir)     1           5.973          -1.429          -1.874          -5.145            7.815
   58 (vir)     1           6.279          -1.426          -1.714          -4.902            8.041
   59 (vir)     1           6.506          -1.525          -2.148          -5.599            8.431
   60 (vir)     1           6.626          -1.368          -1.231          -4.280            8.307
   61 (vir)     1           6.696          -2.201          -3.879          -8.318            8.934
   62 (vir)     1           6.902          -1.596          -1.862          -5.241            8.685
   63 (vir)     1           7.605          -1.597          -1.309          -4.610            9.310
   64 (vir)     1           7.755          -1.771          -1.923          -5.567            9.628
   65 (vir)     1           7.861          -2.636          -4.287          -9.483           10.421
   66 (vir)     1           8.073          -1.937          -2.537          -6.538           10.137
   67 (vir)     1           8.091          -1.421          -2.095          -5.356            9.931
   68 (vir)     1           8.671          -1.687          -1.164          -4.543           10.363
   69 (vir)     1           8.715          -2.788          -4.070          -9.377           11.233
   70 (vir)     1           9.169          -2.103          -1.768          -5.722           11.021
   71 (vir)     1           9.372          -1.307          -0.819          -3.390           10.635
   72 (vir)     1           9.412          -2.362          -1.953          -5.951           11.048
   73 (vir)     1           9.453          -2.278          -2.404          -6.711           11.482
   74 (vir)     1           9.579          -1.760          -1.623          -5.300           11.496
   75 (vir)     1           9.660          -2.167          -1.663          -5.432           11.263
   76 (vir)     1          10.512          -1.694          -1.335          -4.873           12.357
   77 (vir)     1          10.558          -2.068          -2.299          -6.384           12.575
   78 (vir)     1          11.172          -2.055          -1.986          -6.073           13.204
   79 (vir)     1          11.381          -3.180          -3.287          -8.605           13.519
   80 (vir)     1          11.550          -1.464          -1.119          -4.204           13.171
   81 (vir)     1          12.114          -1.765          -2.121          -6.856           15.084
   82 (vir)     1          12.408          -2.655          -2.658          -7.490           14.586
   83 (vir)     1          12.568          -2.200          -2.244          -6.665           14.789
   84 (vir)     1          12.897          -2.876          -1.831          -6.476           14.666
   85 (vir)     1          13.349          -2.923          -2.814          -7.995           15.607
   86 (vir)     1          13.676          -2.333          -2.126          -6.611           15.829
   87 (vir)     1          14.357          -3.285          -2.593          -8.044           16.522
   88 (vir)     1          14.541          -3.902          -2.286          -7.848           16.201
   89 (vir)     1          14.604          -3.680          -1.607          -5.741           15.058
   90 (vir)     1          14.662          -3.839          -2.502          -8.251           16.572
   91 (vir)     1          14.962          -3.422          -2.777          -8.407           17.170
   92 (vir)     1          15.045          -3.344          -1.914          -7.039           16.826
   93 (vir)     1          15.127          -3.657          -3.074          -9.127           17.524
   94 (vir)     1          15.310          -3.410          -2.868          -8.655           17.686
   95 (vir)     1          15.384          -2.978          -2.021          -7.192           17.577
   96 (vir)     1          15.634          -3.872          -3.119          -9.336           17.979
   97 (vir)     1          15.764          -4.494          -3.685         -10.618           18.203
   98 (vir)     1          15.817          -4.469          -2.230          -8.040           17.157
   99 (vir)     1          16.035          -3.332          -1.915          -7.083           17.871
  100 (vir)     1          16.445          -2.869          -1.706          -6.690           18.560
  101 (vir)     1          16.775          -2.904          -2.249          -7.354           18.976
  102 (vir)     1          17.665          -3.734          -2.843          -9.006           20.094
  103 (vir)     1          18.421          -5.536          -4.097         -12.116           20.905
  104 (vir)     1          18.981          -2.943          -2.390          -7.667           21.315
  105 (vir)     1          19.400          -4.067          -2.382          -8.534           21.485
  106 (vir)     1          19.661          -3.170          -1.874          -7.256           21.874
  107 (vir)     1          19.737          -4.014          -2.598          -8.929           22.053
  108 (vir)     1          20.183          -3.028          -1.604          -6.731           22.281
  109 (vir)     1          20.368          -4.221          -2.342          -8.814           22.619
  110 (vir)     1          20.895          -4.030          -2.364          -8.568           23.069
  111 (vir)     1          21.061          -3.691          -1.929          -7.420           22.862
  112 (vir)     1          21.483          -3.332          -1.743          -7.111           23.519
  113 (vir)     1          21.613          -3.470          -2.051          -7.710           23.802
  114 (vir)     1          22.142          -3.646          -1.196          -6.505           23.806
  115 (vir)     1          22.331          -3.265          -1.556          -6.825           24.336
  116 (vir)     1          22.712          -1.925          -1.143          -6.454           26.098
  117 (vir)     1          22.805          -3.851          -1.875          -7.481           24.560
  118 (vir)     1          23.294           0.662          -1.123          -6.436           29.268
  119 (vir)     1          23.581          -4.181          -1.392          -7.122           25.130
  120 (vir)     1          24.243          -2.593          -1.754          -7.670           27.565
  121 (vir)     1          24.922          -6.044          -2.006          -8.539           25.412
  122 (vir)     1          26.020          -4.108          -1.905          -8.012           28.018
  123 (vir)     1          26.464          -4.543          -2.095          -8.744           28.569
  124 (vir)     1          27.286          -4.248          -2.107          -8.367           29.298
  125 (vir)     1          27.341          -5.415          -1.883          -8.009           28.053
  126 (vir)     1          27.347          -3.883          -1.815          -7.614           29.263
  127 (vir)     1          28.003          -2.595          -2.378          -8.811           31.841
  128 (vir)     1          28.252          -4.294          -2.029          -7.979           29.908
  129 (vir)     1          28.299          -2.788          -1.921          -8.302           31.892
  130 (vir)     1          28.689          -2.347          -1.813          -7.825           32.355
  131 (vir)     1          28.996          -0.368          -1.792          -8.368           35.204
  132 (vir)     1          29.263          -5.781          -2.070          -8.360           29.773
  133 (vir)     1          30.057          -4.920          -2.039          -8.298           31.396
  134 (vir)     1          30.303          -4.756          -1.735          -7.808           31.619
  135 (vir)     1          30.468          -6.713          -1.800          -9.050           31.006
  136 (vir)     1          30.988          -6.327          -1.919          -8.368           31.110
  137 (vir)     1          31.415          -5.989          -2.248          -9.031           32.209
  138 (vir)     1          31.588          -6.912          -1.879          -8.956           31.754
  139 (vir)     1          32.517          -5.731          -2.045          -9.005           33.745
  140 (vir)     1          33.209           2.962          -2.277          -9.533           43.427
  141 (vir)     1          33.638          -6.522          -2.259          -9.216           34.072
  142 (vir)     1          34.371          -0.826          -2.484          -9.245           40.306
  143 (vir)     1          34.643          -8.069          -2.228          -9.423           33.770
  144 (vir)     1          34.777          -4.458          -1.262          -6.925           35.981
  145 (vir)     1          36.017          -5.637          -2.009          -8.662           37.032
  146 (vir)     1          37.394          -6.440          -1.967          -9.056           38.043
  147 (vir)     1          37.576          -7.182          -2.421          -9.992           37.966
  148 (vir)     1          38.011          -7.539          -2.458         -10.195           38.210
  149 (vir)     1          38.375          -7.398          -1.992          -9.345           38.330
  150 (vir)     1          38.666         -11.144          -3.303         -11.649           35.868
  151 (vir)     1          39.546          -6.673          -2.098          -9.250           40.025
  152 (vir)     1          39.961          -8.874          -2.883         -11.536           39.741
  153 (vir)     1          41.460          -9.918          -3.438         -12.685           40.789
  154 (vir)     1          42.208          -9.025          -2.892         -11.419           41.710
  155 (vir)     1          42.624          -8.883          -2.471         -10.218           41.488
  156 (vir)     1          43.775          -8.728          -2.139          -9.793           42.700
  157 (vir)     1          44.334         -10.908          -2.336         -10.018           41.109
  158 (vir)     1          45.366         -10.141          -2.587         -10.982           43.620
  159 (vir)     1          45.937           3.854          -2.702         -11.091           58.180
  160 (vir)     1          46.346         -10.234          -2.528         -10.960           44.545
  161 (vir)     1          47.607         -10.822          -3.141         -12.418           46.062
  162 (vir)     1          47.979          -9.648          -2.392         -10.997           46.935
  163 (vir)     1          48.593         -10.916          -2.195         -10.552           46.034
  164 (vir)     1          49.920           4.282          -3.219         -12.879           63.862
  165 (vir)     1          49.996         -12.962          -2.812         -12.399           46.623
  166 (vir)     1          50.465           3.695          -2.539         -11.254           62.876
  167 (vir)     1          50.815         -10.471          -2.972         -12.501           49.872
  168 (vir)     1          51.327           4.743          -2.774         -11.844           65.141
  169 (vir)     1          51.668         -10.049          -2.916         -12.500           51.203
  170 (vir)     1          53.020           4.417          -2.461         -11.558           66.534
  171 (vir)     1          53.066           4.217          -2.464         -11.390           66.209
  172 (vir)     1          54.047           3.996          -2.403         -11.369           67.008
  173 (vir)     1          54.707           4.773          -2.443         -11.712           68.749
  174 (vir)     1          56.049         -12.607          -2.574         -12.178           53.046
  175 (vir)     1          57.005           4.197          -2.724         -12.382           70.861
  176 (vir)     1          57.310           5.384          -2.829         -12.620           72.485
  177 (vir)     1          57.575           4.215          -2.762         -12.721           71.749
  178 (vir)     1          57.618           1.602          -2.518         -12.195           68.896
  179 (vir)     1          57.861           3.418          -2.699         -12.654           71.235
  180 (vir)     1          58.528           4.505          -2.637         -12.102           72.499
  181 (vir)     1          59.033           3.833          -2.902         -13.115           73.079
  182 (vir)     1          60.343           2.775          -2.589         -12.529           73.058
  183 (vir)     1          60.396           4.099          -2.216         -11.673           73.952
  184 (vir)     1          61.472           3.974          -2.409         -12.422           75.459
  185 (vir)     1          62.025           4.189          -2.665         -12.701           76.250
  186 (vir)     1          62.814           4.807          -2.929         -13.650           78.342
  187 (vir)     1          63.482           0.484          -3.077         -14.336           75.225
  188 (vir)     1          63.502           0.356          -3.066         -14.339           75.132
  189 (vir)     1          64.141           4.591          -2.680         -13.405           79.457
  190 (vir)     1          65.172           4.447          -2.668         -13.180           80.131
  191 (vir)     1          66.017           4.437          -2.712         -13.543           81.285
  192 (vir)     1          66.144           3.689          -2.476         -12.708           80.065
  193 (vir)     1          66.948           4.054          -2.170         -12.378           81.210
  194 (vir)     1          67.107           2.657          -2.464         -13.322           80.623
  195 (vir)     1          67.757           3.932          -2.503         -13.634           82.821
  196 (vir)     1          68.584           2.525          -2.142         -12.198           81.164
  197 (vir)     1          69.349           3.829          -2.341         -12.644           83.482
  198 (vir)     1          69.841           4.230          -2.648         -13.866           85.289
  199 (vir)     1          70.156           4.694          -2.358         -13.533           86.025
  200 (vir)     1          70.389           4.223          -2.626         -13.752           85.738
  201 (vir)     1          70.733           4.494          -2.221         -13.189           86.195
  202 (vir)     1          70.999           3.889          -2.425         -13.571           86.035
  203 (vir)     1          71.387           4.123          -2.229         -13.108           86.389
  204 (vir)     1          72.057           3.548          -2.264         -12.947           86.288
  205 (vir)     1          72.484           4.896          -1.998         -12.928           88.311
  206 (vir)     1          72.720           5.065          -2.243         -13.546           89.089
  207 (vir)     1          72.735           5.086          -2.232         -13.526           89.116
  208 (vir)     1          74.470           3.929          -2.328         -13.191           89.262
  209 (vir)     1          75.038           4.479          -1.867         -12.803           90.453
  210 (vir)     1          75.620           3.669          -2.130         -12.823           89.981
  211 (vir)     1          76.100           3.980          -2.318         -13.266           91.028
  212 (vir)     1          76.321           3.459          -2.214         -12.979           90.545
  213 (vir)     1          76.898           3.204          -2.114         -12.733           90.721
  214 (vir)     1          77.764           3.050          -2.211         -13.144           91.746
  215 (vir)     1          77.980           3.380          -2.005         -13.115           92.470
  216 (vir)     1          78.915           3.204          -2.257         -13.213           93.075
  217 (vir)     1          78.999           4.039          -2.625         -14.253           94.667
  218 (vir)     1          80.910           3.725          -2.624         -14.306           96.317
  219 (vir)     1          81.154           4.351          -2.365         -13.982           97.123
  220 (vir)     1          83.666           3.528          -2.395         -13.880           98.678
  221 (vir)     1          85.028           3.525          -2.431         -14.230          100.352
  222 (vir)     1          85.247           3.573          -2.397         -14.066          100.489
  223 (vir)     1          86.115           3.344          -2.272         -13.764          100.951
  224 (vir)     1          86.835           3.394          -2.262         -13.676          101.643
  225 (vir)     1          87.856           4.428          -2.395         -14.357          104.246
  226 (vir)     1          88.068           3.210          -2.251         -13.807          102.834
  227 (vir)     1          89.548           4.007          -2.888         -15.683          106.349
  228 (vir)     1          89.933           3.537          -2.361         -14.246          105.354
  229 (vir)     1          91.219           2.761          -2.568         -14.859          106.271
  230 (vir)     1          91.930           2.978          -2.368         -14.485          107.025
  231 (vir)     1          92.378           3.122          -2.518         -14.947          107.929
  232 (vir)     1          92.763           2.611          -2.261         -14.234          107.348
  233 (vir)     1          93.512           2.529          -1.959         -13.512          107.593
  234 (vir)     1          94.182           2.509          -2.115         -13.880          108.456
  235 (vir)     1          98.320           2.672          -2.534         -14.922          113.380
  236 (vir)     1         102.050           2.637          -2.198         -14.630          117.118
  237 (vir)     1         103.734           2.137          -1.800         -13.439          117.510
  238 (vir)     1         105.018           2.457          -1.983         -14.157          119.649
  239 (vir)     1         105.142           2.556          -2.065         -14.435          120.069
  240 (vir)     1         106.040           2.493          -2.211         -14.390          120.712
  241 (vir)     1         106.946           1.796          -1.821         -13.446          120.367
  242 (vir)     1         109.062           2.440          -2.202         -14.891          124.191
  243 (vir)     1         110.034           2.252          -1.926         -14.204          124.563
  244 (vir)     1         113.354           1.544          -1.510         -13.379          126.767
  245 (vir)     1         122.310           1.846          -1.983         -14.665          136.839
  246 (vir)     1         127.355           1.455          -2.030         -15.880          142.660
  247 (vir)     1         127.657           2.392          -2.571         -16.664          144.142
  248 (vir)     1         128.276           1.912          -1.869         -14.931          143.250
  249 (vir)     1         130.850           1.833          -1.844         -14.727          145.566
  250 (vir)     1         135.314           1.880          -1.953         -15.456          150.698
  251 (vir)     1         144.570           2.403          -2.484         -17.237          161.726
  252 (vir)     1         153.129           2.425          -1.825         -16.082          169.811
  253 (vir)     1         162.049           2.464          -1.694         -15.839          178.658
  254 (vir)     1         162.352           2.487          -1.699         -15.939          179.079
  255 (vir)     1         164.953           2.454          -1.632         -15.764          181.539
  256 (vir)     1         165.650           1.915          -1.586         -15.255          181.233
  257 (vir)     1         166.847           2.332          -1.603         -15.840          183.416
  258 (vir)     1         166.856           2.256          -1.585         -15.626          183.153
  259 (vir)     1         183.110           1.019          -1.346         -15.692          198.475
  260 (vir)     1         212.195           6.697          -1.249         -14.013          231.656
  261 (vir)     1         232.831           6.355          -1.603         -15.902          253.485
  262 (vir)     1         240.609          -1.567          -0.857         -13.371          251.556
  263 (vir)     1         241.235          12.983          -0.965         -13.740          266.993
  264 (vir)     1         244.133          -0.489          -0.892         -13.629          256.382
  265 (vir)     1         244.551           1.190          -0.888         -13.648          258.500
  266 (vir)     1         246.669           3.269          -0.864         -13.620          262.694
 
