 
  kpoint:       1             coordinate:     0.0000    0.0000    0.0000                  spin:  1
 
    n           k   ϵ_nk^DFT (eV)     Σ^c_nk (eV)     Σ^x_nk (eV)    v_nk^xc (eV)   ϵ_nk^G0W0 (eV)
 
    1 (occ)     1         -19.783           7.494         -23.694         -14.806          -21.178
    2 (occ)     1         -17.262           5.622         -20.581         -13.407          -18.814
    3 (occ)     1         -14.276           3.722         -20.845         -14.191          -17.208
    4 (occ)     1         -11.726           2.555         -19.822         -14.295          -14.699
    5 (occ)     1         -10.646           1.970         -19.502         -14.528          -13.650
    6 (occ)     1          -8.612           0.900         -17.093         -13.278          -11.527
    7 (occ)     1          -8.000           1.208         -15.853         -12.088          -10.557
    8 (occ)     1          -6.428           0.764         -14.355         -10.888           -9.131
    9 (occ)     1          -6.021           0.416         -14.572         -11.565           -8.613
   10 (vir)     1          -1.643          -1.822          -5.964         -10.590            1.161
   11 (vir)     1          -1.520          -2.240          -6.279         -11.392            1.353
   12 (vir)     1          -0.192          -0.718          -1.028          -3.244            1.305
   13 (vir)     1           0.302          -0.671          -0.920          -2.992            1.703
   14 (vir)     1           0.385          -0.632          -0.862          -2.975            1.866
   15 (vir)     1           0.934          -0.482          -0.596          -2.231            2.087
   16 (vir)     1           1.386          -0.410          -0.574          -2.187            2.590
   17 (vir)     1           1.577          -0.461          -0.664          -2.358            2.810
   18 (vir)     1           1.682          -0.476          -0.733          -2.407            2.880
   19 (vir)     1           1.743          -0.560          -0.835          -2.777            3.124
   20 (vir)     1           1.900          -0.385          -0.491          -2.150            3.175
   21 (vir)     1           2.557          -0.736          -1.460          -4.081            4.443
   22 (vir)     1           2.801          -0.759          -1.271          -3.735            4.506
   23 (vir)     1           3.176          -0.607          -0.927          -3.088            4.730
   24 (vir)     1           3.310          -1.028          -1.810          -4.577            5.048
   25 (vir)     1           3.751          -0.985          -1.594          -4.375            5.547
   26 (vir)     1           4.066          -0.876          -1.315          -3.719            5.594
   27 (vir)     1           4.906          -0.944          -1.445          -4.217            6.734
   28 (vir)     1           5.071          -1.362          -1.993          -5.344            7.060
   29 (vir)     1           5.239          -1.269          -1.924          -5.222            7.269
   30 (vir)     1           5.471          -0.961          -2.377          -5.955            8.088
   31 (vir)     1           5.903          -1.291          -1.661          -4.944            7.896
   32 (vir)     1           6.005          -0.935          -1.251          -4.127            7.946
   33 (vir)     1           6.248          -1.242          -2.263          -5.896            8.639
   34 (vir)     1           6.350          -1.190          -2.100          -5.889            8.948
   35 (vir)     1           6.633          -1.556          -1.989          -5.669            8.757
   36 (vir)     1           7.201          -1.264          -2.067          -5.616            9.485
   37 (vir)     1           8.004          -1.582          -2.036          -5.945           10.331
   38 (vir)     1           8.145          -2.134          -1.309          -5.013            9.716
   39 (vir)     1           8.446          -2.135          -1.922          -6.090           10.479
   40 (vir)     1           8.488          -1.428          -1.849          -5.196           10.407
   41 (vir)     1           9.555          -1.875          -1.354          -5.207           11.533
   42 (vir)     1          10.807          -1.968          -1.722          -5.967           13.084
   43 (vir)     1          10.850          -0.764          -1.136          -4.782           13.733
   44 (vir)     1          11.147          -2.144          -1.777          -6.249           13.475
   45 (vir)     1          12.420          -2.723          -2.053          -6.944           14.588
   46 (vir)     1          12.728          -1.237          -1.463          -5.825           15.853
   47 (vir)     1          13.187          -2.512          -2.012          -6.763           15.426
   48 (vir)     1          14.073          -2.862          -2.195          -7.359           16.375
   49 (vir)     1          14.527          -3.865          -3.175          -9.352           16.839
   50 (vir)     1          14.857          -2.916          -2.306          -7.678           17.314
   51 (vir)     1          14.931          -1.625          -0.976          -5.225           17.554
   52 (vir)     1          15.430          -2.686          -2.016          -7.068           17.797
   53 (vir)     1          16.002          -3.425          -2.351          -7.997           18.223
   54 (vir)     1          16.793          -4.297          -2.889          -9.289           18.897
   55 (vir)     1          17.247          -3.318          -2.179          -7.946           19.696
   56 (vir)     1          18.516          -1.503          -1.244          -5.968           21.737
   57 (vir)     1          18.603          -2.416          -0.993          -5.911           21.105
   58 (vir)     1          18.901          -2.938          -1.733          -6.795           21.025
   59 (vir)     1          19.502          -3.518          -0.998          -5.597           20.583
   60 (vir)     1          19.894          -3.370          -1.573          -7.125           22.075
   61 (vir)     1          21.423          -3.002          -1.318          -6.505           23.609
   62 (vir)     1          21.854          -3.093          -1.171          -6.880           24.470
   63 (vir)     1          24.474          -4.280          -1.631          -7.400           25.962
   64 (vir)     1          25.452          -0.855          -1.710          -7.982           30.869
   65 (vir)     1          25.716          -4.749          -1.206          -6.478           26.239
   66 (vir)     1          27.610          -4.810          -1.660          -7.311           28.452
   67 (vir)     1          27.632          -1.308          -3.450         -11.564           34.439
   68 (vir)     1          29.228          -7.774          -2.534          -9.409           28.329
   69 (vir)     1          31.090          -9.122          -2.710         -10.534           29.792
   70 (vir)     1          31.395          -8.639          -2.244          -9.177           29.690
   71 (vir)     1          31.784           2.440          -2.903         -11.308           42.628
   72 (vir)     1          34.158          -4.545          -3.176         -11.372           37.809
   73 (vir)     1          34.629          -7.037          -2.529         -10.630           35.693
   74 (vir)     1          34.814          -8.088          -2.959         -11.070           34.837
   75 (vir)     1          35.274          -5.977          -2.288         -10.279           37.287
   76 (vir)     1          35.883         -10.647          -3.319         -12.249           34.166
   77 (vir)     1          37.994           3.356          -2.422         -10.499           49.426
   78 (vir)     1          39.280          -8.453          -2.196          -9.758           38.390
   79 (vir)     1          40.339           2.082          -1.601          -9.094           49.913
   80 (vir)     1          41.054         -10.476          -2.847         -12.125           39.856
   81 (vir)     1          41.746          -4.957          -2.782         -11.494           45.501
   82 (vir)     1          43.876           4.071          -2.323         -11.312           56.936
   83 (vir)     1          45.202          -9.219          -2.526         -11.675           45.132
   84 (vir)     1          46.573           3.794          -2.058         -11.107           59.416
   85 (vir)     1          46.802           2.938          -2.465         -12.295           59.570
   86 (vir)     1          47.784           3.297          -2.311         -11.736           60.507
   87 (vir)     1          48.006           2.714          -2.477         -12.356           60.599
   88 (vir)     1          49.630           1.697          -2.010         -11.433           60.751
   89 (vir)     1          52.082           1.135          -2.150         -11.872           62.939
   90 (vir)     1          52.801           3.161          -2.288         -11.785           65.460
   91 (vir)     1          53.430           3.061          -2.604         -12.373           66.260
   92 (vir)     1          58.040           3.065          -2.397         -12.179           70.887
   93 (vir)     1          58.728           4.401          -2.565         -13.099           73.663
   94 (vir)     1          59.975           3.314          -2.398         -12.251           73.142
   95 (vir)     1          62.458           3.605          -2.390         -12.926           76.598
   96 (vir)     1          63.442           3.528          -2.614         -13.526           77.881
   97 (vir)     1          63.585           3.764          -2.515         -13.132           77.965
   98 (vir)     1          65.377           3.096          -2.486         -13.053           79.041
   99 (vir)     1          68.871           2.770          -1.988         -11.735           81.388
  100 (vir)     1          70.282           3.132          -2.278         -13.336           84.473
  101 (vir)     1          71.860           3.978          -2.309         -13.778           87.307
  102 (vir)     1          72.073           3.101          -2.013         -13.365           86.526
  103 (vir)     1          76.007           3.231          -2.251         -13.545           90.533
  104 (vir)     1          78.347           2.852          -2.367         -13.913           92.745
  105 (vir)     1          85.248           2.167          -2.323         -14.040           99.132
  106 (vir)     1          86.814           2.482          -2.622         -14.723          101.396
  107 (vir)     1          95.014           1.396          -2.575         -15.152          108.988
  108 (vir)     1         111.699           1.610          -1.818         -12.969          124.459
  109 (vir)     1         114.163           1.418          -1.160          -9.574          123.994
  110 (vir)     1         156.203           2.387          -1.757         -16.007          172.840
  111 (vir)     1         162.505           2.512          -1.659         -15.841          179.199
  112 (vir)     1         163.972           2.542          -1.631         -15.832          180.715
  113 (vir)     1         198.602           4.257          -0.936         -12.204          214.127
  114 (vir)     1         240.496          11.048          -0.888         -13.383          264.038
 
