 
  kpoint:       1             coordinate:     0.0000    0.0000    0.0000                  spin:  1
 
    n           k   ϵ_nk^DFT (eV)     Σ^c_nk (eV)     Σ^x_nk (eV)    v_nk^xc (eV)   ϵ_nk^G0W0 (eV)
 
    1 (occ)     1         -22.956           7.843         -24.332         -15.276          -24.169
    2 (occ)     1         -18.189           5.920         -23.664         -15.414          -20.519
    3 (occ)     1         -14.433           3.675         -21.009         -14.456          -17.312
    4 (occ)     1         -12.136           2.589         -19.869         -14.326          -15.090
    5 (occ)     1         -11.120           2.099         -20.237         -15.120          -14.139
    6 (occ)     1          -9.397           1.990         -17.332         -12.870          -11.870
    7 (occ)     1          -9.118           1.485         -18.884         -14.188          -12.329
    8 (occ)     1          -6.878           1.196         -17.069         -12.968           -9.783
    9 (occ)     1          -5.803           0.305         -15.875         -12.850           -8.523
   10 (vir)     1          -1.298          -1.917          -6.415         -11.351            1.720
   11 (vir)     1          -0.180          -0.759          -1.268          -3.675            1.469
   12 (vir)     1           0.284          -0.648          -0.897          -2.964            1.702
   13 (vir)     1           0.533          -0.725          -0.938          -3.155            2.024
   14 (vir)     1           0.630          -1.129          -2.778          -6.139            2.861
   15 (vir)     1           0.891          -0.480          -0.600          -2.271            2.082
   16 (vir)     1           1.384          -0.436          -0.520          -2.124            2.552
   17 (vir)     1           1.617          -0.435          -0.614          -2.279            2.847
   18 (vir)     1           1.681          -0.442          -0.616          -2.139            2.761
   19 (vir)     1           1.897          -0.417          -0.629          -2.269            3.120
   20 (vir)     1           2.199          -0.789          -1.823          -4.382            3.969
   21 (vir)     1           3.036          -0.687          -1.278          -3.517            4.589
   22 (vir)     1           3.303          -0.725          -1.240          -3.662            5.000
   23 (vir)     1           3.372          -1.225          -2.339          -5.607            5.415
   24 (vir)     1           4.171          -1.011          -1.355          -3.999            5.804
   25 (vir)     1           4.236          -0.790          -1.309          -4.026            6.164
   26 (vir)     1           4.580          -0.762          -1.063          -3.629            6.384
   27 (vir)     1           4.736          -0.955          -1.605          -4.468            6.645
   28 (vir)     1           4.962          -1.074          -1.478          -4.407            6.818
   29 (vir)     1           5.504          -0.888          -1.552          -4.448            7.513
   30 (vir)     1           5.804          -1.179          -1.532          -4.653            7.746
   31 (vir)     1           6.087          -1.180          -1.518          -4.971            8.360
   32 (vir)     1           6.089          -1.388          -2.024          -5.624            8.301
   33 (vir)     1           6.183          -1.348          -2.181          -5.934            8.589
   34 (vir)     1           6.533          -1.449          -1.536          -4.736            8.284
   35 (vir)     1           6.950          -1.268          -1.695          -5.136            9.122
   36 (vir)     1           7.227          -1.338          -1.305          -4.501            9.086
   37 (vir)     1           8.094          -1.448          -1.416          -4.923           10.152
   38 (vir)     1           8.325          -2.149          -1.306          -5.254           10.125
   39 (vir)     1           8.865          -1.630          -1.311          -5.033           10.957
   40 (vir)     1           9.353          -1.741          -1.880          -5.974           11.706
   41 (vir)     1           9.435          -1.966          -1.449          -5.633           11.653
   42 (vir)     1          10.555          -1.889          -1.749          -5.841           12.758
   43 (vir)     1          10.713          -0.932          -0.737          -4.521           13.565
   44 (vir)     1          11.253          -2.100          -1.634          -5.958           13.476
   45 (vir)     1          11.424          -0.436          -0.515          -4.070           14.544
   46 (vir)     1          11.626          -2.141          -1.426          -5.656           13.715
   47 (vir)     1          11.749          -1.841          -1.855          -6.107           14.161
   48 (vir)     1          12.786          -1.767          -0.893          -4.767           14.894
   49 (vir)     1          12.933          -1.786          -1.344          -5.344           15.147
   50 (vir)     1          13.276          -1.825          -1.043          -5.196           15.603
   51 (vir)     1          13.463          -2.049          -1.713          -6.204           15.904
   52 (vir)     1          14.099          -2.168          -2.001          -6.749           16.678
   53 (vir)     1          14.617          -3.169          -2.408          -8.159           17.198
   54 (vir)     1          15.707          -2.291          -1.533          -6.099           17.982
   55 (vir)     1          15.768          -2.623          -1.686          -6.679           18.137
   56 (vir)     1          16.029          -4.201          -3.205          -9.798           18.422
   57 (vir)     1          16.590          -3.798          -3.029          -9.690           19.452
   58 (vir)     1          17.003          -3.051          -2.603          -8.244           19.594
   59 (vir)     1          17.235          -1.031          -0.866          -5.138           20.476
   60 (vir)     1          18.097          -2.893          -1.598          -6.846           20.452
   61 (vir)     1          19.151          -2.665          -1.272          -6.134           21.349
   62 (vir)     1          21.261          -3.318          -1.052          -6.202           23.093
   63 (vir)     1          21.646          -3.178          -1.237          -6.617           23.848
   64 (vir)     1          22.091          -4.307          -2.049          -8.056           23.790
   65 (vir)     1          22.744          -3.408          -1.229          -6.316           24.422
   66 (vir)     1          23.306          -2.754          -2.925          -9.961           27.589
   67 (vir)     1          23.644          -4.120          -2.367          -8.686           25.842
   68 (vir)     1          24.032          -5.536          -2.223          -9.291           25.564
   69 (vir)     1          25.209          -5.645          -2.728          -9.510           26.346
   70 (vir)     1          26.089          -2.072          -1.781          -8.055           30.291
   71 (vir)     1          27.323          -6.516          -2.257          -9.553           28.103
   72 (vir)     1          27.493          -5.836          -1.244          -6.439           26.852
   73 (vir)     1          28.512          -8.268          -2.325          -9.417           27.335
   74 (vir)     1          30.257          -7.367          -2.473         -10.372           30.789
   75 (vir)     1          30.937          -7.762          -2.610         -10.711           31.276
   76 (vir)     1          32.196          -5.099          -3.739         -12.610           35.967
   77 (vir)     1          33.237          -7.538          -2.049          -9.003           32.653
   78 (vir)     1          34.933          -6.934          -2.179          -9.873           35.693
   79 (vir)     1          36.060          -4.139          -2.670         -11.019           40.270
   80 (vir)     1          37.171          -7.769          -2.818         -11.158           37.743
   81 (vir)     1          39.408          -7.939          -2.535         -10.676           39.610
   82 (vir)     1          40.856          -6.915          -1.998          -9.590           41.533
   83 (vir)     1          41.116         -11.049          -2.367         -12.133           39.833
   84 (vir)     1          42.370         -10.057          -1.845         -10.330           40.798
   85 (vir)     1          43.644          -9.680          -2.079         -10.543           42.428
   86 (vir)     1          46.986         -10.898          -2.322         -12.114           45.881
   87 (vir)     1          47.823          -3.714          -2.413         -11.947           53.643
   88 (vir)     1          52.012           4.253          -2.544         -12.778           66.499
   89 (vir)     1          55.551          -1.940          -2.145         -12.139           63.605
   90 (vir)     1          59.005         -11.103          -2.454         -13.421           58.870
   91 (vir)     1          59.137           4.486          -1.919         -12.542           74.246
   92 (vir)     1          62.290           5.702          -2.182         -13.189           78.999
   93 (vir)     1          63.242           4.357          -2.303         -13.648           78.944
   94 (vir)     1          64.035           4.085          -2.029         -12.972           79.062
   95 (vir)     1          66.209           2.836          -1.952         -13.355           80.447
   96 (vir)     1          68.057           4.610          -2.220         -13.463           83.910
   97 (vir)     1          69.668           3.827          -2.198         -13.401           84.698
   98 (vir)     1          72.377           4.472          -1.620         -13.001           88.229
   99 (vir)     1          72.461           5.835          -1.991         -13.497           89.802
  100 (vir)     1          73.990           4.062          -1.954         -12.504           88.601
  101 (vir)     1          74.902           3.412          -1.841         -13.066           89.539
  102 (vir)     1          76.803           3.278          -1.947         -12.881           91.015
  103 (vir)     1          79.509           3.730          -1.904         -13.548           94.883
  104 (vir)     1          83.343           4.436          -2.091         -14.034           99.722
  105 (vir)     1          87.119           3.496          -1.708         -13.331          102.237
  106 (vir)     1          88.883           3.144          -1.689         -13.418          103.755
  107 (vir)     1          96.483           3.305          -2.219         -15.123          112.692
  108 (vir)     1         112.159           5.238          -1.130         -11.994          128.261
  109 (vir)     1         114.100           4.787          -1.348         -12.519          130.057
  110 (vir)     1         155.767           2.808          -1.702         -16.105          172.978
  111 (vir)     1         162.806           2.212          -1.602         -15.887          179.304
  112 (vir)     1         164.244           2.901          -1.613         -15.909          181.441
  113 (vir)     1         202.472           0.732          -1.084         -12.404          214.524
  114 (vir)     1         240.731           0.575          -1.142         -13.609          253.773
 
