 
  kpoint:       1             coordinate:     0.0000    0.0000    0.0000                  spin:  1
 
    n           k   ϵ_nk^DFT (eV)     Σ^c_nk (eV)     Σ^x_nk (eV)    v_nk^xc (eV)   ϵ_nk^G0W0 (eV)
 
    1 (occ)     1         -16.428           3.939         -20.180         -12.897          -19.773
    2 (occ)     1         -11.196           2.266         -18.261         -12.268          -14.923
    3 (occ)     1         -10.534           0.747         -16.280         -12.067          -14.000
    4 (occ)     1          -9.405           1.464         -17.194         -12.152          -12.982
    5 (occ)     1          -9.024           1.120         -17.261         -12.524          -12.642
    6 (occ)     1          -7.865           1.062         -17.304         -12.621          -11.486
    7 (vir)     1          -2.002          -2.027          -4.155          -9.333            1.149
    8 (vir)     1          -0.242          -0.755          -1.369          -3.843            1.477
    9 (vir)     1           0.598          -0.961          -1.875          -4.928            2.690
   10 (vir)     1           0.634          -0.539          -0.799          -2.724            2.021
   11 (vir)     1           0.774          -0.481          -0.719          -2.572            2.146
   12 (vir)     1           0.849          -0.438          -0.482          -2.095            2.024
   13 (vir)     1           1.701          -0.358          -0.521          -2.020            2.842
   14 (vir)     1           1.890          -0.543          -0.636          -2.653            3.364
   15 (vir)     1           2.158          -0.620          -0.620          -2.941            3.859
   16 (vir)     1           2.529          -0.528          -0.435          -2.085            3.651
   17 (vir)     1           2.574          -1.084          -2.516          -5.979            4.954
   18 (vir)     1           3.247          -0.654          -1.195          -3.172            4.571
   19 (vir)     1           3.260          -1.479          -2.552          -6.533            5.763
   20 (vir)     1           3.470          -1.257          -1.861          -5.355            5.706
   21 (vir)     1           3.581          -1.093          -1.270          -4.307            5.526
   22 (vir)     1           4.216          -0.768          -1.090          -3.481            5.839
   23 (vir)     1           4.321          -0.689          -1.109          -3.396            5.919
   24 (vir)     1           4.376          -0.531          -0.540          -2.324            5.629
   25 (vir)     1           4.727          -0.605          -0.394          -2.705            6.432
   26 (vir)     1           5.639          -1.192          -0.846          -3.774            7.375
   27 (vir)     1           5.828          -0.502          -0.182          -2.294            7.438
   28 (vir)     1           5.880          -1.201          -1.619          -5.026            8.086
   29 (vir)     1           6.024          -0.775          -1.256          -4.149            8.142
   30 (vir)     1           6.049          -0.685          -0.573          -2.931            7.722
   31 (vir)     1           6.284          -0.770          -1.118          -3.799            8.195
   32 (vir)     1           6.468          -1.366          -1.814          -5.433            8.722
   33 (vir)     1           6.787          -0.873          -1.394          -4.181            8.701
   34 (vir)     1           7.470          -1.499          -1.392          -5.078            9.656
   35 (vir)     1           7.498          -1.341          -0.768          -3.904            9.293
   36 (vir)     1           7.583          -0.641          -0.315          -2.733            9.359
   37 (vir)     1           7.714          -1.242          -1.104          -4.473            9.841
   38 (vir)     1           8.527          -0.691          -0.177          -2.475           10.134
   39 (vir)     1           8.563          -0.967          -0.528          -3.472           10.540
   40 (vir)     1           8.669          -1.276          -1.487          -4.782           10.687
   41 (vir)     1           8.895          -0.714          -0.309          -3.017           10.888
   42 (vir)     1           9.133          -0.711          -0.325          -2.907           11.004
   43 (vir)     1           9.438          -0.758          -0.255          -2.969           11.394
   44 (vir)     1           9.695          -0.912          -0.941          -4.097           11.940
   45 (vir)     1          10.928          -1.635          -1.088          -4.708           12.913
   46 (vir)     1          10.956          -1.633          -1.518          -5.471           13.276
   47 (vir)     1          11.607          -1.141          -0.771          -3.915           13.610
   48 (vir)     1          12.654          -1.788          -1.726          -6.132           15.272
   49 (vir)     1          12.776          -2.636          -1.312          -6.037           14.865
   50 (vir)     1          12.823          -0.795          -0.328          -3.142           14.842
   51 (vir)     1          13.779          -1.189          -0.568          -3.933           15.956
   52 (vir)     1          13.984          -1.384          -0.735          -4.236           16.101
   53 (vir)     1          14.057          -2.456          -2.188          -7.452           16.865
   54 (vir)     1          14.449          -0.886          -0.450          -3.515           16.628
   55 (vir)     1          14.499          -1.120          -0.724          -3.997           16.652
   56 (vir)     1          14.826          -1.503          -0.783          -4.847           17.388
   57 (vir)     1          15.034          -1.931          -1.190          -5.677           17.590
   58 (vir)     1          15.239          -2.978          -2.432          -7.915           17.745
   59 (vir)     1          16.037          -3.001          -2.190          -7.628           18.474
   60 (vir)     1          17.340          -2.824          -1.772          -7.390           20.134
   61 (vir)     1          18.853          -2.600          -1.283          -6.123           21.094
   62 (vir)     1          20.420          -2.590          -1.567          -6.596           22.859
   63 (vir)     1          20.773          -2.163          -0.861          -5.391           23.140
   64 (vir)     1          20.973          -3.868          -0.929          -6.538           22.714
   65 (vir)     1          22.078          -3.815          -1.638          -6.975           23.600
   66 (vir)     1          22.197          -4.071          -2.533          -9.169           24.762
   67 (vir)     1          22.524          -3.476          -1.572          -7.226           24.702
   68 (vir)     1          23.930          -4.543          -2.408          -9.044           26.022
   69 (vir)     1          24.768          -4.488          -1.826          -7.812           26.265
   70 (vir)     1          25.723          -4.125          -1.403          -8.120           28.315
   71 (vir)     1          25.819          -4.996          -1.340          -7.767           27.251
   72 (vir)     1          25.883          -4.965          -1.066          -7.925           27.778
   73 (vir)     1          29.550          -9.042          -2.338          -9.924           28.094
   74 (vir)     1          30.878          -5.935          -1.558          -8.069           31.454
   75 (vir)     1          31.219          -6.423          -1.986          -8.349           31.159
   76 (vir)     1          34.491          -8.491          -1.908         -10.167           34.259
   77 (vir)     1          39.262           2.858          -1.775          -9.962           50.307
   78 (vir)     1          43.799           2.384          -1.388          -8.275           53.070
   79 (vir)     1          44.753           3.350          -2.114         -10.924           56.914
   80 (vir)     1          45.797           4.147          -1.920         -11.150           59.173
   81 (vir)     1          48.195           3.517          -1.900         -11.082           60.892
   82 (vir)     1          48.921           3.125          -1.902         -10.767           60.911
   83 (vir)     1          49.828           2.947          -2.134         -11.395           62.036
   84 (vir)     1          50.733           3.571          -1.930         -11.192           63.566
   85 (vir)     1          50.776           4.041          -2.125         -11.343           64.035
   86 (vir)     1          54.078           3.833          -1.959         -11.485           67.436
   87 (vir)     1          54.898           2.456          -1.630         -10.529           66.254
   88 (vir)     1          56.059           3.348          -2.003         -12.344           69.747
   89 (vir)     1          56.112           3.728          -1.486         -10.939           69.293
   90 (vir)     1          56.290           4.037          -1.806         -11.698           70.219
   91 (vir)     1          58.253           2.705          -1.572         -11.458           70.843
   92 (vir)     1          59.103           3.083          -1.400         -10.927           71.712
   93 (vir)     1          63.246           3.199          -1.595         -11.559           76.408
   94 (vir)     1          64.239           2.696          -1.936         -12.658           77.657
   95 (vir)     1          65.883           2.569          -1.519         -12.246           79.179
   96 (vir)     1          66.354           3.434          -1.483         -11.813           80.119
   97 (vir)     1          69.918           2.814          -1.703         -12.478           83.507
   98 (vir)     1          70.536           2.676          -1.907         -12.634           83.939
   99 (vir)     1          74.893           2.332          -1.647         -12.483           88.062
  100 (vir)     1          79.718           2.521          -1.729         -13.059           93.570
  101 (vir)     1          87.108           2.349          -1.606         -13.134          100.985
  102 (vir)     1          87.689           2.166          -1.537         -12.697          101.016
  103 (vir)     1          87.773           2.172          -1.178         -12.354          101.121
  104 (vir)     1          99.624           1.520          -1.480         -12.768          112.432
  105 (vir)     1         145.182           2.788          -1.584         -14.988          161.375
  106 (vir)     1         153.825           2.464          -1.676         -15.852          170.464
  107 (vir)     1         155.925           2.380          -1.685         -15.920          172.540
  108 (vir)     1         156.074           2.749          -1.601         -15.778          173.001
  109 (vir)     1         156.541           2.739          -1.484         -15.060          172.856
  110 (vir)     1         159.968           2.229          -1.644         -15.883          176.436
  111 (vir)     1         166.177           4.147          -0.821         -11.722          181.225
  112 (vir)     1         177.148           5.312          -0.458          -9.727          191.730
 
