 
  kpoint:       1             coordinate:     0.0000    0.0000    0.0000                  spin:  1
 
    n           k   ϵ_nk^DFT (eV)     Σ^c_nk (eV)     Σ^x_nk (eV)    v_nk^xc (eV)   ϵ_nk^G0W0 (eV)
 
    1 (occ)     1         -23.237           6.246         -23.246         -14.305          -25.932
    2 (occ)     1         -20.616           5.576         -22.512         -14.447          -23.105
    3 (occ)     1         -20.616           5.570         -22.499         -14.447          -23.098
    4 (occ)     1         -20.616           5.570         -22.499         -14.447          -23.098
    5 (occ)     1         -15.563           4.019         -20.324         -14.324          -17.544
    6 (occ)     1         -11.650           1.951         -17.600         -13.498          -13.801
    7 (occ)     1         -11.650           1.947         -17.593         -13.498          -13.798
    8 (occ)     1         -11.650           1.950         -17.596         -13.498          -13.798
    9 (occ)     1          -8.302           1.922         -16.668         -12.291          -10.757
   10 (occ)     1          -8.302           1.920         -16.662         -12.291          -10.753
   11 (occ)     1          -7.753           1.400         -16.301         -12.461          -10.193
   12 (occ)     1          -7.753           1.397         -16.293         -12.461          -10.188
   13 (occ)     1          -7.753           1.399         -16.300         -12.461          -10.193
   14 (occ)     1          -6.878           1.472         -16.899         -12.903           -9.403
   15 (occ)     1          -6.878           1.474         -16.908         -12.903           -9.409
   16 (occ)     1          -6.878           1.470         -16.897         -12.903           -9.402
   17 (vir)     1          -3.515          -2.034          -7.516         -12.333           -0.733
   18 (vir)     1          -1.886          -2.591          -6.854         -12.142            0.811
   19 (vir)     1          -1.886          -2.587          -6.854         -12.142            0.814
   20 (vir)     1          -1.886          -2.589          -6.852         -12.142            0.814
   21 (vir)     1           0.791          -1.405          -1.608          -4.875            2.653
   22 (vir)     1           0.907          -0.813          -0.983          -3.212            2.324
   23 (vir)     1           0.907          -0.813          -0.983          -3.212            2.324
   24 (vir)     1           0.907          -0.813          -0.983          -3.212            2.323
   25 (vir)     1           1.474          -0.636          -0.753          -2.699            2.784
   26 (vir)     1           1.474          -0.636          -0.753          -2.699            2.784
   27 (vir)     1           1.578          -0.803          -1.162          -3.437            3.050
   28 (vir)     1           1.578          -0.803          -1.162          -3.437            3.050
   29 (vir)     1           1.578          -0.803          -1.162          -3.437            3.050
   30 (vir)     1           3.532          -1.777          -2.675          -6.722            5.802
   31 (vir)     1           3.532          -1.777          -2.675          -6.722            5.803
   32 (vir)     1           3.532          -1.776          -2.675          -6.722            5.804
   33 (vir)     1           4.097          -1.589          -3.327          -7.577            6.758
   34 (vir)     1           4.097          -1.588          -3.328          -7.577            6.758
   35 (vir)     1           4.299          -1.570          -2.647          -6.548            6.629
   36 (vir)     1           4.299          -1.569          -2.647          -6.548            6.630
   37 (vir)     1           4.299          -1.570          -2.648          -6.548            6.629
   38 (vir)     1           5.503          -1.780          -2.099          -6.074            7.698
   39 (vir)     1           5.503          -1.778          -2.101          -6.074            7.698
   40 (vir)     1           5.503          -1.778          -2.099          -6.074            7.700
   41 (vir)     1           5.778          -1.574          -2.257          -6.290            8.237
   42 (vir)     1           5.778          -1.574          -2.257          -6.290            8.237
   43 (vir)     1           5.778          -1.574          -2.258          -6.290            8.236
   44 (vir)     1           6.627          -2.662          -2.266          -6.891            8.591
   45 (vir)     1           6.842          -1.606          -2.617          -6.726            9.344
   46 (vir)     1           6.842          -1.604          -2.619          -6.726            9.346
   47 (vir)     1           7.968          -2.695          -2.093          -6.710            9.890
   48 (vir)     1           7.968          -2.688          -2.093          -6.710            9.897
   49 (vir)     1           7.968          -2.692          -2.093          -6.710            9.893
   50 (vir)     1           8.012          -1.896          -0.701          -4.290            9.705
   51 (vir)     1           8.588          -1.924          -1.390          -5.332           10.606
   52 (vir)     1           8.588          -1.927          -1.389          -5.332           10.605
   53 (vir)     1           8.588          -1.933          -1.389          -5.332           10.598
   54 (vir)     1           9.517          -2.328          -1.580          -5.819           11.428
   55 (vir)     1           9.560          -1.840          -1.249          -5.057           11.528
   56 (vir)     1           9.560          -1.843          -1.248          -5.057           11.525
   57 (vir)     1           9.931          -2.117          -1.776          -5.835           11.873
   58 (vir)     1           9.931          -2.122          -1.777          -5.835           11.866
   59 (vir)     1           9.931          -2.117          -1.778          -5.835           11.871
   60 (vir)     1          10.538          -1.674          -0.847          -4.583           12.599
   61 (vir)     1          10.538          -1.666          -0.847          -4.583           12.607
   62 (vir)     1          10.538          -1.670          -0.848          -4.583           12.602
   63 (vir)     1          11.487          -2.272          -1.253          -5.534           13.496
   64 (vir)     1          11.487          -2.273          -1.253          -5.534           13.495
   65 (vir)     1          11.487          -2.272          -1.252          -5.534           13.497
   66 (vir)     1          11.813          -2.133          -2.105          -6.722           14.297
   67 (vir)     1          11.813          -2.129          -2.105          -6.722           14.300
   68 (vir)     1          12.428          -1.823          -0.966          -4.909           14.548
   69 (vir)     1          12.428          -1.818          -0.965          -4.909           14.555
   70 (vir)     1          12.428          -1.828          -0.966          -4.909           14.543
   71 (vir)     1          13.161          -2.582          -1.778          -6.558           15.359
   72 (vir)     1          13.161          -2.579          -1.777          -6.558           15.362
   73 (vir)     1          13.161          -2.580          -1.778          -6.558           15.361
   74 (vir)     1          13.744          -1.761          -1.376          -5.503           16.110
   75 (vir)     1          13.744          -1.766          -1.376          -5.503           16.104
   76 (vir)     1          13.744          -1.758          -1.375          -5.503           16.113
   77 (vir)     1          14.175          -1.493          -1.409          -5.682           16.955
   78 (vir)     1          14.175          -1.487          -1.409          -5.682           16.961
   79 (vir)     1          14.175          -1.496          -1.408          -5.682           16.952
   80 (vir)     1          15.354          -1.885          -0.451          -4.218           17.236
   81 (vir)     1          16.080          -2.693          -2.452          -7.797           18.732
   82 (vir)     1          16.080          -2.691          -2.451          -7.797           18.734
   83 (vir)     1          16.264          -3.639          -0.926          -5.096           16.795
   84 (vir)     1          16.869          -3.608          -2.321          -7.605           18.545
   85 (vir)     1          16.869          -3.605          -2.322          -7.605           18.546
   86 (vir)     1          16.869          -3.591          -2.324          -7.605           18.560
   87 (vir)     1          16.996          -3.559          -1.272          -5.651           17.816
   88 (vir)     1          16.996          -3.474          -1.271          -5.651           17.903
   89 (vir)     1          16.996          -3.473          -1.269          -5.651           17.904
   90 (vir)     1          17.883          -3.739          -2.206          -7.872           19.810
   91 (vir)     1          17.883          -3.734          -2.207          -7.872           19.815
   92 (vir)     1          17.883          -3.726          -2.208          -7.872           19.821
   93 (vir)     1          19.684          -4.428          -1.627          -6.900           20.529
   94 (vir)     1          20.984          -3.685          -2.366          -8.154           23.087
   95 (vir)     1          20.984          -3.684          -2.368          -8.154           23.086
   96 (vir)     1          20.984          -3.691          -2.365          -8.154           23.081
   97 (vir)     1          21.312          -8.838          -3.328         -11.088           20.233
   98 (vir)     1          24.775           0.440          -3.628         -11.949           33.536
   99 (vir)     1          24.775           0.447          -3.632         -11.949           33.540
  100 (vir)     1          24.775           0.447          -3.628         -11.949           33.543
  101 (vir)     1          26.645           2.248          -3.456         -11.254           36.692
  102 (vir)     1          26.645           2.212          -3.452         -11.254           36.659
  103 (vir)     1          26.645           2.270          -3.450         -11.254           36.719
  104 (vir)     1          27.361          -5.799          -2.250          -8.964           28.276
  105 (vir)     1          27.361          -5.776          -2.250          -8.964           28.298
  106 (vir)     1          27.361          -5.796          -2.249          -8.964           28.281
  107 (vir)     1          29.099          -7.817          -3.348         -11.266           29.201
  108 (vir)     1          29.099          -7.816          -3.346         -11.266           29.204
  109 (vir)     1          29.845          -9.052          -3.076         -11.409           29.126
  110 (vir)     1          30.742          -5.002          -3.065         -11.054           33.730
  111 (vir)     1          30.742          -4.946          -3.066         -11.054           33.785
  112 (vir)     1          30.742          -4.997          -3.068         -11.054           33.731
  113 (vir)     1          31.120           1.295          -3.217         -11.623           40.820
  114 (vir)     1          31.120           1.284          -3.221         -11.623           40.806
  115 (vir)     1          31.120           1.301          -3.220         -11.623           40.824
  116 (vir)     1          31.269          -1.269          -3.054         -11.532           38.478
  117 (vir)     1          31.269          -1.325          -3.056         -11.532           38.420
  118 (vir)     1          33.927           1.405          -2.335          -9.954           42.951
  119 (vir)     1          33.927           1.407          -2.337          -9.954           42.951
  120 (vir)     1          33.927           1.417          -2.333          -9.954           42.965
  121 (vir)     1          41.417          -9.163          -3.836         -14.135           42.553
  122 (vir)     1          41.417          -9.165          -3.830         -14.135           42.557
  123 (vir)     1          43.012           3.833          -3.094         -13.389           57.140
  124 (vir)     1          43.012           3.751          -3.102         -13.389           57.049
  125 (vir)     1          43.012           3.788          -3.098         -13.389           57.091
  126 (vir)     1          52.774           3.504          -2.733         -13.829           67.373
  127 (vir)     1          52.774           3.480          -2.733         -13.829           67.349
  128 (vir)     1          52.774           3.481          -2.729         -13.829           67.354
  129 (vir)     1          71.881           3.773          -2.094         -12.093           85.653
  130 (vir)     1          71.881           3.784          -2.092         -12.093           85.666
  131 (vir)     1          71.881           3.782          -2.093         -12.093           85.663
  132 (vir)     1          72.706           4.151          -2.068         -12.089           86.878
  133 (vir)     1          72.706           4.155          -2.069         -12.089           86.881
  134 (vir)     1          76.889           3.030          -1.896         -11.831           89.854
  135 (vir)     1          76.889           3.013          -1.896         -11.831           89.837
  136 (vir)     1          76.889           3.009          -1.900         -11.831           89.830
  137 (vir)     1          77.859           3.652          -1.746         -11.787           91.551
  138 (vir)     1          80.423           2.488          -1.971         -12.737           93.678
  139 (vir)     1          80.423           2.502          -1.968         -12.737           93.694
  140 (vir)     1          80.423           2.499          -1.972         -12.737           93.687
  141 (vir)     1         105.427         -10.513          -0.703          -8.518          102.729
  142 (vir)     1         110.960         -12.835          -0.755          -8.825          106.196
  143 (vir)     1         110.960         -12.837          -0.758          -8.825          106.190
  144 (vir)     1         110.960         -12.808          -0.743          -8.825          106.234
  145 (vir)     1         219.212           7.554          -0.809         -12.061          238.018
 
