 
  kpoint:       1             coordinate:     0.0000    0.0000    0.0000                  spin:  1
 
    n           k   ϵ_nk^DFT (eV)     Σ^c_nk (eV)     Σ^x_nk (eV)    v_nk^xc (eV)   ϵ_nk^G0W0 (eV)
 
    1 (occ)     1         -21.196           7.833         -26.420         -16.751          -23.033
    2 (occ)     1         -12.308           2.790         -17.996         -12.674          -14.841
    3 (occ)     1          -8.274           0.395         -16.917         -13.324          -11.472
    4 (occ)     1          -8.274           0.394         -16.916         -13.324          -11.472
    5 (occ)     1          -7.699           2.075         -20.523         -15.260          -10.888
    6 (vir)     1          -3.336          -1.343          -6.825         -11.728            0.224
    7 (vir)     1          -3.336          -1.342          -6.826         -11.728            0.224
    8 (vir)     1           0.147          -1.211          -3.353          -7.491            3.074
    9 (vir)     1           2.082          -0.838          -0.793          -3.232            3.683
   10 (vir)     1           2.082          -0.839          -0.792          -3.232            3.683
   11 (vir)     1           2.416          -0.811          -1.119          -3.670            4.155
   12 (vir)     1           3.252          -0.472          -0.544          -2.314            4.550
   13 (vir)     1           3.252          -0.472          -0.544          -2.314            4.550
   14 (vir)     1           4.019          -0.908          -1.091          -3.879            5.899
   15 (vir)     1           4.171          -1.081          -1.254          -4.471            6.308
   16 (vir)     1           4.171          -1.079          -1.254          -4.471            6.310
   17 (vir)     1           4.707          -1.321          -0.790          -3.277            5.874
   18 (vir)     1           4.707          -1.314          -0.790          -3.277            5.880
   19 (vir)     1           5.088          -1.795          -1.284          -4.932            6.941
   20 (vir)     1           5.088          -1.798          -1.283          -4.932            6.938
   21 (vir)     1           6.260          -1.318          -1.397          -4.918            8.464
   22 (vir)     1           7.962          -1.939          -2.734          -7.516           10.804
   23 (vir)     1           8.759          -0.660          -0.299          -3.384           11.183
   24 (vir)     1           8.759          -0.659          -0.299          -3.384           11.185
   25 (vir)     1           8.845          -1.002          -0.820          -4.242           11.265
   26 (vir)     1           8.845          -0.999          -0.819          -4.242           11.269
   27 (vir)     1          10.421          -1.585          -1.946          -6.250           13.140
   28 (vir)     1          11.039          -1.524          -0.773          -4.333           13.074
   29 (vir)     1          11.039          -1.531          -0.774          -4.333           13.066
   30 (vir)     1          12.946          -1.386          -1.472          -5.493           15.581
   31 (vir)     1          14.359          -2.123          -2.128          -9.010           19.118
   32 (vir)     1          14.359          -2.117          -2.128          -9.010           19.125
   33 (vir)     1          14.395          -8.789          -3.646         -11.467           13.426
   34 (vir)     1          14.395          -8.811          -3.646         -11.467           13.406
   35 (vir)     1          21.129          -4.534          -1.873          -7.935           22.657
   36 (vir)     1          21.129          -4.524          -1.874          -7.935           22.666
   37 (vir)     1          24.634          -5.909          -1.614          -8.032           25.144
   38 (vir)     1          24.634          -6.077          -1.612          -8.032           24.977
   39 (vir)     1          25.050          -7.714          -3.992         -12.394           25.738
   40 (vir)     1          28.852          -8.629          -2.834         -11.797           29.186
   41 (vir)     1          39.034           4.329          -2.904         -10.956           51.415
   42 (vir)     1          39.915           0.348          -4.475         -14.287           50.075
   43 (vir)     1          39.915           0.345          -4.475         -14.287           50.072
   44 (vir)     1          47.252           3.761          -3.841         -13.946           61.118
   45 (vir)     1          47.252           3.793          -3.838         -13.946           61.154
   46 (vir)     1          49.360          -4.888          -1.588          -9.620           52.504
   47 (vir)     1          49.360          -4.309          -1.588          -9.620           53.084
   48 (vir)     1          52.082           2.161          -2.625         -11.519           63.137
   49 (vir)     1          53.475           3.005          -2.008         -10.910           65.382
   50 (vir)     1          53.475           3.017          -2.011         -10.910           65.391
   51 (vir)     1          54.193           1.504          -2.738         -12.217           65.176
   52 (vir)     1          54.193           1.507          -2.737         -12.217           65.179
   53 (vir)     1          59.010           2.025          -4.243         -14.982           71.774
   54 (vir)     1          69.134           4.480          -2.405         -13.448           84.657
   55 (vir)     1          69.134           4.533          -2.408         -13.448           84.706
   56 (vir)     1          70.078           3.843          -2.700         -13.927           85.148
   57 (vir)     1         103.402         -11.137          -0.663          -8.081           99.683
   58 (vir)     1         154.771           2.073          -1.840         -13.384          168.388
 
