 
  kpoint:       1             coordinate:     0.0000    0.0000    0.0000                  spin:  1
 
    n           k   ϵ_nk^DFT (eV)     Σ^c_nk (eV)     Σ^x_nk (eV)    v_nk^xc (eV)   ϵ_nk^G0W0 (eV)
 
    1 (occ)     1         -29.443          10.800         -37.353         -23.060          -32.936
    2 (occ)     1         -29.166          10.759         -37.806         -23.475          -32.738
    3 (occ)     1         -29.166          10.719         -37.753         -23.475          -32.725
    4 (occ)     1         -12.225           3.870         -27.290         -20.033          -15.611
    5 (occ)     1         -11.138           3.896         -28.645         -21.691          -14.196
    6 (occ)     1         -11.137           3.902         -28.667         -21.689          -14.214
    7 (occ)     1         -10.574           3.822         -27.303         -20.239          -13.815
    8 (occ)     1         -10.222           3.858         -28.022         -21.538          -12.848
    9 (occ)     1         -10.220           3.853         -27.989         -21.535          -12.821
   10 (occ)     1         -10.040           3.977         -28.783         -21.879          -12.967
   11 (occ)     1         -10.039           4.038         -28.990         -21.878          -13.113
   12 (occ)     1          -9.510           3.904         -28.947         -22.828          -11.725
   13 (vir)     1          -2.215          -0.894          -4.078          -8.425            1.237
   14 (vir)     1          -0.784          -0.694          -4.224          -8.420            2.717
   15 (vir)     1           1.358          -0.360          -1.665          -4.696            4.028
   16 (vir)     1           1.358          -0.366          -1.622          -4.694            4.064
   17 (vir)     1           1.861          -0.395          -1.372          -4.023            4.117
   18 (vir)     1           3.296          -0.440          -2.603          -6.294            6.547
   19 (vir)     1           3.297          -0.445          -2.593          -6.295            6.553
   20 (vir)     1           4.590          -0.798          -0.750          -4.284            7.326
   21 (vir)     1           7.645          -1.131          -2.114          -7.231           11.632
   22 (vir)     1           7.646          -1.138          -2.121          -7.230           11.617
   23 (vir)     1           9.657          -1.812          -3.203          -9.780           14.421
   24 (vir)     1           9.657          -1.793          -3.149          -9.780           14.494
   25 (vir)     1           9.855          -1.101          -1.714          -6.451           13.491
   26 (vir)     1          13.693          -2.853          -3.601         -10.840           18.080
   27 (vir)     1          17.711          -1.933          -3.039          -9.860           22.598
   28 (vir)     1          17.711          -1.968          -3.093          -9.860           22.510
   29 (vir)     1          19.578          -4.046          -4.613         -13.128           24.046
   30 (vir)     1          19.579          -4.071          -4.594         -13.126           24.040
   31 (vir)     1          23.519          -1.127          -3.147         -11.033           30.278
   32 (vir)     1          23.520          -1.206          -3.157         -11.032           30.189
   33 (vir)     1          25.936          -1.853          -2.509          -9.064           30.639
   34 (vir)     1          27.922          -3.170          -4.625         -15.056           35.184
   35 (vir)     1          27.922          -2.806          -3.434         -12.124           33.807
   36 (vir)     1          27.922          -2.781          -3.436         -12.124           33.830
   37 (vir)     1          28.089          -2.601          -3.507         -11.965           33.946
   38 (vir)     1          28.089          -2.625          -3.546         -11.965           33.883
   39 (vir)     1          28.372          -2.401          -3.329         -12.046           34.688
   40 (vir)     1          28.990           1.019          -2.677         -10.294           37.626
   41 (vir)     1          30.565           0.047          -3.687         -12.472           39.398
   42 (vir)     1          31.012           1.342          -3.754         -13.128           41.728
   43 (vir)     1          31.013           1.373          -3.722         -13.127           41.792
   44 (vir)     1          32.212           1.655          -3.441         -11.994           42.419
   45 (vir)     1          33.335          -2.363          -4.036         -14.112           41.048
   46 (vir)     1          35.240           1.567          -2.811         -11.198           45.194
   47 (vir)     1          35.240           1.538          -2.816         -11.198           45.161
   48 (vir)     1          36.333           0.889          -3.080         -12.070           46.212
   49 (vir)     1          36.334           0.891          -3.063         -12.069           46.230
   50 (vir)     1          38.880           0.815          -4.098         -15.556           51.153
   51 (vir)     1          55.858           0.704          -4.100         -17.526           69.987
   52 (vir)     1          55.864           0.689          -4.080         -17.521           69.994
 
