 
  kpoint:       1             coordinate:     0.0000    0.0000    0.0000                  spin:  1
 
    n           k   ϵ_nk^DFT (eV)     Σ^c_nk (eV)     Σ^x_nk (eV)    v_nk^xc (eV)   ϵ_nk^G0W0 (eV)
 
    1 (occ)     1         -25.573           8.540         -31.509         -19.639          -28.904
    2 (occ)     1         -16.920           3.989         -24.000         -15.858          -21.074
    3 (occ)     1         -12.564           2.173         -23.096         -16.926          -16.562
    4 (occ)     1         -10.644           1.914         -20.608         -14.722          -14.616
    5 (occ)     1         -10.334           1.860         -21.677         -15.866          -14.285
    6 (occ)     1          -7.992           1.934         -22.930         -17.154          -11.835
    7 (occ)     1          -6.317           2.397         -24.271         -18.160          -10.031
    8 (vir)     1          -0.443          -0.696          -1.501          -4.117            1.476
    9 (vir)     1           0.083          -0.576          -1.252          -3.478            1.733
   10 (vir)     1           0.754          -0.396          -0.649          -2.315            2.025
   11 (vir)     1           0.807          -0.402          -0.722          -2.434            2.118
   12 (vir)     1           1.771          -0.345          -0.620          -2.259            3.065
   13 (vir)     1           1.895          -0.322          -0.567          -2.232            3.237
   14 (vir)     1           1.980          -0.308          -0.382          -1.945            3.236
   15 (vir)     1           2.158          -0.189          -0.487          -1.765            3.247
   16 (vir)     1           2.206          -0.198          -0.349          -1.673            3.332
   17 (vir)     1           3.190          -1.134          -3.092          -6.400            5.364
   18 (vir)     1           3.972          -1.132          -2.675          -6.040            6.204
   19 (vir)     1           4.103          -1.043          -2.191          -5.552            6.422
   20 (vir)     1           4.277          -1.098          -2.441          -5.953            6.691
   21 (vir)     1           4.362          -1.222          -2.996          -6.803            6.947
   22 (vir)     1           6.339          -0.867          -1.460          -4.643            8.655
   23 (vir)     1           6.350          -0.866          -1.519          -4.689            8.654
   24 (vir)     1           6.841          -0.851          -1.564          -4.806            9.233
   25 (vir)     1           6.988          -1.060          -1.589          -5.188            9.527
   26 (vir)     1           7.157          -0.896          -1.189          -4.364            9.437
   27 (vir)     1           7.921          -0.699          -0.652          -3.549           10.119
   28 (vir)     1           8.473          -0.614          -0.625          -3.488           10.722
   29 (vir)     1           9.679          -2.817          -3.837          -9.828           12.854
   30 (vir)     1          11.220          -1.412          -2.186          -6.335           13.958
   31 (vir)     1          11.852          -1.410          -1.879          -6.029           14.593
   32 (vir)     1          11.899          -1.629          -2.536          -6.958           14.692
   33 (vir)     1          12.254          -1.809          -2.287          -6.932           15.090
   34 (vir)     1          13.589          -2.305          -2.826          -8.152           16.611
   35 (vir)     1          14.305          -1.358          -1.391          -5.561           17.118
   36 (vir)     1          14.643          -1.424          -1.363          -5.367           17.224
   37 (vir)     1          15.070          -1.428          -1.079          -5.270           17.833
   38 (vir)     1          15.529          -1.032          -0.858          -4.600           18.239
   39 (vir)     1          15.753          -1.276          -0.699          -4.546           18.324
   40 (vir)     1          15.806          -1.034          -0.636          -4.197           18.332
   41 (vir)     1          17.510          -2.727          -2.517          -8.262           20.528
   42 (vir)     1          20.850          -2.710          -2.618          -8.756           24.278
   43 (vir)     1          22.469          -3.162          -2.608          -8.877           25.575
   44 (vir)     1          22.826          -3.530          -3.697         -10.872           26.471
   45 (vir)     1          24.745          -3.123          -3.039          -9.649           28.231
   46 (vir)     1          25.660          -3.398          -2.111          -8.268           28.419
   47 (vir)     1          27.747          -3.483          -2.281          -8.348           30.331
   48 (vir)     1          31.211          -4.193          -4.279         -12.365           35.104
   49 (vir)     1          31.424          -4.264          -4.123         -12.281           35.318
   50 (vir)     1          34.717          -5.681          -3.875         -12.770           37.931
   51 (vir)     1          35.461          -6.395          -3.866         -12.941           38.141
   52 (vir)     1          38.627          -6.749          -3.923         -13.204           41.160
   53 (vir)     1          38.688          -5.859          -3.943         -13.234           42.121
   54 (vir)     1          45.047           2.359          -4.396         -13.968           56.978
   55 (vir)     1          46.030          -6.333          -3.342         -12.684           49.039
   56 (vir)     1          49.811           4.548          -3.407         -13.129           64.081
   57 (vir)     1          50.636          -9.623          -2.651         -11.988           50.349
   58 (vir)     1          52.719           4.976          -2.237         -11.726           67.184
   59 (vir)     1          56.031          -9.223          -2.337         -12.258           56.728
   60 (vir)     1          57.337           4.564          -3.848         -14.866           72.919
   61 (vir)     1          58.635           4.591          -2.330         -12.447           73.342
   62 (vir)     1          60.138           4.648          -3.074         -13.662           75.374
   63 (vir)     1          60.643           5.408          -2.963         -13.991           77.079
   64 (vir)     1          61.637           4.094          -2.823         -13.737           76.645
   65 (vir)     1          63.566           3.034          -2.595         -12.998           77.003
   66 (vir)     1          64.742           3.883          -2.539         -13.318           79.403
   67 (vir)     1          65.937           3.965          -2.663         -13.232           80.470
   68 (vir)     1          73.119           3.386          -2.348         -13.311           87.467
   69 (vir)     1          73.816           3.532          -2.679         -14.393           89.061
   70 (vir)     1          77.507           3.414          -2.971         -14.713           92.663
   71 (vir)     1          82.866           2.534          -2.775         -14.704           97.330
   72 (vir)     1          92.371           3.232          -2.348         -14.484          107.739
   73 (vir)     1          93.184           2.473          -2.374         -14.481          107.765
   74 (vir)     1         127.767           8.451          -2.057         -18.054          152.215
   75 (vir)     1         127.811           7.466          -2.883         -19.755          152.149
   76 (vir)     1         132.809           8.190          -2.131         -19.130          157.998
   77 (vir)     1         147.667           2.783          -1.832         -16.331          164.949
   78 (vir)     1         152.872           2.304          -1.853         -16.065          169.387
   79 (vir)     1         161.594           1.659          -1.899         -16.112          177.466
   80 (vir)     1         161.869           2.012          -1.826         -16.131          178.187
   81 (vir)     1         173.961           1.124          -2.141         -16.369          189.313
   82 (vir)     1         179.224           1.206          -5.188         -23.397          198.639
   83 (vir)     1         179.722           0.980          -3.679         -20.881          197.904
   84 (vir)     1         182.214           1.145          -4.343         -23.317          202.333
   85 (vir)     1         186.356           1.698          -3.466         -22.592          207.180
   86 (vir)     1         191.172           1.620          -4.521         -22.846          211.117
   87 (vir)     1         228.711           0.887          -2.799         -20.670          247.469
   88 (vir)     1         233.174           1.131          -2.881         -21.419          252.844
   89 (vir)     1         234.700           1.015          -2.748         -21.430          254.396
   90 (vir)     1         236.561           0.937          -2.965         -21.680          256.213
   91 (vir)     1         236.878           0.718          -3.083         -21.748          256.261
   92 (vir)     1         237.477           0.923          -2.895         -21.821          257.326
   93 (vir)     1         239.840           1.149          -2.757         -21.415          259.648
   94 (vir)     1         253.765           0.914          -1.261         -17.800          271.217
 
