 
  kpoint:       1             coordinate:     0.0000    0.0000    0.0000                  spin:  1
 
    n           k   ϵ_nk^DFT (eV)     Σ^c_nk (eV)     Σ^x_nk (eV)    v_nk^xc (eV)   ϵ_nk^G0W0 (eV)
 
    1 (occ)     1         -12.562           2.224         -18.493         -11.968          -16.863
    2 (occ)     1          -8.477           0.848         -17.252         -12.297          -12.584
    3 (occ)     1          -8.477           0.847         -17.249         -12.297          -12.583
    4 (vir)     1          -2.919          -1.852          -2.485          -7.642            0.386
    5 (vir)     1           0.187          -0.352          -0.597          -2.338            1.575
    6 (vir)     1           1.233          -0.290          -0.551          -2.096            2.488
    7 (vir)     1           1.233          -0.290          -0.551          -2.096            2.488
    8 (vir)     1           2.269          -0.564          -0.332          -2.162            3.535
    9 (vir)     1           2.270          -0.514          -1.081          -3.581            4.256
   10 (vir)     1           2.270          -0.515          -1.082          -3.581            4.254
   11 (vir)     1           3.056          -0.853          -1.063          -3.921            5.061
   12 (vir)     1           3.356          -0.410          -0.331          -2.429            5.043
   13 (vir)     1           3.356          -0.409          -0.331          -2.429            5.045
   14 (vir)     1           4.302          -0.540          -0.865          -2.900            5.796
   15 (vir)     1           5.138          -0.779          -1.640          -4.649            7.368
   16 (vir)     1           5.138          -0.777          -1.641          -4.649            7.369
   17 (vir)     1           6.113          -0.277          -0.141          -2.062            7.758
   18 (vir)     1           6.656          -0.577          -1.107          -3.704            8.677
   19 (vir)     1           6.656          -0.579          -1.107          -3.704            8.674
   20 (vir)     1           7.009          -0.579          -0.415          -3.099            9.114
   21 (vir)     1           7.576          -0.494          -0.260          -2.726            9.548
   22 (vir)     1           7.576          -0.498          -0.260          -2.726            9.544
   23 (vir)     1           7.588          -1.150          -0.420          -3.261            9.278
   24 (vir)     1           7.875          -0.286          -0.205          -2.561            9.945
   25 (vir)     1           7.875          -0.290          -0.204          -2.561            9.941
   26 (vir)     1           8.131          -0.780          -0.286          -3.087           10.151
   27 (vir)     1           8.534          -0.631          -0.859          -3.992           11.036
   28 (vir)     1           8.534          -0.631          -0.860          -3.992           11.035
   29 (vir)     1           9.657          -0.812          -0.966          -3.783           11.662
   30 (vir)     1          13.860          -1.048          -0.907          -4.789           16.694
   31 (vir)     1          13.939          -1.791          -1.994          -6.971           17.125
   32 (vir)     1          13.939          -1.807          -1.990          -6.971           17.113
   33 (vir)     1          14.555          -2.662          -2.745          -8.840           17.988
   34 (vir)     1          19.674          -2.095          -1.557          -6.799           22.821
   35 (vir)     1          19.675          -2.110          -1.560          -6.799           22.803
   36 (vir)     1          23.638          -3.353          -2.264          -8.996           27.017
   37 (vir)     1          23.638          -3.337          -2.262          -8.996           27.034
   38 (vir)     1          27.138          -8.246          -2.114          -9.228           26.006
   39 (vir)     1          27.138          -8.275          -2.119          -9.228           25.971
   40 (vir)     1          27.164          -5.824          -0.738          -7.373           27.975
   41 (vir)     1          32.595           2.022          -1.931          -9.882           42.567
   42 (vir)     1          42.127           3.285          -1.960         -10.329           53.781
   43 (vir)     1          43.837           0.182          -2.167         -10.711           52.563
   44 (vir)     1          43.837           0.181          -2.169         -10.711           52.561
   45 (vir)     1          51.587          -0.265          -2.258         -10.996           60.061
   46 (vir)     1          51.824           2.267          -1.755         -10.881           63.218
   47 (vir)     1          51.825           2.288          -1.755         -10.881           63.239
   48 (vir)     1          55.279           2.815          -2.077         -11.980           67.997
   49 (vir)     1          55.280           2.742          -2.077         -11.980           67.925
   50 (vir)     1          65.048           0.340          -2.359         -12.668           75.697
   51 (vir)     1          82.232           1.132          -1.872         -12.994           94.486
   52 (vir)     1          82.233           1.342          -1.874         -12.994           94.695
   53 (vir)     1         139.391           3.421          -0.560          -9.802          152.053
   54 (vir)     1         151.233           1.875          -1.809         -16.145          167.444
   55 (vir)     1         154.777           1.962          -1.733         -15.931          170.936
   56 (vir)     1         154.777           1.972          -1.734         -15.931          170.946
 
