 
  kpoint:       1             coordinate:     0.0000    0.0000    0.0000                  spin:  1
 
    n           k   ϵ_nk^DFT (eV)     Σ^c_nk (eV)     Σ^x_nk (eV)    v_nk^xc (eV)   ϵ_nk^G0W0 (eV)
 
    1 (occ)     1         -25.406           9.047         -31.302         -19.509          -28.152
    2 (occ)     1         -18.545           5.139         -24.459         -15.526          -22.338
    3 (occ)     1         -14.915           3.587         -23.160         -15.491          -18.997
    4 (occ)     1         -12.639           2.293         -22.810         -16.576          -16.579
    5 (occ)     1         -11.446           2.098         -20.357         -14.318          -15.387
    6 (occ)     1          -9.759           1.878         -21.326         -15.752          -13.455
    7 (occ)     1          -9.276           1.300         -20.384         -15.375          -12.985
    8 (occ)     1          -8.805           1.400         -19.950         -14.658          -12.697
    9 (occ)     1          -7.906           1.803         -22.391         -16.920          -11.574
   10 (occ)     1          -6.134           2.384         -24.090         -18.020           -9.820
   11 (vir)     1          -0.517          -0.759          -1.638          -4.277            1.362
   12 (vir)     1           0.049          -0.622          -1.322          -3.574            1.678
   13 (vir)     1           0.468          -0.503          -0.844          -2.763            1.884
   14 (vir)     1           0.499          -0.482          -0.786          -2.668            1.899
   15 (vir)     1           1.117          -0.497          -0.912          -2.828            2.537
   16 (vir)     1           1.406          -0.373          -0.532          -2.078            2.580
   17 (vir)     1           1.467          -0.329          -0.481          -1.895            2.551
   18 (vir)     1           1.691          -0.350          -0.528          -2.147            2.960
   19 (vir)     1           1.722          -0.312          -0.662          -2.209            2.958
   20 (vir)     1           2.830          -0.800          -1.811          -4.356            4.575
   21 (vir)     1           3.002          -0.950          -2.279          -5.135            4.908
   22 (vir)     1           3.374          -0.627          -1.235          -3.398            4.910
   23 (vir)     1           3.581          -0.748          -1.469          -4.150            5.515
   24 (vir)     1           3.727          -0.736          -1.405          -3.884            5.471
   25 (vir)     1           3.855          -0.627          -1.118          -3.404            5.514
   26 (vir)     1           3.878          -0.500          -0.698          -2.828            5.507
   27 (vir)     1           4.261          -0.849          -1.600          -4.275            6.087
   28 (vir)     1           4.355          -1.407          -3.419          -7.136            6.664
   29 (vir)     1           4.412          -1.083          -2.234          -5.456            6.550
   30 (vir)     1           4.704          -0.903          -1.686          -4.388            6.503
   31 (vir)     1           4.810          -0.979          -2.049          -5.089            6.871
   32 (vir)     1           5.120          -1.471          -3.189          -7.219            7.679
   33 (vir)     1           6.197          -1.069          -1.683          -4.900            8.346
   34 (vir)     1           6.399          -0.946          -1.374          -4.429            8.509
   35 (vir)     1           7.046          -1.218          -1.949          -5.536            9.415
   36 (vir)     1           7.120          -0.821          -1.078          -3.998            9.219
   37 (vir)     1           7.765          -1.176          -1.722          -5.292           10.159
   38 (vir)     1           7.781          -0.962          -1.520          -4.774           10.073
   39 (vir)     1           7.961          -0.920          -1.609          -4.805           10.237
   40 (vir)     1           8.614          -1.165          -1.532          -5.244           11.161
   41 (vir)     1           9.526          -0.999          -0.948          -4.444           12.022
   42 (vir)     1           9.688          -2.317          -3.223          -8.379           12.527
   43 (vir)     1          10.168          -0.806          -0.425          -3.341           12.278
   44 (vir)     1          10.590          -1.535          -1.767          -5.877           13.166
   45 (vir)     1          11.576          -3.255          -3.503          -9.771           14.589
   46 (vir)     1          12.133          -1.291          -1.483          -5.173           14.533
   47 (vir)     1          12.383          -1.751          -2.354          -6.789           15.067
   48 (vir)     1          12.414          -1.973          -2.576          -7.392           15.256
   49 (vir)     1          13.458          -2.085          -2.342          -7.235           16.267
   50 (vir)     1          13.580          -1.891          -1.878          -6.480           16.291
   51 (vir)     1          13.835          -2.346          -2.538          -7.745           16.696
   52 (vir)     1          13.869          -1.672          -1.473          -5.756           16.481
   53 (vir)     1          13.935          -2.701          -3.142          -8.935           17.027
   54 (vir)     1          15.456          -2.050          -1.896          -6.883           18.394
   55 (vir)     1          16.701          -3.125          -2.871          -8.922           19.626
   56 (vir)     1          17.252          -1.895          -1.574          -6.551           20.335
   57 (vir)     1          17.916          -2.186          -1.505          -6.481           20.706
   58 (vir)     1          18.759          -2.144          -2.068          -7.251           21.798
   59 (vir)     1          19.232          -2.772          -1.872          -7.476           22.063
   60 (vir)     1          19.668          -1.651          -1.375          -5.772           22.415
   61 (vir)     1          21.212          -3.125          -2.426          -8.635           24.296
   62 (vir)     1          21.837          -2.388          -1.619          -6.917           24.747
   63 (vir)     1          22.020          -2.876          -1.598          -7.280           24.826
   64 (vir)     1          22.905          -2.650          -2.200          -7.946           26.001
   65 (vir)     1          23.029          -2.835          -2.663          -8.704           26.235
   66 (vir)     1          24.095          -3.115          -1.653          -7.407           26.733
   67 (vir)     1          25.044          -3.402          -1.721          -7.561           27.482
   68 (vir)     1          25.086          -3.308          -2.252          -8.519           28.045
   69 (vir)     1          27.440          -3.487          -2.335          -8.500           30.118
   70 (vir)     1          27.770          -3.712          -2.768          -9.178           30.467
   71 (vir)     1          28.632          -3.103          -1.565          -7.223           31.186
   72 (vir)     1          30.578          -3.667          -2.255          -8.634           33.291
   73 (vir)     1          30.709          -3.613          -2.373          -8.738           33.460
   74 (vir)     1          31.670          -3.612          -2.366          -8.516           34.208
   75 (vir)     1          33.005          -4.186          -2.599          -9.232           35.452
   76 (vir)     1          34.490          -4.887          -2.937         -10.454           37.119
   77 (vir)     1          34.869          -5.862          -4.191         -12.702           37.519
   78 (vir)     1          35.873          -4.890          -2.205          -9.187           37.966
   79 (vir)     1          36.945          -6.183          -2.778         -10.910           38.894
   80 (vir)     1          38.904          -7.563          -3.243         -11.974           40.072
   81 (vir)     1          41.789          -6.474          -2.396         -10.231           43.149
   82 (vir)     1          41.955          -7.774          -3.363         -12.050           42.867
   83 (vir)     1          44.172          -9.258          -2.877         -12.435           44.472
   84 (vir)     1          44.869          -8.058          -3.360         -11.696           45.148
   85 (vir)     1          46.244         -10.425          -3.913         -13.285           45.190
   86 (vir)     1          46.498          -9.663          -3.045         -12.058           45.848
   87 (vir)     1          47.624         -10.523          -3.335         -12.489           46.256
   88 (vir)     1          50.437         -10.661          -3.482         -12.942           49.235
   89 (vir)     1          51.454         -10.200          -3.266         -13.172           51.160
   90 (vir)     1          52.745         -11.485          -3.040         -12.921           51.141
   91 (vir)     1          53.026         -10.574          -2.749         -12.558           52.261
   92 (vir)     1          57.023           4.616          -3.377         -14.263           72.525
   93 (vir)     1          57.203          -2.424          -2.588         -12.409           64.601
   94 (vir)     1          58.191           5.387          -3.036         -14.274           74.815
   95 (vir)     1          58.940           3.818          -2.540         -12.301           72.518
   96 (vir)     1          59.901           3.732          -3.842         -14.489           74.280
   97 (vir)     1          62.809           3.585          -2.786         -13.300           76.909
   98 (vir)     1          64.198           3.562          -2.665         -13.526           78.621
   99 (vir)     1          64.697           3.572          -2.730         -13.292           78.832
  100 (vir)     1          65.177           3.883          -2.630         -13.087           79.518
  101 (vir)     1          65.790           3.554          -2.631         -13.214           79.926
  102 (vir)     1          68.245           3.333          -2.388         -12.996           82.185
  103 (vir)     1          68.571           3.328          -2.665         -13.663           82.897
  104 (vir)     1          70.697           3.149          -2.596         -13.621           84.871
  105 (vir)     1          71.590           3.741          -2.533         -13.673           86.470
  106 (vir)     1          71.963           3.375          -2.372         -13.354           86.320
  107 (vir)     1          72.875           3.667          -2.463         -14.123           88.201
  108 (vir)     1          73.395           3.536          -2.471         -13.807           88.267
  109 (vir)     1          79.018           2.919          -2.785         -14.454           93.607
  110 (vir)     1          79.291           3.147          -2.378         -14.232           94.292
  111 (vir)     1          79.580           2.880          -3.004         -15.200           94.656
  112 (vir)     1          84.437           2.605          -2.633         -14.306           98.714
  113 (vir)     1          92.021           2.552          -2.510         -14.567          106.629
  114 (vir)     1          96.283           2.264          -2.419         -14.945          111.073
  115 (vir)     1          99.382           1.916          -2.278         -15.032          114.051
  116 (vir)     1         106.332           1.996          -2.028         -14.343          120.643
  117 (vir)     1         113.489           1.712          -1.911         -14.266          127.557
  118 (vir)     1         129.276           3.336          -3.502         -20.060          149.171
  119 (vir)     1         132.667           4.377          -2.912         -19.424          153.556
  120 (vir)     1         136.417           4.758          -2.682         -18.529          157.022
  121 (vir)     1         151.848           3.111          -1.942         -16.419          169.437
  122 (vir)     1         157.227           2.572          -1.682         -15.673          173.790
  123 (vir)     1         162.472           2.264          -1.791         -16.186          179.132
  124 (vir)     1         163.585           2.310          -1.713         -16.026          180.208
  125 (vir)     1         163.627           2.324          -1.626         -15.819          180.145
  126 (vir)     1         164.229           2.490          -1.755         -16.280          181.244
  127 (vir)     1         178.926           1.478          -4.466         -22.498          198.436
  128 (vir)     1         181.345           1.465          -4.737         -23.456          201.528
  129 (vir)     1         183.374           1.424          -4.468         -23.107          203.437
  130 (vir)     1         187.917           1.910          -3.647         -22.122          208.302
  131 (vir)     1         191.595           1.911          -3.804         -22.807          212.509
  132 (vir)     1         195.384           2.824          -1.254         -14.289          211.243
  133 (vir)     1         236.282           2.107          -1.555         -17.781          254.616
  134 (vir)     1         236.976           1.158          -2.567         -21.742          257.309
  135 (vir)     1         237.330           1.156          -2.330         -21.407          257.563
  136 (vir)     1         237.609           1.084          -2.576         -21.790          257.907
  137 (vir)     1         238.231           1.518          -2.073         -20.623          258.300
  138 (vir)     1         239.161           1.672          -1.836         -18.589          257.586
  139 (vir)     1         242.434           1.063          -2.628         -22.183          263.054
  140 (vir)     1         244.120           1.271          -2.158         -21.462          264.696
  141 (vir)     1         264.890           3.953          -1.475         -18.251          285.619
 
