 
  kpoint:       1             coordinate:     0.0000    0.0000    0.0000                  spin:  1
 
    n           k   ϵ_nk^DFT (eV)     Σ^c_nk (eV)     Σ^x_nk (eV)    v_nk^xc (eV)   ϵ_nk^G0W0 (eV)
 
    1 (occ)     1         -26.014           9.470         -30.121         -18.538          -28.127
    2 (occ)     1         -24.346           8.438         -28.847         -18.014          -26.742
    3 (occ)     1         -23.722           7.853         -28.222         -17.779          -26.312
    4 (occ)     1         -21.818           7.166         -27.644         -17.811          -24.484
    5 (occ)     1         -19.523           6.171         -25.252         -16.298          -22.306
    6 (occ)     1         -16.607           4.135         -23.788         -16.362          -19.899
    7 (occ)     1         -16.236           4.192         -24.095         -16.903          -19.236
    8 (occ)     1         -14.124           3.039         -22.306         -16.039          -17.352
    9 (occ)     1         -14.081           3.045         -22.701         -16.525          -17.211
   10 (occ)     1         -13.111           2.807         -22.909         -16.963          -16.249
   11 (occ)     1         -12.319           2.559         -22.308         -16.531          -15.538
   12 (occ)     1         -11.175           2.885         -19.936         -14.485          -13.741
   13 (occ)     1         -11.003           2.275         -21.163         -15.699          -14.191
   14 (occ)     1         -10.622           1.975         -21.385         -16.183          -13.850
   15 (occ)     1          -9.691           3.820         -25.881         -19.103          -12.649
   16 (occ)     1          -9.400           2.059         -19.930         -15.097          -12.174
   17 (occ)     1          -8.566           1.939         -19.663         -15.255          -11.035
   18 (occ)     1          -6.326           2.488         -21.485         -16.518           -8.805
   19 (occ)     1          -6.280           1.704         -20.085         -16.054           -8.607
   20 (occ)     1          -5.778           3.249         -24.836         -18.938           -8.428
   21 (occ)     1          -5.709           0.997         -19.721         -16.391           -8.042
   22 (vir)     1          -2.047          -2.328          -9.077         -14.026            0.574
   23 (vir)     1          -0.836          -1.456          -3.758          -7.163            1.113
   24 (vir)     1          -0.748          -1.958          -6.102         -10.344            1.536
   25 (vir)     1          -0.560          -1.017          -1.821          -4.416            1.017
   26 (vir)     1           0.010          -0.851          -1.321          -3.583            1.421
   27 (vir)     1           0.459          -0.624          -0.772          -2.500            1.564
   28 (vir)     1           0.508          -0.847          -1.338          -3.610            1.934
   29 (vir)     1           0.621          -0.783          -0.904          -3.012            1.946
   30 (vir)     1           1.089          -0.729          -1.163          -3.129            2.326
   31 (vir)     1           1.121          -0.758          -1.153          -3.200            2.410
   32 (vir)     1           1.505          -0.498          -0.634          -2.133            2.506
   33 (vir)     1           1.586          -0.724          -0.942          -2.965            2.885
   34 (vir)     1           1.747          -0.683          -1.051          -3.009            3.022
   35 (vir)     1           2.115          -2.433          -4.215          -8.506            3.973
   36 (vir)     1           2.223          -1.249          -1.919          -4.651            3.706
   37 (vir)     1           2.377          -0.699          -0.922          -2.780            3.536
   38 (vir)     1           2.416          -0.746          -1.047          -2.946            3.570
   39 (vir)     1           2.468          -0.976          -1.533          -3.812            3.771
   40 (vir)     1           2.568          -0.796          -0.993          -2.915            3.693
   41 (vir)     1           2.815          -0.572          -0.670          -2.337            3.910
   42 (vir)     1           3.061          -1.074          -1.649          -4.201            4.539
   43 (vir)     1           3.108          -0.924          -1.177          -3.269            4.277
   44 (vir)     1           3.167          -1.003          -1.645          -4.001            4.520
   45 (vir)     1           3.422          -1.110          -1.830          -4.458            4.940
   46 (vir)     1           3.643          -1.208          -2.000          -4.743            5.178
   47 (vir)     1           3.810          -1.090          -1.801          -4.376            5.296
   48 (vir)     1           3.940          -1.309          -2.106          -5.047            5.572
   49 (vir)     1           4.213          -0.675          -0.840          -2.725            5.423
   50 (vir)     1           4.398          -0.888          -1.247          -3.509            5.772
   51 (vir)     1           4.427          -0.699          -0.700          -2.598            5.627
   52 (vir)     1           4.493          -1.194          -1.888          -4.714            6.125
   53 (vir)     1           4.885          -1.509          -2.542          -5.788            6.622
   54 (vir)     1           5.108          -1.276          -1.885          -4.879            6.825
   55 (vir)     1           5.336          -0.903          -0.877          -3.217            6.774
   56 (vir)     1           5.634          -1.241          -1.563          -4.422            7.253
   57 (vir)     1           5.714          -1.488          -2.441          -5.731            7.516
   58 (vir)     1           5.752          -1.220          -1.495          -4.343            7.380
   59 (vir)     1           5.769          -1.869          -2.922          -6.893            7.871
   60 (vir)     1           6.454          -1.511          -1.723          -5.013            8.232
   61 (vir)     1           6.605          -1.322          -1.795          -4.904            8.391
   62 (vir)     1           6.665          -1.441          -2.420          -5.714            8.518
   63 (vir)     1           6.719          -1.378          -1.728          -4.912            8.526
   64 (vir)     1           6.923          -2.593          -4.129          -9.089            9.290
   65 (vir)     1           7.102          -1.371          -1.441          -4.601            8.892
   66 (vir)     1           7.409          -1.957          -3.421          -7.613            9.644
   67 (vir)     1           7.615          -2.135          -3.322          -7.696            9.854
   68 (vir)     1           7.730          -2.180          -3.420          -7.852            9.983
   69 (vir)     1           8.217          -1.708          -1.690          -5.202           10.022
   70 (vir)     1           8.291          -1.605          -1.902          -5.267           10.050
   71 (vir)     1           8.614          -2.565          -3.816          -8.795           11.029
   72 (vir)     1           8.770          -1.950          -1.443          -5.179           10.556
   73 (vir)     1           8.954          -1.718          -2.251          -6.014           11.000
   74 (vir)     1           9.486          -2.443          -2.954          -7.557           11.645
   75 (vir)     1           9.982          -1.409          -1.518          -4.814           11.869
   76 (vir)     1          10.026          -1.713          -1.947          -5.697           12.063
   77 (vir)     1          10.459          -2.678          -3.378          -8.400           12.804
   78 (vir)     1          10.757          -1.870          -1.995          -5.919           12.812
   79 (vir)     1          11.061          -2.002          -1.636          -5.560           12.984
   80 (vir)     1          11.317          -2.620          -3.144          -8.128           13.681
   81 (vir)     1          11.774          -2.159          -2.074          -6.460           14.001
   82 (vir)     1          11.840          -2.150          -2.345          -6.807           14.152
   83 (vir)     1          11.904          -2.165          -2.317          -6.735           14.157
   84 (vir)     1          12.422          -2.842          -3.133          -8.367           14.814
   85 (vir)     1          12.612          -2.131          -1.969          -6.440           14.952
   86 (vir)     1          12.872          -3.179          -3.523          -9.195           15.365
   87 (vir)     1          13.638          -2.852          -2.705          -7.834           15.915
   88 (vir)     1          13.871          -2.997          -2.181          -7.308           16.001
   89 (vir)     1          13.960          -2.311          -1.888          -6.436           16.197
   90 (vir)     1          14.225          -3.745          -3.947         -10.362           16.895
   91 (vir)     1          14.390          -2.612          -2.173          -7.041           16.646
   92 (vir)     1          14.620          -2.797          -2.243          -7.290           16.869
   93 (vir)     1          14.932          -4.460          -4.020         -11.090           17.541
   94 (vir)     1          15.058          -3.241          -1.991          -7.208           17.034
   95 (vir)     1          15.214          -2.721          -2.212          -7.190           17.472
   96 (vir)     1          15.321          -3.246          -1.934          -7.113           17.254
   97 (vir)     1          15.925          -4.664          -4.426         -11.884           18.719
   98 (vir)     1          16.468          -2.812          -2.278          -7.443           18.821
   99 (vir)     1          16.803          -2.674          -2.091          -7.194           19.232
  100 (vir)     1          17.024          -3.418          -2.730          -8.700           19.575
  101 (vir)     1          17.079          -3.061          -2.444          -8.008           19.581
  102 (vir)     1          17.780          -2.517          -1.920          -6.797           20.141
  103 (vir)     1          18.244          -3.048          -2.015          -7.320           20.501
  104 (vir)     1          18.631          -3.072          -2.648          -8.272           21.183
  105 (vir)     1          19.004          -3.084          -2.178          -7.614           21.355
  106 (vir)     1          19.359          -3.579          -2.304          -8.231           21.708
  107 (vir)     1          19.631          -2.975          -2.276          -7.805           22.185
  108 (vir)     1          19.819          -3.266          -2.453          -8.291           22.391
  109 (vir)     1          19.876          -3.211          -2.027          -7.512           22.150
  110 (vir)     1          20.416          -3.547          -2.715          -8.898           23.052
  111 (vir)     1          20.993          -3.234          -1.972          -7.692           23.478
  112 (vir)     1          21.817          -3.867          -1.965          -7.899           23.884
  113 (vir)     1          22.258          -2.857          -1.263          -6.479           24.618
  114 (vir)     1          22.723          -3.949          -2.520          -8.864           25.118
  115 (vir)     1          23.240          -4.212          -2.693          -9.403           25.738
  116 (vir)     1          23.364          -3.763          -1.765          -7.599           25.435
  117 (vir)     1          23.490          -3.719          -2.437          -8.681           26.015
  118 (vir)     1          24.037          -4.084          -2.747          -9.411           26.617
  119 (vir)     1          24.353          -3.707          -2.642          -8.904           26.908
  120 (vir)     1          24.534          -3.750          -1.939          -7.932           26.778
  121 (vir)     1          24.592          -3.171          -1.877          -7.368           26.912
  122 (vir)     1          24.965          -4.061          -1.942          -8.113           27.076
  123 (vir)     1          25.682          -4.081          -2.393          -8.831           28.039
  124 (vir)     1          25.787          -3.483          -2.528          -8.581           28.357
  125 (vir)     1          26.241          -4.379          -2.705          -9.240           28.397
  126 (vir)     1          26.420          -4.121          -2.575          -9.223           28.947
  127 (vir)     1          27.349          -3.680          -2.036          -8.028           29.661
  128 (vir)     1          27.973           1.448          -2.621          -9.168           35.969
  129 (vir)     1          28.468          -3.654          -2.069          -8.064           30.810
  130 (vir)     1          29.682          -5.095          -2.283          -8.901           31.205
  131 (vir)     1          29.918          -6.232          -2.711          -9.953           30.927
  132 (vir)     1          30.561          -5.868          -2.796          -9.777           31.674
  133 (vir)     1          31.286          -4.833          -2.081          -8.922           33.293
  134 (vir)     1          31.718          -6.862          -2.451          -9.552           31.958
  135 (vir)     1          32.217          -4.864          -2.379          -9.100           34.074
  136 (vir)     1          34.009          -7.019          -3.205         -11.246           35.031
  137 (vir)     1          34.133          -6.849          -2.962         -10.996           35.319
  138 (vir)     1          34.514          -5.978          -2.924         -10.445           36.057
  139 (vir)     1          35.128          -6.386          -2.617         -10.322           36.447
  140 (vir)     1          35.794          -5.739          -2.185          -9.440           37.310
  141 (vir)     1          36.565          -6.718          -3.302         -11.717           38.262
  142 (vir)     1          37.289          -7.086          -3.634         -12.112           38.681
  143 (vir)     1          37.515          -6.495          -3.327         -11.320           39.013
  144 (vir)     1          38.194          -6.777          -3.066         -10.952           39.303
  145 (vir)     1          40.502          -7.847          -2.802         -10.920           40.773
  146 (vir)     1          40.816          -8.204          -2.796         -11.442           41.258
  147 (vir)     1          41.186          -8.484          -3.163         -11.690           41.228
  148 (vir)     1          42.005          -7.909          -2.616         -10.724           42.203
  149 (vir)     1          43.375          -8.828          -3.309         -12.190           43.428
  150 (vir)     1          43.566          -9.090          -3.413         -12.456           43.519
  151 (vir)     1          43.885          -8.666          -2.948         -11.569           43.839
  152 (vir)     1          44.442           4.809          -3.398         -12.208           58.060
  153 (vir)     1          45.170          -9.241          -3.387         -12.388           44.930
  154 (vir)     1          45.294         -10.889          -3.588         -13.247           44.063
  155 (vir)     1          45.665          -9.337          -3.327         -12.516           45.517
  156 (vir)     1          46.247         -10.344          -3.093         -12.300           45.111
  157 (vir)     1          46.873         -10.702          -3.415         -12.833           45.589
  158 (vir)     1          47.414         -11.335          -2.957         -12.511           45.634
  159 (vir)     1          48.544         -10.952          -3.173         -12.715           47.134
  160 (vir)     1          49.037         -10.955          -3.296         -12.728           47.514
  161 (vir)     1          49.591         -11.454          -3.025         -12.549           47.661
  162 (vir)     1          50.315           5.441          -2.879         -12.362           65.240
  163 (vir)     1          51.749         -11.381          -3.625         -13.714           50.457
  164 (vir)     1          51.973           6.107          -3.439         -13.202           67.843
  165 (vir)     1          52.238         -11.584          -2.919         -12.423           50.158
  166 (vir)     1          52.555          -9.317          -3.214         -12.921           52.946
  167 (vir)     1          53.150         -10.295          -2.925         -12.556           52.485
  168 (vir)     1          53.505           5.503          -3.214         -13.324           69.118
  169 (vir)     1          53.726          -8.915          -3.189         -13.272           54.894
  170 (vir)     1          54.601          -9.471          -3.039         -13.071           55.163
  171 (vir)     1          55.107          -9.616          -3.009         -12.961           55.444
  172 (vir)     1          55.649         -11.456          -3.074         -13.240           54.358
  173 (vir)     1          55.799          -9.858          -3.139         -13.568           56.370
  174 (vir)     1          56.458          -8.314          -3.246         -13.610           58.508
  175 (vir)     1          57.710           4.438          -2.981         -12.761           71.928
  176 (vir)     1          58.016           4.702          -2.834         -12.756           72.641
  177 (vir)     1          58.373         -11.034          -2.792         -12.867           57.413
  178 (vir)     1          58.472         -12.648          -2.931         -12.937           55.830
  179 (vir)     1          58.862           4.151          -3.226         -13.808           73.595
  180 (vir)     1          59.627         -11.080          -3.020         -13.402           58.929
  181 (vir)     1          59.911         -10.868          -2.863         -13.304           59.484
  182 (vir)     1          60.533          -9.867          -3.562         -13.998           61.103
  183 (vir)     1          61.024           4.193          -2.980         -13.747           75.984
  184 (vir)     1          61.661           4.489          -2.807         -13.465           76.808
  185 (vir)     1          61.858           5.233          -2.809         -13.520           77.801
  186 (vir)     1          62.813           4.827          -3.112         -13.878           78.406
  187 (vir)     1          63.148           4.863          -2.592         -13.121           78.541
  188 (vir)     1          63.738           4.740          -2.712         -13.362           79.128
  189 (vir)     1          64.765           4.991          -2.874         -13.533           80.415
  190 (vir)     1          65.154           4.357          -2.905         -14.026           80.633
  191 (vir)     1          66.233           4.003          -2.889         -13.820           81.167
  192 (vir)     1          66.459           5.510          -2.767         -13.982           83.184
  193 (vir)     1          66.874           3.255          -2.851         -13.845           81.124
  194 (vir)     1          67.537           4.580          -2.748         -13.694           83.064
  195 (vir)     1          68.113           4.084          -2.561         -13.626           83.263
  196 (vir)     1          69.143           4.503          -2.735         -13.730           84.641
  197 (vir)     1          69.904           4.355          -2.510         -13.775           85.524
  198 (vir)     1          70.527           4.552          -2.184         -13.215           86.109
  199 (vir)     1          70.641           4.550          -2.519         -13.629           86.301
  200 (vir)     1          71.251           4.055          -2.498         -13.685           86.493
  201 (vir)     1          71.347           4.478          -2.759         -14.136           87.203
  202 (vir)     1          72.347           4.445          -2.700         -13.977           88.069
  203 (vir)     1          73.101           4.244          -2.736         -14.055           88.664
  204 (vir)     1          74.085           4.723          -2.633         -14.147           90.321
  205 (vir)     1          74.778           4.219          -2.156         -13.548           90.390
  206 (vir)     1          75.977           4.134          -2.430         -13.815           91.496
  207 (vir)     1          76.692           4.398          -2.671         -14.235           92.653
  208 (vir)     1          77.275           5.039          -2.409         -14.136           94.041
  209 (vir)     1          77.599           4.594          -2.954         -14.942           94.181
  210 (vir)     1          78.123           4.263          -2.663         -14.554           94.277
  211 (vir)     1          78.450           4.069          -2.426         -14.248           94.341
  212 (vir)     1          80.042           4.230          -2.638         -14.597           96.231
  213 (vir)     1          81.071           3.425          -2.462         -14.055           96.088
  214 (vir)     1          81.537           3.665          -2.445         -13.967           96.724
  215 (vir)     1          81.886           4.252          -3.100         -15.506           98.545
  216 (vir)     1          82.132           4.366          -2.781         -15.309           99.027
  217 (vir)     1          82.888           3.678          -2.660         -15.071           98.978
  218 (vir)     1          83.118           3.678          -2.663         -14.892           99.025
  219 (vir)     1          83.289           3.859          -2.624         -14.707           99.231
  220 (vir)     1          85.391           3.956          -2.214         -13.831          100.965
  221 (vir)     1          86.034           4.001          -2.528         -14.597          102.104
  222 (vir)     1          86.408           4.232          -2.659         -15.285          103.267
  223 (vir)     1          87.366           4.278          -2.436         -14.947          104.154
  224 (vir)     1          87.851           3.427          -2.194         -13.823          102.906
  225 (vir)     1          88.056           3.768          -2.472         -15.147          104.499
  226 (vir)     1          88.903           3.879          -2.563         -15.129          105.348
  227 (vir)     1          89.547           3.471          -2.453         -15.180          105.746
  228 (vir)     1          90.564           3.889          -2.465         -14.989          106.977
  229 (vir)     1          92.140           3.661          -2.479         -15.084          108.406
  230 (vir)     1          92.854           2.771          -2.272         -14.559          107.912
  231 (vir)     1          93.231           3.444          -2.794         -15.768          109.649
  232 (vir)     1          93.520           2.975          -2.491         -15.403          109.408
  233 (vir)     1          94.328           3.057          -2.267         -14.268          109.387
  234 (vir)     1          96.383           2.771          -2.312         -14.563          111.406
  235 (vir)     1          98.424           3.196          -2.600         -15.588          114.609
  236 (vir)     1          98.988           2.758          -2.090         -14.169          113.825
  237 (vir)     1         100.704           2.873          -2.434         -15.163          116.305
  238 (vir)     1         103.720           3.397          -2.467         -15.680          120.330
  239 (vir)     1         108.323           2.871          -2.482         -15.823          124.535
  240 (vir)     1         109.665           2.670          -2.630         -16.094          125.800
  241 (vir)     1         113.133           2.368          -2.213         -15.121          128.409
  242 (vir)     1         113.597           2.526          -2.376         -15.697          129.444
  243 (vir)     1         120.176           2.343          -2.668         -16.830          136.680
  244 (vir)     1         122.303           2.085          -2.255         -15.882          138.016
  245 (vir)     1         124.879           2.523          -2.412         -16.663          141.655
  246 (vir)     1         128.928           2.394          -2.485         -16.964          145.801
  247 (vir)     1         131.149           2.557          -2.597         -17.634          148.742
  248 (vir)     1         131.344           3.839          -2.708         -19.283          151.759
  249 (vir)     1         134.686           3.040          -3.181         -19.601          154.145
  250 (vir)     1         137.959           2.269          -2.605         -17.692          155.315
  251 (vir)     1         139.290           3.603          -2.674         -18.601          158.820
  252 (vir)     1         140.678           2.663          -2.334         -17.216          158.224
  253 (vir)     1         152.386           2.716          -1.773         -15.949          169.279
  254 (vir)     1         160.861           2.473          -1.608         -15.529          177.256
  255 (vir)     1         162.808           2.622          -1.579         -15.579          179.430
  256 (vir)     1         164.702           2.524          -1.579         -15.716          181.363
  257 (vir)     1         165.796           2.045          -1.432         -14.999          181.409
  258 (vir)     1         180.198           1.176          -4.505         -23.167          200.036
  259 (vir)     1         181.363           1.269          -4.328         -23.055          201.358
  260 (vir)     1         184.971           1.658          -3.968         -22.998          205.658
  261 (vir)     1         187.536           1.741          -4.228         -22.994          208.043
  262 (vir)     1         193.788           1.573          -4.191         -23.048          214.218
  263 (vir)     1         208.336           5.165          -1.514         -15.848          227.835
  264 (vir)     1         227.156           5.786          -1.651         -17.824          249.116
  265 (vir)     1         233.449           5.107          -1.472         -16.421          253.505
  266 (vir)     1         235.141           5.339          -1.405         -16.469          255.545
  267 (vir)     1         239.188           6.010          -1.231         -16.017          259.983
  268 (vir)     1         240.116           0.987          -2.048         -21.680          260.735
  269 (vir)     1         240.561           0.953          -2.368         -21.247          260.393
  270 (vir)     1         240.946           5.173          -1.155         -15.502          260.467
  271 (vir)     1         241.849           1.316          -2.054         -20.201          261.311
  272 (vir)     1         242.785           4.889          -1.129         -15.514          262.060
  273 (vir)     1         244.206           0.821          -2.178         -20.442          263.292
  274 (vir)     1         244.804           0.940          -2.451         -22.197          265.491
  275 (vir)     1         246.871           0.750          -2.607         -22.307          267.321
  276 (vir)     1         249.816           1.824          -2.109         -20.202          269.733
  277 (vir)     1         266.581           4.614          -1.495         -18.538          288.239
 
