 
  kpoint:       1             coordinate:     0.0000    0.0000    0.0000                  spin:  1
 
    n           k   ϵ_nk^DFT (eV)     Σ^c_nk (eV)     Σ^x_nk (eV)    v_nk^xc (eV)   ϵ_nk^G0W0 (eV)
 
    1 (occ)     1         -26.780           9.130         -31.566         -19.664          -29.552
    2 (occ)     1         -21.360           7.284         -25.620         -15.840          -23.856
    3 (occ)     1         -18.762           6.026         -24.818         -15.910          -21.644
    4 (occ)     1         -18.319           5.917         -24.668         -15.872          -21.198
    5 (occ)     1         -15.646           4.269         -23.406         -16.051          -18.733
    6 (occ)     1         -14.844           4.112         -23.256         -16.046          -17.941
    7 (occ)     1         -13.663           3.178         -22.514         -16.188          -16.811
    8 (occ)     1         -12.237           2.954         -21.483         -15.347          -15.419
    9 (occ)     1         -11.549           2.933         -22.261         -16.330          -14.547
   10 (occ)     1         -10.863           2.365         -20.937         -15.311          -14.124
   11 (occ)     1         -10.287           2.285         -20.392         -15.074          -13.321
   12 (occ)     1         -10.186           3.052         -20.564         -14.978          -12.721
   13 (occ)     1          -9.383           2.704         -23.372         -17.458          -12.593
   14 (occ)     1          -8.713           1.786         -20.847         -15.955          -11.819
   15 (occ)     1          -8.206           1.826         -21.292         -16.328          -11.344
   16 (occ)     1          -8.195           2.326         -19.803         -14.969          -10.702
   17 (occ)     1          -6.348           0.376         -15.846         -13.152           -8.665
   18 (occ)     1          -5.625           0.685         -18.094         -15.029           -8.005
   19 (vir)     1          -1.345          -2.224          -7.651         -12.485            1.265
   20 (vir)     1          -0.699          -2.318          -7.827         -12.730            1.886
   21 (vir)     1          -0.529          -0.956          -1.688          -4.271            1.098
   22 (vir)     1          -0.161          -0.850          -1.365          -3.690            1.315
   23 (vir)     1           0.182          -0.644          -0.858          -2.717            1.398
   24 (vir)     1           0.583          -0.775          -1.148          -3.286            1.947
   25 (vir)     1           0.723          -0.594          -0.721          -2.428            1.836
   26 (vir)     1           0.857          -0.673          -0.949          -2.893            2.129
   27 (vir)     1           1.074          -0.678          -0.881          -2.860            2.374
   28 (vir)     1           1.376          -0.526          -0.561          -2.147            2.436
   29 (vir)     1           1.475          -0.516          -0.528          -2.082            2.514
   30 (vir)     1           1.652          -0.670          -0.907          -2.807            2.882
   31 (vir)     1           1.834          -0.540          -0.674          -2.404            3.025
   32 (vir)     1           2.453          -0.492          -0.586          -2.038            3.413
   33 (vir)     1           2.509          -0.438          -0.475          -1.808            3.404
   34 (vir)     1           2.575          -0.602          -0.849          -2.630            3.754
   35 (vir)     1           2.698          -0.590          -0.783          -2.603            3.929
   36 (vir)     1           2.807          -0.508          -0.606          -2.235            3.928
   37 (vir)     1           2.887          -1.151          -2.535          -5.282            4.482
   38 (vir)     1           2.965          -3.582          -4.425          -9.728            4.686
   39 (vir)     1           3.179          -0.702          -0.915          -2.837            4.399
   40 (vir)     1           3.255          -0.674          -0.885          -2.762            4.458
   41 (vir)     1           3.313          -0.454          -0.379          -1.845            4.325
   42 (vir)     1           3.435          -0.858          -1.340          -3.501            4.738
   43 (vir)     1           3.618          -1.092          -1.841          -4.463            5.148
   44 (vir)     1           3.896          -1.107          -1.905          -4.626            5.510
   45 (vir)     1           4.092          -1.084          -1.136          -3.150            5.022
   46 (vir)     1           4.529          -1.638          -2.540          -6.075            6.425
   47 (vir)     1           4.847          -1.778          -3.034          -6.817            6.853
   48 (vir)     1           5.166          -1.777          -3.003          -6.753            7.139
   49 (vir)     1           5.545          -1.474          -2.233          -5.562            7.400
   50 (vir)     1           5.617          -1.454          -1.840          -5.237            7.560
   51 (vir)     1           5.673          -1.528          -2.385          -5.762            7.522
   52 (vir)     1           5.995          -1.329          -1.580          -4.709            7.796
   53 (vir)     1           6.189          -1.734          -2.636          -6.586            8.406
   54 (vir)     1           6.338          -1.278          -1.319          -4.425            8.166
   55 (vir)     1           6.500          -1.655          -2.535          -6.379            8.689
   56 (vir)     1           6.929          -1.428          -1.460          -4.739            8.780
   57 (vir)     1           6.953          -2.107          -3.354          -7.737            9.228
   58 (vir)     1           7.159          -0.600          -0.563          -2.616            8.612
   59 (vir)     1           7.416          -0.795          -0.983          -3.343            8.980
   60 (vir)     1           7.664          -1.502          -1.236          -4.578            9.504
   61 (vir)     1           8.134          -2.815          -4.873         -10.441           10.887
   62 (vir)     1           8.200          -1.636          -1.164          -4.579            9.979
   63 (vir)     1           8.558          -1.120          -1.403          -4.295           10.331
   64 (vir)     1           8.636          -1.001          -0.842          -3.586           10.379
   65 (vir)     1           8.755          -2.093          -3.416          -7.856           11.101
   66 (vir)     1           9.152          -1.896          -1.490          -5.252           11.018
   67 (vir)     1           9.293          -2.521          -3.169          -8.026           11.629
   68 (vir)     1           9.368          -0.952          -0.767          -3.290           10.938
   69 (vir)     1           9.464          -2.816          -1.308          -5.245           10.585
   70 (vir)     1           9.592          -2.597          -2.647          -7.358           11.706
   71 (vir)     1          10.048          -2.164          -2.686          -7.166           12.364
   72 (vir)     1          10.578          -0.899          -1.777          -5.782           13.684
   73 (vir)     1          10.897          -2.525          -3.083          -8.096           13.384
   74 (vir)     1          11.285          -2.165          -2.219          -6.534           13.435
   75 (vir)     1          11.561          -2.044          -1.967          -5.918           13.468
   76 (vir)     1          11.790          -2.307          -2.465          -6.989           14.007
   77 (vir)     1          12.056          -1.637          -1.651          -5.274           14.042
   78 (vir)     1          12.649          -2.319          -2.433          -7.010           14.907
   79 (vir)     1          12.975          -2.242          -2.482          -7.060           15.311
   80 (vir)     1          13.751          -2.836          -3.286          -8.770           16.400
   81 (vir)     1          13.882          -2.993          -1.598          -6.478           15.768
   82 (vir)     1          14.387          -3.451          -3.288          -9.201           16.849
   83 (vir)     1          14.544          -1.819          -1.318          -6.173           17.580
   84 (vir)     1          14.722          -4.132          -1.726          -7.015           15.879
   85 (vir)     1          15.008          -3.453          -2.691          -8.354           17.218
   86 (vir)     1          15.162          -4.142          -3.598         -10.233           17.655
   87 (vir)     1          15.164          -4.037          -2.229          -7.933           16.830
   88 (vir)     1          15.297          -3.934          -3.418          -9.746           17.690
   89 (vir)     1          15.347          -3.791          -3.138          -9.267           17.685
   90 (vir)     1          15.639          -3.233          -2.801          -8.392           17.997
   91 (vir)     1          15.900          -2.891          -1.890          -7.188           18.308
   92 (vir)     1          16.030          -3.443          -2.957          -8.956           18.587
   93 (vir)     1          16.930          -3.135          -2.315          -7.863           19.343
   94 (vir)     1          17.062          -3.508          -2.975          -9.020           19.599
   95 (vir)     1          17.886          -2.953          -2.607          -8.115           20.441
   96 (vir)     1          18.383          -4.829          -3.830         -11.306           21.030
   97 (vir)     1          18.992          -3.186          -2.404          -8.186           21.588
   98 (vir)     1          19.293          -3.173          -2.203          -7.916           21.834
   99 (vir)     1          20.120          -3.103          -1.954          -7.457           22.519
  100 (vir)     1          20.271          -3.638          -2.604          -8.720           22.749
  101 (vir)     1          20.513          -2.804          -1.562          -6.729           22.877
  102 (vir)     1          20.844          -3.176          -2.022          -7.488           23.134
  103 (vir)     1          21.111          -3.658          -2.048          -7.909           23.314
  104 (vir)     1          21.254          -3.044          -1.747          -6.967           23.429
  105 (vir)     1          21.338          -2.675          -1.604          -6.513           23.571
  106 (vir)     1          21.580          -3.351          -1.710          -7.357           23.876
  107 (vir)     1          22.262          -3.963          -1.429          -6.821           23.691
  108 (vir)     1          22.573          -3.886          -2.315          -8.775           25.147
  109 (vir)     1          22.583          -4.394          -1.028          -6.340           23.502
  110 (vir)     1          22.669          -4.258          -0.975          -6.162           23.598
  111 (vir)     1          23.980          -4.211          -1.923          -8.160           26.006
  112 (vir)     1          24.771          -4.950          -2.059          -8.684           26.446
  113 (vir)     1          24.948          -3.857          -2.398          -8.800           27.494
  114 (vir)     1          25.598          -3.867          -1.996          -8.309           28.043
  115 (vir)     1          26.565          -3.674          -2.127          -8.116           28.881
  116 (vir)     1          26.795          -3.947          -1.791          -7.609           28.666
  117 (vir)     1          26.965          -4.139          -2.123          -8.582           29.286
  118 (vir)     1          26.971          -2.046          -3.249         -10.175           31.850
  119 (vir)     1          27.250          -3.716          -1.831          -7.574           29.278
  120 (vir)     1          27.626          -4.125          -2.171          -8.581           29.912
  121 (vir)     1          27.845           2.115          -3.282         -10.496           37.174
  122 (vir)     1          28.239          -4.019          -1.816          -7.794           30.198
  123 (vir)     1          28.403          -3.934          -2.389          -9.543           31.623
  124 (vir)     1          28.889          -3.757          -2.062          -8.099           31.168
  125 (vir)     1          29.424          -4.331          -1.884          -8.250           31.459
  126 (vir)     1          30.444          -6.971          -1.988          -8.938           30.423
  127 (vir)     1          30.508          -5.771          -1.707          -8.329           31.359
  128 (vir)     1          30.943          -5.094          -2.238          -9.163           32.774
  129 (vir)     1          30.997          -4.720          -2.109          -8.601           32.770
  130 (vir)     1          31.110          -5.126          -2.017          -8.725           32.691
  131 (vir)     1          31.715          -6.957          -2.132          -9.280           31.905
  132 (vir)     1          31.890          -4.926          -1.782          -7.953           33.135
  133 (vir)     1          33.438           2.265          -2.539         -10.123           43.287
  134 (vir)     1          34.054          -5.318          -2.152          -9.071           35.655
  135 (vir)     1          34.435          -7.115          -2.234          -9.300           34.387
  136 (vir)     1          34.875          -5.785          -1.841          -8.471           35.721
  137 (vir)     1          36.831          -5.421          -2.551          -9.560           38.420
  138 (vir)     1          37.188          -5.883          -1.654          -8.571           38.222
  139 (vir)     1          37.510          -6.199          -1.692          -8.781           38.400
  140 (vir)     1          38.224          -6.389          -1.355          -8.129           38.608
  141 (vir)     1          39.410          -8.154          -3.352         -11.694           39.598
  142 (vir)     1          39.418          -7.307          -2.069          -9.754           39.795
  143 (vir)     1          40.370          -7.862          -2.964         -11.049           40.593
  144 (vir)     1          41.075          -8.738          -3.486         -12.177           41.028
  145 (vir)     1          42.007          -8.508          -2.582         -10.580           41.497
  146 (vir)     1          42.551          -8.556          -2.230          -9.828           41.593
  147 (vir)     1          44.236          -9.122          -3.251         -12.544           44.406
  148 (vir)     1          44.390          -8.154          -2.606         -11.091           44.720
  149 (vir)     1          44.691          -7.864          -2.752         -10.865           44.939
  150 (vir)     1          46.093          -9.223          -2.630         -10.675           44.915
  151 (vir)     1          47.372         -10.999          -3.292         -12.220           45.301
  152 (vir)     1          49.123          -8.745          -2.789         -11.061           48.649
  153 (vir)     1          49.437          -9.916          -3.513         -13.496           49.504
  154 (vir)     1          49.955          -8.982          -2.812         -11.590           49.751
  155 (vir)     1          50.364          -8.904          -2.724         -11.153           49.889
  156 (vir)     1          50.864           4.334          -2.518         -11.177           63.858
  157 (vir)     1          50.876          -9.371          -3.181         -12.474           50.799
  158 (vir)     1          51.672         -10.240          -2.601         -11.345           50.178
  159 (vir)     1          52.442          -9.177          -2.845         -12.102           52.522
  160 (vir)     1          53.201           4.435          -2.769         -11.803           66.670
  161 (vir)     1          53.459          -8.968          -2.086         -10.588           52.993
  162 (vir)     1          54.480           6.100          -2.948         -12.293           69.925
  163 (vir)     1          54.808           4.182          -2.647         -12.160           68.503
  164 (vir)     1          56.440           3.342          -2.648         -12.316           69.450
  165 (vir)     1          57.180           3.555          -2.703         -12.437           70.468
  166 (vir)     1          57.217           4.859          -3.233         -13.355           72.198
  167 (vir)     1          58.287           4.307          -2.688         -12.115           72.020
  168 (vir)     1          59.948           4.279          -3.181         -13.301           74.348
  169 (vir)     1          60.200           3.291          -2.730         -12.767           73.528
  170 (vir)     1          60.667           3.341          -2.521         -12.642           74.129
  171 (vir)     1          61.580           5.303          -3.041         -13.382           77.224
  172 (vir)     1          62.339           3.872          -3.357         -14.179           77.033
  173 (vir)     1          62.427           4.675          -2.903         -13.249           77.449
  174 (vir)     1          62.703           5.076          -2.779         -13.257           78.258
  175 (vir)     1          62.797           2.850          -3.048         -13.982           76.581
  176 (vir)     1          63.549           1.102          -3.036         -14.232           75.848
  177 (vir)     1          64.400           3.434          -2.832         -13.139           78.141
  178 (vir)     1          65.275           4.636          -2.565         -12.745           80.090
  179 (vir)     1          65.965           3.382          -2.183         -11.714           78.878
  180 (vir)     1          66.444           3.109          -2.330         -12.438           79.660
  181 (vir)     1          67.105           4.095          -2.493         -13.409           82.116
  182 (vir)     1          67.554           3.113          -2.416         -13.154           81.405
  183 (vir)     1          68.497           4.279          -2.710         -13.905           83.971
  184 (vir)     1          68.929           3.172          -2.386         -12.499           82.214
  185 (vir)     1          69.252           4.294          -2.541         -13.758           84.763
  186 (vir)     1          69.542           4.311          -2.949         -14.227           85.131
  187 (vir)     1          70.275           3.791          -2.154         -13.215           85.128
  188 (vir)     1          70.647           4.582          -2.694         -13.782           86.317
  189 (vir)     1          71.286           4.146          -2.201         -13.447           86.678
  190 (vir)     1          72.082           3.678          -2.224         -12.509           86.045
  191 (vir)     1          72.296           5.292          -1.827         -12.991           88.752
  192 (vir)     1          72.516           4.843          -2.498         -13.955           88.816
  193 (vir)     1          73.266           4.690          -1.962         -13.193           89.188
  194 (vir)     1          73.917           3.817          -1.945         -12.551           88.340
  195 (vir)     1          74.396           3.908          -2.255         -12.600           88.649
  196 (vir)     1          74.735           4.159          -2.295         -13.132           89.731
  197 (vir)     1          75.728           3.566          -2.100         -13.145           90.338
  198 (vir)     1          75.949           3.741          -2.316         -13.283           90.656
  199 (vir)     1          77.794           3.332          -2.010         -12.574           91.690
  200 (vir)     1          77.810           3.176          -2.189         -13.261           92.057
  201 (vir)     1          78.422           3.002          -2.113         -13.137           92.448
  202 (vir)     1          78.491           3.817          -2.578         -13.879           93.609
  203 (vir)     1          80.558           3.766          -2.817         -14.287           95.794
  204 (vir)     1          81.959           3.582          -2.495         -13.840           96.885
  205 (vir)     1          82.932           4.118          -2.399         -14.200           98.852
  206 (vir)     1          84.592           3.087          -2.216         -13.369           98.833
  207 (vir)     1          85.617           3.602          -2.703         -14.617          101.132
  208 (vir)     1          88.689           3.047          -2.144         -13.501          103.093
  209 (vir)     1          89.624           2.952          -2.681         -15.012          104.907
  210 (vir)     1          90.527           3.072          -2.365         -14.312          105.546
  211 (vir)     1          91.506           2.944          -2.479         -14.645          106.616
  212 (vir)     1          92.274           2.039          -1.926         -13.220          105.607
  213 (vir)     1          92.528           2.268          -1.940         -13.276          106.131
  214 (vir)     1          92.794           3.070          -2.546         -14.794          108.112
  215 (vir)     1          93.766           3.072          -2.615         -15.021          109.244
  216 (vir)     1          94.292           3.152          -2.606         -14.605          109.443
  217 (vir)     1         100.746           3.097          -2.424         -15.106          116.525
  218 (vir)     1         103.211           2.501          -1.983         -14.019          117.749
  219 (vir)     1         104.351           2.636          -2.073         -14.313          119.227
  220 (vir)     1         104.761           2.858          -2.267         -14.888          120.240
  221 (vir)     1         106.260           1.545          -1.692         -13.346          119.460
  222 (vir)     1         110.640           2.387          -2.104         -14.496          125.418
  223 (vir)     1         111.156           1.598          -1.599         -13.359          124.514
  224 (vir)     1         115.675           2.318          -2.194         -14.894          130.693
  225 (vir)     1         126.473           1.177          -2.099         -16.048          141.599
  226 (vir)     1         126.813           1.883          -1.892         -14.708          141.513
  227 (vir)     1         129.363           1.939          -1.871         -14.674          144.105
  228 (vir)     1         129.908           3.282          -3.955         -19.959          149.194
  229 (vir)     1         131.654           2.251          -2.381         -16.373          147.898
  230 (vir)     1         136.981           3.612          -3.239         -18.745          156.100
  231 (vir)     1         140.622           4.385          -2.958         -18.211          160.259
  232 (vir)     1         153.683           2.819          -1.916         -16.285          170.871
  233 (vir)     1         156.977           2.835          -1.786         -15.947          173.973
  234 (vir)     1         162.326           2.620          -1.711         -15.980          179.215
  235 (vir)     1         164.197           2.567          -1.660         -15.874          180.978
  236 (vir)     1         166.334           2.497          -1.615         -15.768          182.983
  237 (vir)     1         166.796           2.482          -1.615         -15.871          183.533
  238 (vir)     1         179.074           1.132          -2.160         -17.002          195.048
  239 (vir)     1         181.154           1.622          -4.504         -21.590          199.863
  240 (vir)     1         181.615           1.612          -5.291         -23.272          201.208
  241 (vir)     1         183.238           1.677          -5.149         -23.310          203.077
  242 (vir)     1         192.856           1.853          -4.592         -22.708          212.824
  243 (vir)     1         194.182           1.786          -4.662         -22.846          214.153
  244 (vir)     1         204.079           5.693          -1.211         -13.208          221.769
  245 (vir)     1         235.246           6.266          -1.396         -14.728          254.845
  246 (vir)     1         236.092           1.184          -3.684         -21.755          255.346
  247 (vir)     1         238.122           1.102          -3.711         -21.876          257.389
  248 (vir)     1         239.829           2.732          -2.071         -16.959          257.450
  249 (vir)     1         240.351           1.056          -3.790         -22.113          259.730
  250 (vir)     1         240.877           1.233          -3.413         -21.003          259.700
  251 (vir)     1         241.597           1.905          -2.638         -18.873          259.737
  252 (vir)     1         242.965           3.201          -2.112         -17.285          261.339
  253 (vir)     1         244.399           2.808          -1.020         -13.951          260.138
  254 (vir)     1         244.849           3.580          -1.981         -16.984          263.433
  255 (vir)     1         246.438           2.756          -2.150         -17.502          264.545
  256 (vir)     1         247.997           2.196          -2.467         -18.619          266.346
  257 (vir)     1         281.363           4.619          -2.545         -19.029          302.465
 
