 
  kpoint:       1             coordinate:     0.0000    0.0000    0.0000                  spin:  1
 
    n           k   ϵ_nk^DFT (eV)     Σ^c_nk (eV)     Σ^x_nk (eV)    v_nk^xc (eV)   ϵ_nk^G0W0 (eV)
 
    1 (occ)     1         -16.953           6.323         -20.115         -12.842          -17.903
    2 (occ)     1         -11.575           0.893         -16.129         -11.483          -15.328
    3 (occ)     1          -7.185           0.593         -14.877         -11.400          -10.069
    4 (occ)     1          -7.051          -0.085         -13.086         -10.424           -9.798
    5 (occ)     1          -7.051          -0.074         -13.157         -10.424           -9.858
    6 (vir)     1          -3.353          -1.201          -5.436          -9.768           -0.223
    7 (vir)     1          -3.353          -1.203          -5.493          -9.768           -0.281
    8 (vir)     1           0.752          -1.625          -3.422          -7.738            3.443
    9 (vir)     1           0.921          -1.099          -1.766          -4.967            3.024
   10 (vir)     1           2.122          -1.266          -1.848          -5.460            4.468
   11 (vir)     1           2.122          -1.241          -1.839          -5.460            4.501
   12 (vir)     1           2.692          -1.426          -2.143          -5.831            4.954
   13 (vir)     1           2.692          -1.416          -2.134          -5.831            4.974
   14 (vir)     1           3.507          -1.540          -1.637          -5.096            5.426
   15 (vir)     1           3.710          -1.583          -1.528          -5.062            5.662
   16 (vir)     1           4.687          -2.016          -1.298          -5.186            6.558
   17 (vir)     1           4.687          -1.976          -1.310          -5.186            6.586
   18 (vir)     1           4.951          -1.787          -0.965          -4.631            6.830
   19 (vir)     1           4.951          -1.775          -0.955          -4.631            6.852
   20 (vir)     1           5.084          -1.653          -1.089          -4.595            6.938
   21 (vir)     1           5.084          -1.642          -1.099          -4.595            6.938
   22 (vir)     1           7.446          -1.894          -1.745          -5.930            9.736
   23 (vir)     1           8.118          -1.339          -0.438          -3.766           10.106
   24 (vir)     1           8.118          -1.337          -0.436          -3.766           10.110
   25 (vir)     1           9.113          -1.531          -0.864          -4.494           11.212
   26 (vir)     1           9.279          -1.658          -0.543          -3.925           11.003
   27 (vir)     1           9.279          -1.692          -0.544          -3.925           10.967
   28 (vir)     1           9.699          -1.603          -0.939          -4.784           11.942
   29 (vir)     1           9.699          -1.603          -0.930          -4.784           11.950
   30 (vir)     1          10.050          -3.113          -2.236          -7.789           12.490
   31 (vir)     1          10.278          -3.863          -2.245          -7.746           11.915
   32 (vir)     1          10.278          -3.853          -2.220          -7.746           11.951
   33 (vir)     1          11.190          -1.403          -0.281          -3.567           13.073
   34 (vir)     1          11.190          -1.365          -0.286          -3.567           13.106
   35 (vir)     1          13.937          -5.049          -2.089          -9.062           15.861
   36 (vir)     1          13.937          -5.348          -2.051          -9.062           15.600
   37 (vir)     1          14.740          -4.685          -1.521          -7.448           15.982
   38 (vir)     1          14.740          -4.643          -1.520          -7.448           16.024
   39 (vir)     1          15.366          -2.444          -0.799          -4.947           17.069
   40 (vir)     1          16.387          -4.495          -1.088          -6.398           17.202
   41 (vir)     1          16.387          -4.220          -1.067          -6.398           17.499
   42 (vir)     1          16.398          -3.096          -1.003          -5.955           18.254
   43 (vir)     1          16.398          -2.993          -0.975          -5.955           18.385
   44 (vir)     1          17.384          -4.839          -1.897          -8.105           18.753
   45 (vir)     1          17.897          -2.782          -0.996          -5.354           19.473
   46 (vir)     1          19.084          -8.203          -2.523         -10.858           19.216
   47 (vir)     1          19.084          -8.156          -2.546         -10.858           19.240
   48 (vir)     1          26.960          -7.623          -1.340          -8.238           26.235
   49 (vir)     1          26.960          -7.716          -1.391          -8.238           26.091
   50 (vir)     1          27.481         -11.758          -2.782         -12.399           25.339
   51 (vir)     1          28.116          -8.424          -1.164          -7.862           26.390
   52 (vir)     1          28.116          -8.453          -1.201          -7.862           26.325
   53 (vir)     1          29.165           3.718          -1.633          -9.571           40.820
   54 (vir)     1          34.689           1.372          -0.711          -6.109           41.460
   55 (vir)     1          34.689           1.279          -0.716          -6.109           41.361
   56 (vir)     1          40.288           2.795          -1.207          -9.696           51.572
   57 (vir)     1         102.318           5.668          -0.068          -8.036          115.954
   58 (vir)     1         104.210           5.176          -0.184          -8.074          117.276
 
