 
  kpoint:       1             coordinate:     0.0000    0.0000    0.0000                  spin:  1
 
    n           k   ϵ_nk^DFT (eV)     Σ^c_nk (eV)     Σ^x_nk (eV)    v_nk^xc (eV)   ϵ_nk^G0W0 (eV)
 
    1 (occ)     1         -17.063           4.259         -22.417         -14.637          -20.584
    2 (occ)     1          -9.455           1.110         -18.813         -13.817          -13.341
    3 (occ)     1          -9.455           1.109         -18.489         -13.817          -13.018
    4 (occ)     1          -9.455           1.120         -18.737         -13.817          -13.255
    5 (vir)     1          -0.116          -0.491          -0.797          -2.865            1.462
    6 (vir)     1           0.937          -0.307          -0.499          -1.909            2.040
    7 (vir)     1           0.937          -0.300          -0.490          -1.909            2.056
    8 (vir)     1           0.937          -0.328          -0.498          -1.909            2.020
    9 (vir)     1           1.961          -0.367          -0.545          -2.226            3.276
   10 (vir)     1           1.961          -0.361          -0.544          -2.226            3.283
   11 (vir)     1           1.961          -0.355          -0.546          -2.226            3.287
   12 (vir)     1           2.215          -0.175          -0.133          -1.419            3.326
   13 (vir)     1           2.216          -0.253          -0.138          -1.419            3.244
   14 (vir)     1           4.153          -0.773          -1.309          -3.957            6.028
   15 (vir)     1           4.374          -0.972          -2.271          -5.703            6.834
   16 (vir)     1           4.374          -0.975          -2.277          -5.703            6.825
   17 (vir)     1           4.374          -0.973          -2.291          -5.703            6.813
   18 (vir)     1           6.575          -0.793          -1.387          -4.650            9.045
   19 (vir)     1           6.575          -0.822          -1.401          -4.650            9.001
   20 (vir)     1           6.787          -1.033          -1.634          -5.039            9.159
   21 (vir)     1           6.787          -1.054          -1.595          -5.039            9.178
   22 (vir)     1           6.787          -1.005          -1.559          -5.039            9.263
   23 (vir)     1           8.223          -0.513          -0.215          -2.554           10.050
   24 (vir)     1           8.223          -0.687          -0.218          -2.554            9.872
   25 (vir)     1           8.223          -0.422          -0.193          -2.554           10.163
   26 (vir)     1          11.923          -1.799          -2.266          -6.978           14.836
   27 (vir)     1          13.419          -2.413          -2.651          -8.154           16.509
   28 (vir)     1          13.419          -2.369          -2.650          -8.154           16.554
   29 (vir)     1          13.420          -2.433          -2.704          -8.154           16.437
   30 (vir)     1          14.787          -1.864          -1.100          -5.588           17.411
   31 (vir)     1          15.970          -1.162          -0.593          -4.120           18.335
   32 (vir)     1          15.970          -1.163          -0.621          -4.120           18.306
   33 (vir)     1          15.970          -1.149          -0.628          -4.120           18.313
   34 (vir)     1          16.093          -1.163          -0.528          -4.365           18.767
   35 (vir)     1          16.093          -1.094          -0.576          -4.365           18.787
   36 (vir)     1          16.093          -1.079          -0.548          -4.365           18.831
   37 (vir)     1          23.567          -3.868          -2.355          -8.310           25.653
   38 (vir)     1          26.689          -3.074          -1.749          -7.293           29.158
   39 (vir)     1          26.690          -3.188          -1.669          -7.293           29.126
   40 (vir)     1          26.691          -3.080          -1.711          -7.293           29.193
   41 (vir)     1          32.045          -4.594          -3.665         -12.094           35.880
   42 (vir)     1          32.045          -4.684          -3.485         -12.094           35.970
   43 (vir)     1          38.313          -7.625          -3.019         -12.817           40.487
   44 (vir)     1          38.314          -7.142          -2.660         -12.817           41.329
   45 (vir)     1          38.314          -7.652          -2.869         -12.817           40.611
   46 (vir)     1          52.992          -8.547          -1.939         -11.657           54.162
   47 (vir)     1          52.992          -8.823          -1.980         -11.657           53.847
   48 (vir)     1          52.992          -9.072          -1.885         -11.657           53.693
   49 (vir)     1          53.309          -9.517          -1.985         -11.234           53.041
   50 (vir)     1          58.458         -10.000          -1.838         -11.771           58.391
   51 (vir)     1          58.458           3.459          -1.756         -11.771           71.932
   52 (vir)     1          58.459           3.014          -1.823         -11.771           71.421
   53 (vir)     1          62.326           6.164          -2.279         -13.438           79.649
   54 (vir)     1          62.327         -10.413          -2.519         -13.438           62.832
   55 (vir)     1          62.328           6.656          -2.171         -13.438           80.250
   56 (vir)     1          74.856           2.775          -1.720         -13.859           89.769
   57 (vir)     1          74.857           2.838          -1.827         -13.859           89.727
   58 (vir)     1          94.086           2.235          -1.774         -14.263          108.811
   59 (vir)     1          94.086           8.886          -2.967         -14.263          114.269
   60 (vir)     1          94.090           2.742          -2.159         -14.263          108.936
   61 (vir)     1         150.677           2.517          -1.509         -14.956          166.640
   62 (vir)     1         162.228           2.551          -1.524         -15.797          179.051
   63 (vir)     1         162.229           3.128          -1.434         -15.796          179.719
   64 (vir)     1         162.229           2.240          -1.582         -15.796          178.684
   65 (vir)     1         184.132           0.790          -1.654         -12.964          196.233
 
