 
  kpoint:       1             coordinate:     0.0000    0.0000    0.0000                  spin:  1
 
    n           k   ϵ_nk^DFT (eV)     Σ^c_nk (eV)     Σ^x_nk (eV)    v_nk^xc (eV)   ϵ_nk^G0W0 (eV)
 
    1 (occ)     1         -21.212           7.572         -25.181         -15.413          -23.408
    2 (occ)     1         -18.991           5.262         -24.309         -15.298          -22.739
    3 (occ)     1         -18.317           7.258         -24.297         -15.487          -19.870
    4 (occ)     1         -16.736           5.677         -23.451         -15.237          -19.273
    5 (occ)     1         -14.795           4.639         -22.420         -15.223          -17.353
    6 (occ)     1         -14.202           4.319         -22.231         -15.242          -16.874
    7 (occ)     1         -12.396           3.201         -20.302         -14.346          -15.151
    8 (occ)     1         -11.207           2.735         -21.134         -15.623          -13.984
    9 (occ)     1         -10.861           2.769         -20.303         -14.520          -13.874
   10 (occ)     1         -10.255           2.231         -18.674         -13.493          -13.205
   11 (occ)     1         -10.123           2.354         -20.057         -14.796          -13.030
   12 (occ)     1          -9.726           2.204         -20.147         -15.121          -12.547
   13 (occ)     1          -9.226           1.827         -19.714         -14.671          -12.442
   14 (occ)     1          -8.664           2.268         -17.382         -13.050          -10.728
   15 (occ)     1          -8.098           1.597         -19.879         -15.269          -11.111
   16 (occ)     1          -8.045           1.599         -20.038         -15.569          -10.916
   17 (occ)     1          -6.237           0.334         -15.597         -13.012           -8.488
   18 (occ)     1          -5.981           0.243         -15.807         -13.278           -8.267
   19 (vir)     1          -1.201          -2.336          -7.398         -12.259            1.325
   20 (vir)     1          -1.081          -2.350          -7.485         -12.334            1.418
   21 (vir)     1          -0.350          -0.867          -1.293          -3.625            1.114
   22 (vir)     1          -0.059          -0.773          -1.111          -3.258            1.316
   23 (vir)     1           0.076          -0.710          -0.985          -2.949            1.330
   24 (vir)     1           0.604          -0.697          -0.928          -2.809            1.788
   25 (vir)     1           0.636          -0.699          -0.896          -2.832            1.873
   26 (vir)     1           0.749          -0.627          -0.813          -2.596            1.905
   27 (vir)     1           0.910          -0.706          -0.811          -2.780            2.173
   28 (vir)     1           1.150          -0.603          -0.652          -2.356            2.251
   29 (vir)     1           1.310          -0.590          -0.621          -2.309            2.408
   30 (vir)     1           1.366          -0.773          -1.035          -3.123            2.680
   31 (vir)     1           1.611          -0.600          -0.626          -2.375            2.761
   32 (vir)     1           1.973          -0.712          -0.850          -2.841            3.252
   33 (vir)     1           2.163          -0.546          -0.554          -2.116            3.179
   34 (vir)     1           2.210          -0.627          -0.754          -2.487            3.316
   35 (vir)     1           2.446          -1.974          -2.503          -6.002            3.970
   36 (vir)     1           2.677          -1.586          -1.864          -4.769            3.996
   37 (vir)     1           2.679          -0.459          -0.334          -1.805            3.691
   38 (vir)     1           2.836          -0.604          -0.659          -2.403            3.976
   39 (vir)     1           2.851          -1.261          -1.399          -3.861            4.051
   40 (vir)     1           2.920          -1.085          -1.909          -4.400            4.326
   41 (vir)     1           3.200          -1.081          -1.763          -4.325            4.681
   42 (vir)     1           3.268          -0.844          -1.116          -3.171            4.479
   43 (vir)     1           3.645          -1.193          -1.836          -4.526            5.143
   44 (vir)     1           3.761          -0.823          -0.952          -2.934            4.919
   45 (vir)     1           3.768          -0.979          -1.426          -3.987            5.350
   46 (vir)     1           3.876          -0.844          -1.127          -3.178            5.083
   47 (vir)     1           4.012          -1.043          -1.391          -3.817            5.394
   48 (vir)     1           4.211          -1.570          -2.238          -5.560            5.964
   49 (vir)     1           4.522          -1.551          -2.437          -5.807            6.341
   50 (vir)     1           4.523          -0.955          -1.548          -3.956            5.977
   51 (vir)     1           4.644          -1.127          -1.496          -4.119            6.140
   52 (vir)     1           4.955          -0.789          -0.848          -2.944            6.261
   53 (vir)     1           4.960          -1.202          -1.449          -4.279            6.587
   54 (vir)     1           4.991          -1.857          -2.685          -6.428            6.877
   55 (vir)     1           5.516          -1.413          -2.026          -5.111            7.187
   56 (vir)     1           5.682          -1.433          -1.649          -4.882            7.482
   57 (vir)     1           5.856          -1.374          -1.689          -4.834            7.626
   58 (vir)     1           5.897          -1.327          -1.714          -4.807            7.663
   59 (vir)     1           6.027          -1.402          -1.582          -4.714            7.757
   60 (vir)     1           6.256          -1.493          -1.817          -5.204            8.150
   61 (vir)     1           6.413          -1.539          -1.868          -5.259            8.265
   62 (vir)     1           6.655          -1.664          -2.591          -6.181            8.580
   63 (vir)     1           6.705          -1.805          -2.829          -6.671            8.743
   64 (vir)     1           6.910          -1.345          -1.156          -4.208            8.617
   65 (vir)     1           7.083          -1.646          -1.805          -5.285            8.917
   66 (vir)     1           7.626          -1.356          -1.900          -5.036            9.406
   67 (vir)     1           7.866          -2.499          -3.838          -8.777           10.306
   68 (vir)     1           8.165          -2.032          -2.620          -6.823           10.335
   69 (vir)     1           8.392          -1.788          -1.304          -4.863           10.163
   70 (vir)     1           8.628          -2.277          -2.128          -6.307           10.530
   71 (vir)     1           8.884          -2.760          -3.301          -8.226           11.049
   72 (vir)     1           9.034          -2.023          -1.534          -5.399           10.877
   73 (vir)     1           9.249          -1.253          -1.104          -4.016           10.908
   74 (vir)     1           9.253          -2.374          -2.516          -6.892           11.256
   75 (vir)     1           9.468          -1.396          -0.937          -3.669           10.804
   76 (vir)     1           9.700          -2.779          -3.016          -7.938           11.843
   77 (vir)     1           9.895          -2.828          -1.361          -5.235           10.941
   78 (vir)     1          10.066          -1.405          -1.032          -4.262           11.892
   79 (vir)     1          10.334          -1.980          -1.427          -5.087           12.015
   80 (vir)     1          10.676          -1.779          -1.010          -4.480           12.367
   81 (vir)     1          10.736          -2.870          -3.138          -8.149           12.877
   82 (vir)     1          11.534          -2.644          -2.341          -6.938           13.488
   83 (vir)     1          11.692          -2.120          -1.321          -4.685           12.936
   84 (vir)     1          11.877          -1.603          -2.247          -6.954           14.982
   85 (vir)     1          12.218          -2.657          -2.400          -7.105           14.266
   86 (vir)     1          12.281          -2.587          -2.384          -7.034           14.343
   87 (vir)     1          12.702          -2.592          -2.295          -6.894           14.709
   88 (vir)     1          13.040          -1.801          -1.427          -5.185           14.997
   89 (vir)     1          13.279          -3.150          -2.944          -8.383           15.568
   90 (vir)     1          13.803          -2.529          -1.870          -6.405           15.810
   91 (vir)     1          13.972          -3.230          -2.354          -7.662           16.050
   92 (vir)     1          13.999          -2.546          -1.663          -6.070           15.860
   93 (vir)     1          14.439          -3.694          -2.531          -8.179           16.393
   94 (vir)     1          14.485          -2.504          -1.348          -6.221           16.854
   95 (vir)     1          14.607          -3.219          -2.017          -7.017           16.386
   96 (vir)     1          14.821          -4.209          -3.451          -9.943           17.105
   97 (vir)     1          14.880          -3.858          -2.359          -7.998           16.661
   98 (vir)     1          15.024          -4.304          -3.460          -9.898           17.159
   99 (vir)     1          15.107          -3.699          -2.891          -8.757           17.274
  100 (vir)     1          15.235          -4.513          -2.939          -9.322           17.106
  101 (vir)     1          15.251          -3.375          -1.583          -6.658           16.951
  102 (vir)     1          16.022          -3.952          -2.648          -8.634           18.056
  103 (vir)     1          16.126          -3.606          -1.747          -6.989           17.762
  104 (vir)     1          16.405          -3.141          -1.752          -6.930           18.441
  105 (vir)     1          16.960          -3.571          -2.656          -8.509           19.241
  106 (vir)     1          17.466          -3.126          -2.159          -7.410           19.591
  107 (vir)     1          18.048          -3.293          -2.923          -8.743           20.575
  108 (vir)     1          18.821          -4.890          -3.444         -10.664           21.150
  109 (vir)     1          18.833          -3.198          -1.802          -7.069           20.903
  110 (vir)     1          19.419          -2.386          -1.525          -6.192           21.699
  111 (vir)     1          19.537          -3.660          -1.707          -7.225           21.395
  112 (vir)     1          19.739          -4.001          -2.434          -8.604           21.908
  113 (vir)     1          19.986          -3.258          -1.570          -6.814           21.971
  114 (vir)     1          20.135          -4.015          -2.053          -8.095           22.162
  115 (vir)     1          20.454          -2.778          -1.315          -6.047           22.408
  116 (vir)     1          20.790          -3.413          -1.789          -7.253           22.841
  117 (vir)     1          21.182          -3.454          -1.437          -6.900           23.190
  118 (vir)     1          21.710          -4.132          -2.183          -8.228           23.623
  119 (vir)     1          21.878          -3.369          -1.615          -7.214           24.109
  120 (vir)     1          21.909          -3.406          -1.900          -7.390           23.992
  121 (vir)     1          22.325          -3.110          -1.423          -6.542           24.334
  122 (vir)     1          22.357          -3.129          -1.307          -6.865           24.786
  123 (vir)     1          22.616          -3.602          -1.786          -7.393           24.621
  124 (vir)     1          22.632          -3.395          -1.221          -6.729           24.746
  125 (vir)     1          23.524          -3.643          -1.631          -7.245           25.495
  126 (vir)     1          24.005          -3.185          -1.285          -6.696           26.231
  127 (vir)     1          24.202          -4.744          -1.590          -7.388           25.257
  128 (vir)     1          24.777          -5.000          -1.761          -8.107           26.123
  129 (vir)     1          25.779           0.349          -1.623          -7.193           31.699
  130 (vir)     1          26.301          -4.843          -2.154          -8.733           28.037
  131 (vir)     1          26.436          -4.241          -1.830          -7.810           28.175
  132 (vir)     1          26.626          -3.303          -1.816          -8.119           29.627
  133 (vir)     1          27.012          -4.484          -1.561          -7.486           28.454
  134 (vir)     1          27.400          -4.807          -1.709          -7.808           28.692
  135 (vir)     1          27.782          -2.067          -1.845          -7.919           31.789
  136 (vir)     1          27.997          -4.399          -2.632          -9.668           30.634
  137 (vir)     1          28.505          -4.831          -1.723          -7.733           29.684
  138 (vir)     1          28.843          -0.669          -1.731          -7.681           34.124
  139 (vir)     1          29.049           2.313          -1.637          -7.492           37.217
  140 (vir)     1          29.310          -2.266          -1.631          -8.022           33.435
  141 (vir)     1          29.335          -0.538          -1.923          -8.187           35.061
  142 (vir)     1          29.856          -6.219          -1.933          -8.960           30.664
  143 (vir)     1          30.626          -6.069          -1.958          -8.365           30.963
  144 (vir)     1          30.786          -5.876          -1.695          -8.083           31.299
  145 (vir)     1          31.154          -4.928          -1.979          -8.436           32.682
  146 (vir)     1          31.183           2.127          -1.453          -7.520           39.377
  147 (vir)     1          32.355          -8.334          -1.954          -8.578           30.646
  148 (vir)     1          32.486          -5.822          -1.618          -7.896           32.941
  149 (vir)     1          33.382           2.991          -1.801          -8.588           43.160
  150 (vir)     1          33.589         -10.419          -2.027          -9.003           30.147
  151 (vir)     1          34.570         -10.151          -2.109          -9.029           31.339
  152 (vir)     1          34.931          -7.517          -1.997          -8.668           34.085
  153 (vir)     1          35.892          -7.339          -1.904          -8.634           35.282
  154 (vir)     1          36.596          -7.667          -2.433          -9.867           36.363
  155 (vir)     1          37.190          -6.856          -1.543          -8.045           36.836
  156 (vir)     1          37.670          -8.135          -1.904          -9.265           36.896
  157 (vir)     1          38.017           4.367          -2.502         -10.265           50.147
  158 (vir)     1          38.378          -9.319          -2.489         -10.902           37.471
  159 (vir)     1          39.251          -8.320          -1.917          -9.703           38.716
  160 (vir)     1          39.471          -7.937          -2.014          -9.289           38.808
  161 (vir)     1          40.649         -11.293          -3.125         -11.931           38.162
  162 (vir)     1          41.023          -9.854          -2.287         -10.159           39.041
  163 (vir)     1          42.796          -8.249          -2.794         -11.333           43.086
  164 (vir)     1          42.834         -10.697          -2.135          -9.653           39.654
  165 (vir)     1          43.615          -8.391          -2.508         -10.872           43.588
  166 (vir)     1          43.898          -9.883          -2.037          -9.877           41.854
  167 (vir)     1          44.474           4.091          -1.863          -9.389           56.092
  168 (vir)     1          44.648          -7.824          -2.025          -9.559           44.359
  169 (vir)     1          46.552           5.399          -2.635         -11.043           60.359
  170 (vir)     1          47.219          -8.905          -2.194         -10.277           46.396
  171 (vir)     1          47.715          -9.131          -2.536         -11.180           47.227
  172 (vir)     1          47.869         -10.280          -2.539         -11.023           46.073
  173 (vir)     1          48.962         -11.330          -2.255         -10.809           46.185
  174 (vir)     1          49.783          -5.566          -2.300         -11.212           53.129
  175 (vir)     1          50.289           3.833          -2.389         -10.766           62.498
  176 (vir)     1          50.733         -11.687          -3.062         -12.651           48.635
  177 (vir)     1          51.006          -8.900          -2.676         -11.633           51.064
  178 (vir)     1          51.544          -8.532          -2.414         -11.372           51.970
  179 (vir)     1          52.589         -10.298          -2.358         -11.711           51.644
  180 (vir)     1          52.838         -12.866          -2.445         -11.262           48.789
  181 (vir)     1          53.346           4.087          -2.158         -10.662           65.937
  182 (vir)     1          55.017          -9.533          -2.183         -11.355           54.655
  183 (vir)     1          55.191           4.764          -2.559         -12.138           69.533
  184 (vir)     1          55.546           4.757          -2.497         -12.222           70.029
  185 (vir)     1          56.984          -9.033          -2.341         -11.716           57.326
  186 (vir)     1          56.992           4.470          -2.571         -12.205           71.095
  187 (vir)     1          57.395           4.621          -2.787         -13.038           72.268
  188 (vir)     1          58.239          -9.458          -2.268         -11.611           58.124
  189 (vir)     1          59.101           4.243          -2.576         -12.321           73.089
  190 (vir)     1          59.284           3.829          -2.746         -13.003           73.370
  191 (vir)     1          60.054           4.330          -2.529         -12.489           74.345
  192 (vir)     1          60.197         -10.545          -2.198         -11.872           59.325
  193 (vir)     1          60.605           4.458          -2.599         -12.751           75.216
  194 (vir)     1          61.091           4.155          -2.522         -12.696           75.420
  195 (vir)     1          62.163           3.918          -2.637         -13.058           76.502
  196 (vir)     1          62.514           4.165          -2.762         -13.213           77.130
  197 (vir)     1          62.660           3.577          -2.554         -12.908           76.591
  198 (vir)     1          63.562           4.027          -2.749         -13.586           78.427
  199 (vir)     1          64.570           4.461          -2.695         -13.574           79.911
  200 (vir)     1          64.874           3.885          -2.628         -13.362           79.493
  201 (vir)     1          64.916           4.115          -2.596         -13.356           79.792
  202 (vir)     1          65.602           3.114          -2.309         -12.743           79.151
  203 (vir)     1          66.551           3.896          -2.240         -12.641           80.849
  204 (vir)     1          66.990           3.858          -2.159         -12.309           80.998
  205 (vir)     1          67.104           4.050          -2.358         -12.874           81.670
  206 (vir)     1          67.672           3.936          -2.654         -14.132           83.085
  207 (vir)     1          68.079           3.812          -2.208         -12.804           82.487
  208 (vir)     1          68.963           3.917          -2.250         -13.107           83.738
  209 (vir)     1          69.313           3.468          -2.350         -13.193           83.624
  210 (vir)     1          69.577           3.840          -2.084         -12.811           84.144
  211 (vir)     1          70.186           4.026          -2.333         -13.389           85.267
  212 (vir)     1          70.433           3.394          -2.120         -12.375           84.081
  213 (vir)     1          71.245           3.809          -2.061         -12.916           85.909
  214 (vir)     1          71.689           3.955          -2.132         -13.081           86.593
  215 (vir)     1          71.967           4.067          -2.029         -13.059           87.064
  216 (vir)     1          72.313           4.292          -2.393         -13.866           88.077
  217 (vir)     1          73.065           3.749          -2.211         -13.085           87.688
  218 (vir)     1          73.849           3.930          -2.187         -13.368           88.960
  219 (vir)     1          74.093           3.827          -1.994         -12.680           88.606
  220 (vir)     1          74.433           3.931          -2.063         -12.963           89.264
  221 (vir)     1          74.809           4.087          -2.052         -13.113           89.957
  222 (vir)     1          74.864           4.012          -2.221         -13.418           90.073
  223 (vir)     1          75.974           3.720          -1.983         -12.703           90.414
  224 (vir)     1          76.184           4.105          -2.210         -13.309           91.388
  225 (vir)     1          76.776           3.716          -2.299         -13.796           91.989
  226 (vir)     1          77.445           3.561          -2.026         -13.104           92.083
  227 (vir)     1          77.510           3.343          -1.963         -12.591           91.481
  228 (vir)     1          78.317           2.990          -1.930         -12.587           91.963
  229 (vir)     1          80.153           3.506          -2.142         -13.525           95.042
  230 (vir)     1          80.308           3.407          -2.007         -13.033           94.741
  231 (vir)     1          81.218           3.106          -2.282         -13.593           95.634
  232 (vir)     1          82.500           3.354          -2.152         -13.421           97.122
  233 (vir)     1          83.342           3.430          -1.967         -12.876           97.681
  234 (vir)     1          86.809           2.613          -2.271         -13.753          100.904
  235 (vir)     1          87.179           3.111          -2.041         -13.363          101.613
  236 (vir)     1          87.837           2.704          -2.096         -13.574          102.020
  237 (vir)     1          88.992           3.296          -2.837         -15.556          105.008
  238 (vir)     1          91.355           2.700          -2.444         -14.616          106.227
  239 (vir)     1          91.549           2.881          -2.505         -14.803          106.728
  240 (vir)     1          92.251           2.539          -2.157         -14.077          106.709
  241 (vir)     1          92.715           2.537          -2.172         -13.814          106.895
  242 (vir)     1          94.025           2.091          -1.866         -13.136          107.385
  243 (vir)     1          94.409           2.004          -1.817         -13.198          107.794
  244 (vir)     1          97.378           1.865          -1.639         -12.415          110.020
  245 (vir)     1         100.216           2.227          -2.361         -14.940          115.023
  246 (vir)     1         101.275           2.858          -2.202         -14.734          116.665
  247 (vir)     1         102.209           2.943          -2.173         -14.679          117.657
  248 (vir)     1         104.235           2.430          -2.045         -14.452          119.072
  249 (vir)     1         104.994           2.337          -1.934         -13.997          119.394
  250 (vir)     1         106.576           1.696          -1.629         -13.364          120.007
  251 (vir)     1         108.523           2.082          -1.921         -14.142          122.827
  252 (vir)     1         111.129           2.245          -1.961         -14.382          125.794
  253 (vir)     1         114.193           1.425          -1.527         -13.592          127.684
  254 (vir)     1         115.530           2.096          -1.924         -14.478          130.180
  255 (vir)     1         118.410           1.872          -1.762         -13.954          132.475
  256 (vir)     1         126.300           1.852          -1.758         -14.432          140.827
  257 (vir)     1         126.900           1.239          -2.004         -15.933          142.068
  258 (vir)     1         128.962           1.927          -1.674         -14.188          143.402
  259 (vir)     1         133.460           1.752          -2.027         -15.716          148.902
  260 (vir)     1         154.614           2.540          -1.703         -15.789          171.239
  261 (vir)     1         162.004           2.691          -1.657         -15.857          178.895
  262 (vir)     1         162.474           2.681          -1.684         -16.037          179.509
  263 (vir)     1         163.099           2.592          -1.613         -15.762          179.840
  264 (vir)     1         164.391           2.509          -1.608         -15.775          181.067
  265 (vir)     1         164.851           2.699          -1.604         -15.782          181.728
  266 (vir)     1         165.881           2.564          -1.575         -15.780          182.650
  267 (vir)     1         165.987           2.633          -1.549         -15.620          182.691
  268 (vir)     1         180.120           1.151          -1.326         -15.546          195.491
  269 (vir)     1         209.642           8.353          -0.872         -12.554          229.676
  270 (vir)     1         238.970          -5.658          -0.791         -13.333          245.854
  271 (vir)     1         239.570          -4.884          -0.830         -13.304          247.161
  272 (vir)     1         239.863          -3.953          -0.800         -13.312          248.423
  273 (vir)     1         244.089          -2.984          -0.868         -13.575          253.812
  274 (vir)     1         244.455          -1.719          -0.829         -13.594          255.502
  275 (vir)     1         246.403          -0.180          -0.817         -13.579          258.985
 
