 
  kpoint:       1             coordinate:     0.0000    0.0000    0.0000                  spin:  1
 
    n           k   ϵ_nk^DFT (eV)     Σ^c_nk (eV)     Σ^x_nk (eV)    v_nk^xc (eV)   ϵ_nk^G0W0 (eV)
 
    1 (occ)     1         -14.542           4.810         -17.426         -10.878          -16.280
    2 (occ)     1         -13.988           4.411         -17.366         -11.003          -15.940
    3 (occ)     1         -13.167           3.939         -17.282         -11.185          -15.324
    4 (occ)     1         -12.274           3.498         -17.122         -11.346          -14.551
    5 (occ)     1         -11.713           3.257         -16.920         -11.320          -14.056
    6 (occ)     1          -9.228           1.987         -15.440         -10.812          -11.869
    7 (occ)     1          -8.890           1.823         -15.588         -11.052          -11.603
    8 (occ)     1          -8.716           1.794         -15.491         -11.010          -11.404
    9 (occ)     1          -8.611           1.781         -15.747         -11.224          -11.353
   10 (occ)     1          -8.509           1.691         -15.822         -11.351          -11.289
   11 (occ)     1          -8.242           1.648         -15.921         -11.534          -10.982
   12 (occ)     1          -8.138           1.679         -15.923         -11.542          -10.841
   13 (occ)     1          -7.717           1.178         -13.852         -10.445           -9.947
   14 (occ)     1          -7.712           1.337         -14.690         -10.936          -10.129
   15 (occ)     1          -7.403           1.245         -14.693         -11.044           -9.806
   16 (occ)     1          -6.601           0.716         -13.399         -10.634           -8.651
   17 (vir)     1          -1.677          -2.139          -4.617          -8.685            0.253
   18 (vir)     1          -0.953          -1.959          -3.198          -7.038            0.928
   19 (vir)     1          -0.946          -2.112          -3.755          -7.828            1.015
   20 (vir)     1          -0.937          -1.902          -3.029          -6.781            0.913
   21 (vir)     1          -0.811          -2.228          -4.045          -8.356            1.272
   22 (vir)     1          -0.621          -1.479          -1.711          -4.813            1.002
   23 (vir)     1          -0.517          -2.106          -3.317          -7.464            1.524
   24 (vir)     1          -0.327          -1.840          -2.907          -6.632            1.557
   25 (vir)     1          -0.180          -1.550          -2.151          -5.426            1.546
   26 (vir)     1           0.028          -1.417          -1.736          -4.839            1.714
   27 (vir)     1           0.068          -1.886          -2.425          -6.251            2.008
   28 (vir)     1           0.102          -1.819          -2.558          -6.232            1.958
   29 (vir)     1           0.304          -2.039          -2.789          -6.665            2.140
   30 (vir)     1           0.632          -0.803          -0.731          -2.589            1.687
   31 (vir)     1           0.773          -1.705          -2.057          -5.576            2.587
   32 (vir)     1           0.800          -1.806          -2.265          -5.972            2.702
   33 (vir)     1           0.842          -1.108          -1.555          -4.158            2.338
   34 (vir)     1           1.039          -1.734          -1.974          -5.521            2.852
   35 (vir)     1           1.055          -0.754          -0.783          -2.812            2.331
   36 (vir)     1           1.118          -0.772          -0.652          -2.576            2.270
   37 (vir)     1           1.282          -1.271          -1.559          -4.399            2.852
   38 (vir)     1           1.632          -0.791          -0.693          -2.709            2.857
   39 (vir)     1           1.863          -1.471          -1.817          -4.819            3.395
   40 (vir)     1           1.898          -1.367          -1.738          -4.625            3.418
   41 (vir)     1           2.053          -1.637          -1.723          -5.025            3.718
   42 (vir)     1           2.135          -1.399          -1.469          -4.405            3.673
   43 (vir)     1           2.219          -1.289          -1.184          -4.004            3.749
   44 (vir)     1           2.769          -1.745          -1.957          -5.330            4.397
   45 (vir)     1           2.781          -1.335          -1.307          -4.195            4.333
   46 (vir)     1           2.851          -1.625          -1.841          -5.088            4.473
   47 (vir)     1           3.280          -1.426          -1.450          -4.334            4.739
   48 (vir)     1           3.311          -1.365          -1.323          -4.053            4.675
   49 (vir)     1           3.573          -1.451          -1.402          -4.320            5.041
   50 (vir)     1           3.646          -1.580          -1.544          -4.594            5.116
   51 (vir)     1           4.344          -1.727          -1.156          -4.261            5.722
   52 (vir)     1           4.460          -1.525          -1.392          -4.578            6.121
   53 (vir)     1           4.538          -1.441          -1.073          -3.760            5.784
   54 (vir)     1           4.642          -1.300          -1.127          -3.810            6.025
   55 (vir)     1           4.706          -1.627          -1.283          -4.306            6.101
   56 (vir)     1           4.874          -1.688          -1.160          -4.452            6.478
   57 (vir)     1           4.978          -1.658          -1.588          -4.804            6.535
   58 (vir)     1           5.005          -1.505          -1.229          -4.107            6.378
   59 (vir)     1           5.144          -1.801          -0.998          -4.194            6.539
   60 (vir)     1           5.210          -1.240          -0.841          -3.250            6.380
   61 (vir)     1           5.477          -1.371          -0.959          -3.783            6.930
   62 (vir)     1           5.492          -1.801          -1.379          -4.782            7.095
   63 (vir)     1           5.581          -1.897          -1.398          -4.747            7.033
   64 (vir)     1           5.701          -1.322          -1.037          -3.894            7.236
   65 (vir)     1           5.800          -1.677          -1.352          -4.620            7.391
   66 (vir)     1           5.958          -1.646          -1.054          -4.151            7.409
   67 (vir)     1           6.059          -1.674          -1.347          -4.575            7.614
   68 (vir)     1           6.109          -2.493          -1.718          -5.801            7.698
   69 (vir)     1           6.117          -1.496          -1.251          -4.389            7.759
   70 (vir)     1           6.201          -1.500          -1.017          -3.968            7.652
   71 (vir)     1           6.269          -1.425          -0.976          -3.822            7.691
   72 (vir)     1           6.332          -1.571          -0.992          -4.239            8.008
   73 (vir)     1           6.588          -2.431          -1.746          -5.790            8.200
   74 (vir)     1           6.734          -1.965          -1.197          -4.894            8.466
   75 (vir)     1           6.992          -1.940          -0.911          -4.304            8.446
   76 (vir)     1           7.049          -1.907          -1.444          -4.942            8.640
   77 (vir)     1           7.127          -2.014          -1.202          -4.655            8.566
   78 (vir)     1           7.147          -2.006          -0.902          -4.315            8.554
   79 (vir)     1           7.546          -2.200          -1.142          -4.879            9.083
   80 (vir)     1           7.735          -2.163          -1.137          -4.870            9.305
   81 (vir)     1           7.744          -2.103          -1.080          -4.743            9.304
   82 (vir)     1           7.994          -2.262          -1.545          -5.358            9.545
   83 (vir)     1           8.007          -2.091          -1.241          -5.015            9.690
   84 (vir)     1           8.018          -2.137          -1.115          -4.739            9.505
   85 (vir)     1           8.042          -1.910          -1.144          -4.715            9.704
   86 (vir)     1           8.295          -2.182          -1.357          -5.062            9.818
   87 (vir)     1           8.366          -2.373          -1.237          -5.419           10.175
   88 (vir)     1           8.460          -2.220          -0.941          -4.570            9.868
   89 (vir)     1           8.628          -2.106          -1.083          -4.866           10.305
   90 (vir)     1           8.915          -2.976          -1.846          -6.647           10.739
   91 (vir)     1           9.155          -2.970          -1.678          -6.407           10.914
   92 (vir)     1           9.222          -1.560          -0.629          -3.478           10.511
   93 (vir)     1           9.473          -2.231          -1.107          -4.823           10.958
   94 (vir)     1           9.713          -2.472          -1.270          -5.373           11.344
   95 (vir)     1           9.942          -1.584          -0.719          -3.769           11.408
   96 (vir)     1           9.973          -2.699          -1.004          -5.157           11.426
   97 (vir)     1          10.104          -2.999          -1.414          -5.858           11.549
   98 (vir)     1          10.346          -2.604          -1.171          -5.380           11.951
   99 (vir)     1          10.365          -3.169          -1.327          -6.149           12.018
  100 (vir)     1          10.507          -3.166          -1.330          -6.162           12.172
  101 (vir)     1          10.788          -3.111          -1.362          -6.017           12.332
  102 (vir)     1          10.898          -3.379          -1.661          -6.570           12.429
  103 (vir)     1          11.127          -3.146          -1.630          -6.514           12.864
  104 (vir)     1          11.180          -2.772          -1.354          -5.781           12.834
  105 (vir)     1          11.446          -2.639          -1.164          -5.421           13.064
  106 (vir)     1          11.542          -2.669          -0.989          -5.135           13.018
  107 (vir)     1          11.628          -2.491          -1.032          -5.081           13.185
  108 (vir)     1          11.674          -3.048          -1.308          -5.958           13.277
  109 (vir)     1          12.327          -2.883          -1.030          -5.465           13.879
  110 (vir)     1          12.385          -3.313          -1.348          -6.170           13.894
  111 (vir)     1          12.405          -3.023          -1.052          -5.504           13.834
  112 (vir)     1          12.544          -2.999          -0.998          -5.367           13.915
  113 (vir)     1          12.680          -2.479          -0.834          -4.871           14.237
  114 (vir)     1          12.880          -3.352          -1.352          -6.170           14.346
  115 (vir)     1          12.916          -3.194          -1.080          -5.724           14.365
  116 (vir)     1          13.025          -3.323          -0.939          -5.380           14.143
  117 (vir)     1          13.211          -3.187          -1.168          -5.793           14.648
  118 (vir)     1          13.415          -2.741          -0.902          -5.125           14.898
  119 (vir)     1          13.634          -3.186          -1.166          -5.839           15.121
  120 (vir)     1          13.722          -3.373          -1.145          -5.884           15.088
  121 (vir)     1          13.753          -3.803          -1.391          -6.542           15.101
  122 (vir)     1          14.087          -3.535          -1.188          -5.969           15.334
  123 (vir)     1          14.143          -2.981          -0.928          -5.283           15.517
  124 (vir)     1          14.291          -3.951          -1.452          -6.865           15.753
  125 (vir)     1          14.543          -3.388          -1.152          -5.914           15.917
  126 (vir)     1          14.746          -3.918          -1.354          -6.499           15.973
  127 (vir)     1          14.909          -4.160          -1.450          -6.865           16.164
  128 (vir)     1          15.037          -4.090          -1.539          -7.135           16.543
  129 (vir)     1          15.124          -3.163          -0.920          -5.402           16.442
  130 (vir)     1          15.542          -3.566          -0.976          -5.602           16.603
  131 (vir)     1          15.590          -4.266          -1.555          -7.371           17.140
  132 (vir)     1          15.756          -3.651          -1.087          -6.088           17.107
  133 (vir)     1          16.093          -3.856          -1.135          -6.276           17.378
  134 (vir)     1          16.166          -4.305          -1.299          -6.619           17.180
  135 (vir)     1          16.268          -3.810          -1.347          -6.591           17.702
  136 (vir)     1          16.497          -3.041          -0.745          -4.911           17.623
  137 (vir)     1          16.840          -4.390          -1.345          -6.889           17.994
  138 (vir)     1          17.056          -4.209          -1.239          -6.435           18.043
  139 (vir)     1          17.198          -4.724          -1.635          -7.678           18.516
  140 (vir)     1          17.441          -3.866          -1.048          -5.970           18.497
  141 (vir)     1          17.953          -3.564          -0.776          -5.221           18.834
  142 (vir)     1          17.975          -3.856          -0.969          -5.942           19.091
  143 (vir)     1          18.206          -4.454          -1.325          -6.569           18.995
  144 (vir)     1          18.546          -5.067          -1.285          -6.875           19.069
  145 (vir)     1          18.669          -4.220          -0.958          -5.704           19.196
  146 (vir)     1          18.717          -4.334          -1.261          -6.557           19.679
  147 (vir)     1          18.806          -4.592          -1.143          -6.444           19.515
  148 (vir)     1          19.698          -4.385          -1.133          -6.203           20.383
  149 (vir)     1          19.821          -4.555          -1.070          -6.195           20.391
  150 (vir)     1          19.896          -5.736          -1.386          -7.631           20.405
  151 (vir)     1          20.448          -4.434          -0.940          -6.122           21.196
  152 (vir)     1          20.456          -6.360          -1.503          -8.144           20.737
  153 (vir)     1          20.841          -5.093          -1.076          -6.470           21.142
  154 (vir)     1          21.169          -4.758          -1.120          -6.361           21.652
  155 (vir)     1          21.195          -5.475          -1.190          -6.680           21.210
  156 (vir)     1          22.126          -6.930          -1.846          -8.944           22.294
  157 (vir)     1          22.395          -5.980          -1.457          -7.622           22.580
  158 (vir)     1          22.456          -6.739          -1.660          -8.294           22.350
  159 (vir)     1          22.613          -5.804          -1.257          -7.173           22.724
  160 (vir)     1          22.685          -6.912          -1.761          -8.624           22.635
  161 (vir)     1          23.462          -6.530          -1.981          -8.847           23.799
  162 (vir)     1          23.477          -6.897          -2.020          -9.111           23.672
  163 (vir)     1          23.563          -6.940          -1.947          -8.992           23.668
  164 (vir)     1          23.704          -7.463          -2.043          -9.378           23.576
  165 (vir)     1          24.133          -6.564          -1.348          -7.811           24.032
  166 (vir)     1          24.180          -6.481          -1.244          -7.707           24.161
  167 (vir)     1          24.210          -7.017          -1.174          -7.621           23.639
  168 (vir)     1          24.703          -6.773          -1.456          -7.724           24.198
  169 (vir)     1          24.827          -7.429          -2.027          -9.404           24.775
  170 (vir)     1          24.943          -7.652          -1.839          -9.157           24.609
  171 (vir)     1          25.608          -7.904          -1.854          -9.138           24.988
  172 (vir)     1          25.723          -7.523          -1.565          -8.203           24.838
  173 (vir)     1          25.768          -8.114          -1.895          -9.571           25.330
  174 (vir)     1          25.793          -8.332          -1.932          -9.722           25.252
  175 (vir)     1          26.438          -7.470          -1.223          -7.838           25.583
  176 (vir)     1          27.153          -7.932          -1.404          -8.210           26.027
  177 (vir)     1          27.184          -8.667          -1.578          -8.732           25.671
  178 (vir)     1          27.488          -8.782          -1.601          -8.731           25.836
  179 (vir)     1          28.529          -8.404          -1.231          -8.026           26.921
  180 (vir)     1          29.026          -8.521          -1.353          -7.882           27.034
  181 (vir)     1          29.371          -8.838          -1.271          -8.411           27.673
  182 (vir)     1          32.264          -9.619          -1.275          -8.477           29.847
  183 (vir)     1          32.266          -9.687          -1.273          -8.575           29.880
  184 (vir)     1          33.176         -10.491          -1.409          -8.994           30.271
  185 (vir)     1          33.905         -10.805          -1.266          -8.592           30.426
  186 (vir)     1          34.238         -10.618          -1.292          -8.693           31.021
  187 (vir)     1          34.255         -11.044          -1.295          -8.779           30.695
  188 (vir)     1          35.085         -10.899          -1.256          -8.499           31.429
  189 (vir)     1          35.085         -11.004          -1.169          -8.551           31.463
  190 (vir)     1          35.562         -11.304          -1.310          -8.678           31.626
  191 (vir)     1          35.572         -11.451          -1.253          -8.614           31.481
  192 (vir)     1          35.928         -10.805          -1.114          -8.246           32.254
  193 (vir)     1          36.153         -10.991          -1.150          -8.375           32.388
  194 (vir)     1          36.266           4.689          -1.209          -8.619           48.364
  195 (vir)     1          36.857           4.502          -1.342          -8.714           48.731
  196 (vir)     1          37.360           3.960          -1.336          -8.679           48.663
  197 (vir)     1          43.447           2.914          -1.293          -8.599           53.666
  198 (vir)     1          45.678           3.077          -1.293          -8.975           56.437
  199 (vir)     1          45.797           3.112          -1.339          -9.204           56.774
  200 (vir)     1          46.507           3.634          -1.262          -8.985           57.864
  201 (vir)     1          46.761           3.814          -1.898         -10.658           59.335
  202 (vir)     1          47.062           3.703          -1.835         -10.566           59.497
  203 (vir)     1          47.316           4.047          -1.808         -10.466           60.020
  204 (vir)     1          47.384           3.813          -1.677         -10.096           59.616
  205 (vir)     1          49.291           3.636          -1.995         -10.629           61.562
  206 (vir)     1          49.333           3.825          -2.077         -10.821           61.902
  207 (vir)     1          49.448           3.162          -1.745         -10.565           61.430
  208 (vir)     1          50.481           4.678          -1.836         -10.714           64.038
  209 (vir)     1          51.158           2.977          -1.728         -10.744           63.152
  210 (vir)     1          51.597           3.564          -1.895         -10.808           64.074
  211 (vir)     1          52.375           3.266          -1.898         -10.921           64.664
  212 (vir)     1          52.489           3.262          -1.954         -10.814           64.611
  213 (vir)     1          52.549           3.891          -2.040         -10.989           65.390
  214 (vir)     1          52.758           3.502          -1.903         -10.883           65.240
  215 (vir)     1          53.139           3.121          -1.870         -10.930           65.320
  216 (vir)     1          53.286           2.484          -1.876         -11.060           64.954
  217 (vir)     1          53.596           3.631          -2.020         -11.132           66.340
  218 (vir)     1          54.061           4.396          -2.017         -11.125           67.565
  219 (vir)     1          55.905           4.208          -1.918         -10.953           69.148
  220 (vir)     1          56.949           3.070          -2.034         -11.287           69.273
  221 (vir)     1          57.066           2.749          -1.807         -11.144           69.152
  222 (vir)     1          57.459           2.872          -1.773         -10.311           68.870
  223 (vir)     1          58.011           2.782          -1.825         -11.142           70.109
  224 (vir)     1          58.669           2.966          -2.006         -11.370           70.998
  225 (vir)     1          59.812           2.824          -1.945         -11.680           72.371
  226 (vir)     1          60.983           2.784          -1.742         -10.908           72.933
  227 (vir)     1          61.573           1.809          -1.678         -10.497           72.200
  228 (vir)     1          63.188           2.346          -1.737         -10.743           74.541
  229 (vir)     1          65.696           2.096          -1.727         -11.937           78.002
  230 (vir)     1          66.559           2.280          -1.683         -10.643           77.800
  231 (vir)     1          67.688           1.783          -1.743         -12.083           79.810
  232 (vir)     1          68.259           2.451          -1.756         -11.973           80.927
  233 (vir)     1          68.494           2.320          -1.786         -12.085           81.113
  234 (vir)     1          69.219           1.640          -1.791         -12.159           81.226
  235 (vir)     1          70.201           1.901          -1.848         -12.270           82.523
  236 (vir)     1          70.366           1.922          -1.765         -12.229           82.753
  237 (vir)     1          87.145         -11.336          -0.389          -6.845           82.264
  238 (vir)     1          94.564           5.501          -0.442          -7.269          106.892
  239 (vir)     1          95.104           4.677          -0.427          -7.270          106.624
  240 (vir)     1          95.699           4.326          -0.448          -7.282          106.860
  241 (vir)     1          96.052           4.089          -0.434          -7.284          106.990
  242 (vir)     1         142.277           2.002          -1.827         -16.127          158.579
  243 (vir)     1         142.519           2.002          -1.823         -16.124          158.822
  244 (vir)     1         143.939           2.014          -1.798         -16.000          160.155
  245 (vir)     1         144.545           1.932          -1.789         -16.013          160.700
  246 (vir)     1         144.655           1.944          -1.794         -16.045          160.849
  247 (vir)     1         144.967           1.788          -1.812         -16.144          161.086
  248 (vir)     1         145.095           1.810          -1.800         -16.106          161.211
  249 (vir)     1         145.658           2.057          -1.773         -15.976          161.917
  250 (vir)     1         146.288           2.027          -1.792         -16.035          162.558
  251 (vir)     1         146.289           1.981          -1.782         -16.037          162.525
  252 (vir)     1         146.300           1.934          -1.752         -15.980          162.462
  253 (vir)     1         147.032           1.913          -1.761         -15.979          163.163
 
