 
  kpoint:       1             coordinate:     0.0000    0.0000    0.0000                  spin:  1
 
    n           k   ϵ_nk^DFT (eV)     Σ^c_nk (eV)     Σ^x_nk (eV)    v_nk^xc (eV)   ϵ_nk^G0W0 (eV)
 
    1 (occ)     1         -25.898           9.379         -31.196         -19.356          -28.359
    2 (occ)     1         -19.211           5.576         -24.549         -15.525          -22.659
    3 (occ)     1         -17.869           5.190         -24.100         -15.349          -21.431
    4 (occ)     1         -15.174           3.873         -23.345         -15.725          -18.921
    5 (occ)     1         -14.727           3.923         -22.813         -15.105          -18.512
    6 (occ)     1         -12.196           2.304         -21.761         -15.984          -15.669
    7 (occ)     1         -11.907           2.766         -20.848         -14.512          -15.477
    8 (occ)     1         -10.724           1.869         -19.538         -13.972          -14.420
    9 (occ)     1         -10.492           2.185         -21.143         -15.665          -13.785
   10 (occ)     1          -9.554           1.538         -19.549         -14.280          -13.285
   11 (occ)     1          -8.998           1.324         -19.668         -14.677          -12.665
   12 (occ)     1          -8.960           1.579         -19.778         -14.508          -12.651
   13 (occ)     1          -8.481           1.322         -20.151         -15.696          -11.614
   14 (occ)     1          -8.149           1.169         -19.224         -14.373          -11.831
   15 (occ)     1          -7.513           2.118         -22.442         -17.129          -10.708
   16 (occ)     1          -5.773           2.451         -23.280         -17.697           -8.904
   17 (vir)     1          -0.340          -0.733          -1.409          -3.740            1.256
   18 (vir)     1          -0.025          -0.652          -1.063          -3.225            1.485
   19 (vir)     1           0.183          -0.612          -0.885          -2.919            1.605
   20 (vir)     1           0.309          -0.595          -0.944          -2.916            1.686
   21 (vir)     1           0.755          -0.571          -0.848          -2.764            2.099
   22 (vir)     1           0.812          -0.518          -0.713          -2.524            2.105
   23 (vir)     1           0.964          -0.482          -0.646          -2.369            2.205
   24 (vir)     1           1.199          -0.511          -0.764          -2.512            2.436
   25 (vir)     1           1.345          -0.412          -0.783          -2.329            2.480
   26 (vir)     1           1.536          -0.559          -0.923          -2.839            2.892
   27 (vir)     1           1.701          -0.669          -1.192          -3.294            3.134
   28 (vir)     1           1.909          -1.474          -3.525          -7.248            4.158
   29 (vir)     1           1.949          -0.401          -0.476          -2.068            3.140
   30 (vir)     1           2.016          -0.497          -0.719          -2.488            3.288
   31 (vir)     1           2.091          -0.427          -0.499          -2.123            3.288
   32 (vir)     1           2.967          -0.642          -0.916          -3.051            4.460
   33 (vir)     1           3.134          -0.901          -1.763          -4.272            4.742
   34 (vir)     1           3.212          -0.727          -1.164          -3.558            4.880
   35 (vir)     1           3.458          -0.621          -0.847          -2.974            4.963
   36 (vir)     1           3.554          -1.112          -2.193          -5.435            5.684
   37 (vir)     1           3.768          -0.900          -1.582          -4.094            5.380
   38 (vir)     1           3.997          -1.032          -2.170          -4.918            5.712
   39 (vir)     1           4.069          -0.693          -1.005          -3.145            5.517
   40 (vir)     1           4.174          -1.388          -2.805          -6.246            6.228
   41 (vir)     1           4.403          -1.051          -1.860          -4.831            6.324
   42 (vir)     1           4.439          -1.267          -2.558          -6.029            6.643
   43 (vir)     1           4.550          -1.400          -2.581          -6.232            6.801
   44 (vir)     1           4.691          -2.179          -4.682          -9.622            7.451
   45 (vir)     1           4.817          -1.336          -2.694          -6.297            7.084
   46 (vir)     1           4.920          -1.380          -2.799          -6.357            7.099
   47 (vir)     1           4.922          -1.075          -2.156          -5.244            6.935
   48 (vir)     1           4.951          -1.108          -1.967          -4.968            6.843
   49 (vir)     1           5.319          -1.437          -2.590          -6.392            7.684
   50 (vir)     1           5.704          -1.093          -1.515          -4.538            7.634
   51 (vir)     1           5.764          -0.802          -0.681          -3.217            7.498
   52 (vir)     1           6.187          -0.955          -1.023          -3.847            8.056
   53 (vir)     1           6.308          -0.858          -0.974          -3.593            8.068
   54 (vir)     1           6.314          -0.910          -1.394          -4.151            8.161
   55 (vir)     1           6.462          -0.944          -1.066          -3.891            8.343
   56 (vir)     1           6.555          -0.939          -1.183          -4.106            8.539
   57 (vir)     1           7.208          -1.145          -1.428          -4.684            9.319
   58 (vir)     1           7.332          -0.988          -1.230          -4.307            9.421
   59 (vir)     1           7.652          -1.204          -1.732          -5.071            9.787
   60 (vir)     1           7.788          -2.360          -3.532          -8.578           10.474
   61 (vir)     1           8.307          -1.045          -1.310          -4.383           10.335
   62 (vir)     1           8.332          -2.487          -3.520          -8.580           10.905
   63 (vir)     1           8.333          -0.931          -1.042          -4.087           10.447
   64 (vir)     1           8.446          -1.540          -2.477          -6.378           10.807
   65 (vir)     1           9.604          -1.067          -0.508          -3.480           11.509
   66 (vir)     1           9.756          -1.579          -2.161          -6.110           12.125
   67 (vir)     1           9.763          -1.083          -1.497          -4.791           11.974
   68 (vir)     1           9.911          -1.325          -1.159          -4.729           12.156
   69 (vir)     1           9.930          -1.043          -1.007          -4.064           11.943
   70 (vir)     1          10.421          -2.167          -2.658          -7.470           13.067
   71 (vir)     1          11.404          -2.941          -3.558          -9.255           14.160
   72 (vir)     1          11.779          -1.400          -0.559          -3.867           13.686
   73 (vir)     1          11.931          -2.172          -1.917          -6.444           14.286
   74 (vir)     1          11.940          -1.226          -1.086          -4.523           14.151
   75 (vir)     1          12.252          -2.794          -2.735          -8.158           14.880
   76 (vir)     1          12.872          -2.194          -2.560          -7.416           15.534
   77 (vir)     1          12.957          -1.734          -1.306          -5.525           15.441
   78 (vir)     1          13.156          -2.913          -3.336          -9.169           16.076
   79 (vir)     1          13.238          -2.377          -2.572          -7.706           15.995
   80 (vir)     1          13.481          -2.447          -2.437          -7.661           16.257
   81 (vir)     1          13.531          -2.460          -2.458          -7.510           16.123
   82 (vir)     1          13.653          -2.836          -3.104          -8.831           16.544
   83 (vir)     1          13.790          -1.979          -1.990          -6.476           16.297
   84 (vir)     1          13.974          -2.055          -1.976          -6.671           16.615
   85 (vir)     1          14.039          -2.077          -1.895          -6.604           16.672
   86 (vir)     1          15.129          -1.972          -1.300          -5.737           17.594
   87 (vir)     1          15.493          -1.801          -1.315          -5.573           17.951
   88 (vir)     1          15.542          -1.526          -1.309          -5.408           18.114
   89 (vir)     1          16.170          -2.686          -2.397          -7.860           18.946
   90 (vir)     1          16.322          -2.800          -2.101          -7.622           19.043
   91 (vir)     1          17.408          -3.237          -2.699          -8.705           20.177
   92 (vir)     1          17.409          -2.497          -2.091          -7.346           20.167
   93 (vir)     1          17.427          -2.058          -1.686          -6.651           20.333
   94 (vir)     1          17.720          -2.167          -1.728          -6.574           20.400
   95 (vir)     1          18.131          -3.010          -2.357          -8.090           20.854
   96 (vir)     1          18.483          -1.838          -1.299          -5.847           21.192
   97 (vir)     1          18.489          -1.971          -1.045          -5.598           21.071
   98 (vir)     1          19.477          -2.740          -2.206          -7.856           22.387
   99 (vir)     1          20.165          -2.294          -1.342          -6.328           22.858
  100 (vir)     1          20.340          -2.422          -1.895          -7.284           23.308
  101 (vir)     1          20.666          -2.598          -1.703          -7.055           23.419
  102 (vir)     1          20.828          -2.970          -2.052          -7.948           23.755
  103 (vir)     1          21.036          -2.720          -2.105          -7.823           24.033
  104 (vir)     1          21.969          -3.009          -2.256          -8.261           24.965
  105 (vir)     1          22.218          -3.145          -2.360          -8.598           25.310
  106 (vir)     1          23.387          -2.766          -2.195          -8.095           26.522
  107 (vir)     1          23.749          -3.080          -1.564          -7.269           26.374
  108 (vir)     1          24.012          -3.064          -2.490          -8.606           27.064
  109 (vir)     1          24.190          -2.547          -1.622          -6.950           26.972
  110 (vir)     1          24.650          -2.508          -1.471          -7.123           27.795
  111 (vir)     1          25.541          -2.755          -1.617          -7.019           28.188
  112 (vir)     1          25.609          -3.202          -2.304          -8.553           28.655
  113 (vir)     1          25.617          -1.737          -1.174          -6.210           28.917
  114 (vir)     1          27.019          -3.240          -1.523          -7.564           29.820
  115 (vir)     1          27.177          -2.432          -1.370          -6.585           29.961
  116 (vir)     1          27.231          -3.118          -1.550          -7.434           29.998
  117 (vir)     1          27.544          -3.069          -1.898          -7.750           30.327
  118 (vir)     1          27.632          -2.867          -1.792          -7.509           30.482
  119 (vir)     1          27.869          -3.589          -2.367          -8.657           30.570
  120 (vir)     1          30.102          -3.604          -2.839          -9.677           33.336
  121 (vir)     1          30.262          -3.336          -1.669          -7.405           32.662
  122 (vir)     1          31.488          -3.775          -2.069          -8.513           34.158
  123 (vir)     1          31.568          -4.030          -3.000          -9.966           34.504
  124 (vir)     1          32.447          -3.587          -2.113          -8.360           35.107
  125 (vir)     1          33.643          -4.081          -2.234          -8.857           36.185
  126 (vir)     1          34.120          -4.718          -2.677          -9.970           36.694
  127 (vir)     1          34.573          -5.071          -2.576          -9.496           36.422
  128 (vir)     1          34.800          -4.758          -2.142          -9.298           37.199
  129 (vir)     1          35.717          -5.406          -2.329          -9.547           37.529
  130 (vir)     1          35.944          -5.408          -3.172         -10.947           38.311
  131 (vir)     1          36.622          -5.146          -2.071          -8.948           38.353
  132 (vir)     1          37.073          -5.154          -1.904          -8.896           38.911
  133 (vir)     1          37.313          -5.142          -2.383          -9.507           39.294
  134 (vir)     1          37.921          -5.055          -1.915          -8.824           39.774
  135 (vir)     1          39.448          -4.113          -1.193          -7.164           41.305
  136 (vir)     1          39.558          -6.121          -1.995          -9.566           41.009
  137 (vir)     1          40.419          -6.928          -3.317         -11.749           41.923
  138 (vir)     1          40.583          -6.426          -3.051         -11.573           42.678
  139 (vir)     1          41.839          -8.022          -3.437         -12.438           42.819
  140 (vir)     1          42.690          -7.098          -2.622         -10.593           43.563
  141 (vir)     1          44.500          -7.344          -2.672         -11.449           45.934
  142 (vir)     1          46.222          -8.928          -2.817         -12.182           46.659
  143 (vir)     1          46.504          -8.158          -2.236         -10.269           46.378
  144 (vir)     1          46.623          -9.106          -2.469         -11.118           46.167
  145 (vir)     1          47.018          -9.302          -3.365         -12.539           46.890
  146 (vir)     1          47.567          -8.834          -3.870         -13.310           48.173
  147 (vir)     1          50.403         -11.886          -3.084         -12.432           47.865
  148 (vir)     1          51.202         -10.570          -2.301         -11.427           49.759
  149 (vir)     1          51.685         -11.007          -2.609         -11.931           50.000
  150 (vir)     1          51.782         -11.221          -2.589         -11.966           49.937
  151 (vir)     1          52.446          -8.641          -3.726         -14.040           54.119
  152 (vir)     1          53.108         -12.209          -3.789         -13.782           50.891
  153 (vir)     1          55.712          -7.790          -2.650         -12.600           57.873
  154 (vir)     1          55.928         -10.169          -3.116         -12.766           55.409
  155 (vir)     1          55.955          -6.832          -2.652         -12.490           58.961
  156 (vir)     1          56.229          -5.723          -2.837         -13.098           60.767
  157 (vir)     1          57.221           5.163          -2.775         -12.717           72.326
  158 (vir)     1          57.614           4.990          -2.332         -11.451           71.723
  159 (vir)     1          57.961          -3.895          -2.941         -13.081           64.205
  160 (vir)     1          58.470          -3.493          -2.496         -12.204           64.686
  161 (vir)     1          58.829           5.554          -2.416         -12.008           73.976
  162 (vir)     1          60.168           6.634          -3.268         -13.880           77.415
  163 (vir)     1          60.237         -11.665          -3.350         -13.313           58.535
  164 (vir)     1          60.314           4.511          -2.790         -12.758           74.792
  165 (vir)     1          62.035          -9.065          -2.529         -12.436           62.877
  166 (vir)     1          63.264           5.091          -2.612         -13.242           78.986
  167 (vir)     1          63.539           5.984          -2.876         -13.759           80.405
  168 (vir)     1          63.566           4.558          -2.762         -13.481           78.843
  169 (vir)     1          64.716         -12.681          -2.950         -13.422           62.506
  170 (vir)     1          64.908         -12.447          -2.771         -14.068           63.757
  171 (vir)     1          65.697           4.799          -2.555         -13.197           81.138
  172 (vir)     1          65.894           4.385          -2.421         -12.882           80.741
  173 (vir)     1          67.455           4.488          -2.536         -13.365           82.772
  174 (vir)     1          68.355           4.755          -2.247         -12.998           83.861
  175 (vir)     1          68.490           4.547          -2.492         -13.358           83.903
  176 (vir)     1          70.346           3.973          -2.421         -13.057           84.954
  177 (vir)     1          70.704           4.304          -2.436         -13.307           85.880
  178 (vir)     1          70.721           4.061          -2.586         -13.740           85.936
  179 (vir)     1          70.745           4.348          -2.360         -13.007           85.740
  180 (vir)     1          72.257           4.276          -2.484         -13.660           87.709
  181 (vir)     1          72.376           4.389          -2.163         -13.374           87.976
  182 (vir)     1          72.865           5.259          -2.553         -14.062           89.633
  183 (vir)     1          73.511           4.318          -3.016         -14.161           88.974
  184 (vir)     1          74.466           5.501          -2.856         -14.208           91.319
  185 (vir)     1          75.222           3.911          -2.117         -13.124           90.139
  186 (vir)     1          75.920           3.918          -2.320         -13.786           91.303
  187 (vir)     1          76.579           4.150          -2.356         -13.809           92.182
  188 (vir)     1          77.769           4.662          -2.981         -14.850           94.301
  189 (vir)     1          78.123           3.815          -2.308         -13.587           93.216
  190 (vir)     1          78.137           4.637          -2.424         -13.695           94.045
  191 (vir)     1          80.475           3.695          -2.419         -14.144           95.895
  192 (vir)     1          81.797           3.746          -2.304         -13.768           97.007
  193 (vir)     1          83.105           3.917          -2.841         -14.747           98.928
  194 (vir)     1          84.482           3.324          -2.087         -13.494           99.213
  195 (vir)     1          89.784           3.941          -2.726         -15.128          106.127
  196 (vir)     1          89.928           3.077          -2.428         -14.032          104.610
  197 (vir)     1          93.518           2.780          -2.464         -14.806          108.640
  198 (vir)     1          97.435           3.971          -2.502         -14.645          113.550
  199 (vir)     1          98.431           2.263          -2.488         -15.115          113.321
  200 (vir)     1         104.497           2.952          -2.501         -15.325          120.273
  201 (vir)     1         108.614           2.038          -2.074         -14.392          122.969
  202 (vir)     1         110.745           2.234          -2.018         -14.193          125.154
  203 (vir)     1         111.584           2.205          -2.033         -14.469          126.224
  204 (vir)     1         112.600           1.997          -1.991         -14.344          126.951
  205 (vir)     1         115.943           1.904          -1.914         -14.345          130.278
  206 (vir)     1         131.290           3.889          -3.410         -20.294          152.063
  207 (vir)     1         134.834           4.870          -3.329         -20.114          156.489
  208 (vir)     1         140.335           5.408          -3.088         -20.144          162.800
  209 (vir)     1         155.773           2.466          -1.738         -15.792          172.293
  210 (vir)     1         161.534           2.393          -1.863         -16.223          178.287
  211 (vir)     1         163.100           2.423          -1.692         -15.936          179.767
  212 (vir)     1         163.192           2.418          -1.672         -15.841          179.779
  213 (vir)     1         163.385           2.339          -1.727         -15.979          179.976
  214 (vir)     1         163.708           2.349          -1.674         -15.862          180.245
  215 (vir)     1         164.360           2.501          -1.746         -16.227          181.342
  216 (vir)     1         164.607           2.485          -1.760         -16.243          181.575
  217 (vir)     1         164.894           2.347          -1.685         -15.954          181.510
  218 (vir)     1         165.744           2.517          -1.714         -16.154          182.702
  219 (vir)     1         182.518           2.182          -4.531         -23.334          203.504
  220 (vir)     1         185.870           2.140          -5.310         -23.081          205.780
  221 (vir)     1         189.920           1.278          -4.665         -23.364          209.897
  222 (vir)     1         194.975           2.233          -4.457         -22.808          215.559
  223 (vir)     1         204.653           6.454          -0.916         -12.449          222.640
  224 (vir)     1         206.939           1.916          -3.699         -22.670          227.827
  225 (vir)     1         237.654          11.129          -0.935         -13.515          261.363
  226 (vir)     1         238.982          12.707          -0.909         -13.578          264.357
  227 (vir)     1         240.738          11.074          -0.964         -13.800          264.648
  228 (vir)     1         243.377           1.309          -3.551         -22.126          263.261
  229 (vir)     1         244.865           1.232          -3.763         -22.436          264.771
  230 (vir)     1         246.417           1.584          -3.719         -22.531          266.812
  231 (vir)     1         246.676           1.610          -3.637         -22.515          267.164
  232 (vir)     1         246.751           1.417          -3.644         -22.651          267.174
  233 (vir)     1         247.523           1.315          -3.726         -22.685          267.798
  234 (vir)     1         248.150           1.329          -3.649         -22.150          267.981
  235 (vir)     1         298.036           4.360          -1.365         -19.637          320.669
 
