 
  kpoint:       1             coordinate:     0.0000    0.0000    0.0000                  spin:  1
 
    n           k   ϵ_nk^DFT (eV)     Σ^c_nk (eV)     Σ^x_nk (eV)    v_nk^xc (eV)   ϵ_nk^G0W0 (eV)
 
    1 (occ)     1         -21.041           6.301         -24.900         -15.684          -23.956
    2 (occ)     1         -14.600           3.763         -21.975         -14.620          -18.192
    3 (occ)     1         -14.591           3.771         -22.005         -14.619          -18.206
    4 (occ)     1         -12.033           2.209         -19.723         -13.922          -15.624
    5 (occ)     1         -11.390           1.816         -20.025         -14.730          -14.869
    6 (occ)     1          -8.685           1.273         -19.119         -14.198          -12.334
    7 (occ)     1          -8.673           1.285         -19.165         -14.201          -12.352
    8 (occ)     1          -7.048           0.885         -18.208         -14.311          -10.060
    9 (occ)     1          -7.045           0.906         -18.292         -14.308          -10.123
   10 (vir)     1          -0.143          -0.654          -1.062          -3.305            1.446
   11 (vir)     1           0.216          -0.668          -1.161          -3.446            1.834
   12 (vir)     1           0.270          -0.549          -0.807          -2.742            1.657
   13 (vir)     1           0.273          -0.550          -0.808          -2.741            1.656
   14 (vir)     1           1.230          -0.440          -0.504          -2.178            2.465
   15 (vir)     1           1.497          -0.342          -0.447          -1.826            2.535
   16 (vir)     1           1.498          -0.343          -0.450          -1.824            2.529
   17 (vir)     1           1.558          -0.326          -0.380          -1.693            2.545
   18 (vir)     1           1.559          -0.323          -0.384          -1.692            2.544
   19 (vir)     1           2.102          -1.203          -3.370          -6.856            4.386
   20 (vir)     1           3.145          -0.495          -0.705          -2.485            4.430
   21 (vir)     1           3.150          -0.517          -0.766          -2.589            4.455
   22 (vir)     1           3.195          -1.091          -2.557          -5.686            5.232
   23 (vir)     1           3.303          -0.818          -1.541          -3.975            4.919
   24 (vir)     1           3.401          -1.125          -2.959          -5.972            5.289
   25 (vir)     1           3.605          -0.387          -0.291          -1.984            4.911
   26 (vir)     1           3.613          -0.385          -0.285          -1.979            4.922
   27 (vir)     1           4.158          -0.509          -0.530          -2.441            5.559
   28 (vir)     1           4.274          -1.013          -1.928          -4.824            6.158
   29 (vir)     1           4.287          -0.972          -1.813          -4.625            6.128
   30 (vir)     1           4.572          -0.287          -0.170          -1.496            5.610
   31 (vir)     1           5.068          -0.819          -1.099          -3.651            6.801
   32 (vir)     1           5.612          -1.396          -2.091          -5.797            7.922
   33 (vir)     1           5.617          -1.415          -2.170          -5.900            7.932
   34 (vir)     1           5.636          -1.548          -2.682          -6.757            8.164
   35 (vir)     1           5.640          -1.530          -2.590          -6.596            8.115
   36 (vir)     1           6.824          -1.110          -1.369          -4.557            8.902
   37 (vir)     1           6.826          -1.114          -1.385          -4.557            8.885
   38 (vir)     1           7.077          -1.291          -2.183          -5.925            9.529
   39 (vir)     1           7.210          -1.087          -1.713          -5.074            9.484
   40 (vir)     1           7.228          -1.116          -1.764          -5.186            9.534
   41 (vir)     1           7.603          -1.240          -2.180          -5.660            9.842
   42 (vir)     1           8.115          -0.656          -0.271          -2.735            9.923
   43 (vir)     1           9.800          -1.989          -1.777          -6.113           12.146
   44 (vir)     1          10.029          -0.843          -0.427          -3.322           12.081
   45 (vir)     1          10.038          -0.917          -0.413          -3.260           11.968
   46 (vir)     1          10.507          -2.409          -2.823          -7.892           13.166
   47 (vir)     1          10.537          -2.451          -2.863          -7.966           13.190
   48 (vir)     1          11.862          -1.700          -1.922          -6.086           14.326
   49 (vir)     1          11.991          -1.908          -1.729          -6.051           14.405
   50 (vir)     1          12.022          -1.966          -1.750          -6.145           14.452
   51 (vir)     1          12.904          -1.610          -1.523          -5.456           15.227
   52 (vir)     1          12.904          -1.642          -1.557          -5.479           15.185
   53 (vir)     1          14.183          -2.990          -3.200          -9.169           17.161
   54 (vir)     1          14.721          -3.075          -2.990          -9.073           17.729
   55 (vir)     1          14.728          -3.099          -3.003          -9.075           17.700
   56 (vir)     1          15.630          -2.805          -2.184          -7.859           18.500
   57 (vir)     1          15.663          -2.779          -2.126          -7.825           18.583
   58 (vir)     1          15.939          -1.703          -1.462          -5.808           18.582
   59 (vir)     1          16.101          -2.480          -1.757          -6.988           18.852
   60 (vir)     1          17.016          -2.264          -1.319          -6.290           19.724
   61 (vir)     1          17.489          -2.512          -1.673          -7.032           20.336
   62 (vir)     1          17.510          -2.537          -1.705          -7.130           20.398
   63 (vir)     1          18.824          -2.422          -2.414          -7.903           21.891
   64 (vir)     1          19.541          -1.786          -0.794          -5.179           22.140
   65 (vir)     1          19.620          -1.897          -0.804          -5.259           22.177
   66 (vir)     1          20.095          -2.091          -1.027          -5.452           22.428
   67 (vir)     1          20.133          -2.108          -0.957          -5.420           22.488
   68 (vir)     1          20.688          -1.673          -0.793          -4.899           23.121
   69 (vir)     1          21.648          -2.962          -1.719          -7.575           24.542
   70 (vir)     1          21.659          -2.911          -1.697          -7.539           24.589
   71 (vir)     1          23.203          -3.265          -1.177          -6.944           25.705
   72 (vir)     1          23.963          -3.172          -1.934          -8.125           26.982
   73 (vir)     1          23.969          -3.113          -1.940          -8.126           27.043
   74 (vir)     1          25.739          -2.593          -1.005          -6.112           28.253
   75 (vir)     1          25.745          -2.503          -0.988          -6.091           28.344
   76 (vir)     1          26.862          -4.847          -2.512         -10.150           29.652
   77 (vir)     1          27.752          -4.336          -2.986          -9.971           30.402
   78 (vir)     1          28.379          -3.972          -1.453          -7.921           30.875
   79 (vir)     1          28.644          -3.835          -2.381          -8.798           31.226
   80 (vir)     1          28.675          -3.943          -2.258          -8.711           31.185
   81 (vir)     1          33.396          -5.107          -2.089          -9.143           35.343
   82 (vir)     1          33.413          -5.145          -2.121          -9.142           35.289
   83 (vir)     1          36.242          -4.775          -1.141          -7.372           37.698
   84 (vir)     1          36.319          -5.484          -1.435          -8.027           37.427
   85 (vir)     1          36.584          -4.804          -1.343          -7.481           37.918
   86 (vir)     1          36.623          -5.472          -1.576          -8.277           37.851
   87 (vir)     1          37.773          -6.072          -1.773          -9.364           39.293
   88 (vir)     1          39.857          -5.401          -1.341          -8.053           41.167
   89 (vir)     1          39.933          -5.514          -1.340          -7.995           41.073
   90 (vir)     1          41.549          -4.921          -1.884          -8.742           43.486
   91 (vir)     1          42.693          -7.783          -2.132         -10.286           43.063
   92 (vir)     1          42.832          -7.856          -2.175         -10.217           43.019
   93 (vir)     1          43.653         -10.231          -2.878         -12.960           43.505
   94 (vir)     1          43.687          -9.926          -2.839         -13.034           43.956
   95 (vir)     1          44.687          -6.157          -0.665          -6.589           44.455
   96 (vir)     1          45.504         -10.250          -2.921         -12.279           44.613
   97 (vir)     1          46.258         -10.312          -2.543         -11.701           45.103
   98 (vir)     1          50.108          -6.759          -2.784         -12.642           53.207
   99 (vir)     1          50.416         -10.559          -2.717         -12.794           49.934
  100 (vir)     1          51.836         -12.085          -2.249         -11.937           49.439
  101 (vir)     1          56.399         -10.578          -2.507         -12.725           56.039
  102 (vir)     1          56.451          -9.898          -2.440         -12.702           56.815
  103 (vir)     1          58.772          -4.666          -2.335         -13.993           65.764
  104 (vir)     1          59.035           7.646          -2.473         -13.428           77.635
  105 (vir)     1          61.374           4.428          -2.503         -13.217           76.516
  106 (vir)     1          61.438           4.150          -2.457         -13.224           76.355
  107 (vir)     1          62.247           4.836          -1.072          -8.847           74.858
  108 (vir)     1          65.883          -2.481          -2.036         -12.929           74.296
  109 (vir)     1          65.997           5.080          -2.065         -13.032           82.043
  110 (vir)     1          66.609           4.797          -2.126         -13.254           82.534
  111 (vir)     1          66.976           4.713          -2.119         -12.986           82.556
  112 (vir)     1          67.078           4.325          -2.137         -13.098           82.363
  113 (vir)     1          67.334           1.930          -2.204         -13.220           80.281
  114 (vir)     1          68.533         -12.131          -2.199         -14.038           68.241
  115 (vir)     1          68.582           3.273          -2.124         -14.035           83.766
  116 (vir)     1          70.595           6.715          -1.926         -13.235           88.620
  117 (vir)     1          70.605           5.202          -1.803         -13.253           87.257
  118 (vir)     1          74.393           3.806          -2.073         -13.706           89.832
  119 (vir)     1          74.456           4.343          -2.125         -13.721           90.395
  120 (vir)     1          78.415           4.608          -1.945         -13.878           94.957
  121 (vir)     1          78.703           4.408          -1.958         -13.937           95.090
  122 (vir)     1          82.079           4.578          -1.675         -12.886           97.869
  123 (vir)     1          82.966           4.499          -1.674         -13.270           99.061
  124 (vir)     1          83.303           4.285          -1.757         -13.370           99.201
  125 (vir)     1          84.754           3.376          -1.925         -13.634           99.840
  126 (vir)     1          85.197           4.039          -2.329         -14.732          101.640
  127 (vir)     1          86.102           4.259          -2.325         -14.811          102.847
  128 (vir)     1          90.464           3.132          -1.951         -15.298          106.943
  129 (vir)     1         105.316           3.362          -2.069         -15.144          121.753
  130 (vir)     1         105.599           2.991          -1.983         -15.157          121.764
  131 (vir)     1         117.947           3.470          -1.872         -14.803          134.348
  132 (vir)     1         117.987           3.578          -1.933         -14.800          134.432
  133 (vir)     1         155.210           2.620          -1.699         -16.049          172.180
  134 (vir)     1         160.479           2.540          -1.757         -16.000          177.260
  135 (vir)     1         164.760           2.467          -1.657         -16.031          181.602
  136 (vir)     1         164.831           2.713          -1.656         -16.050          181.938
  137 (vir)     1         165.695           2.767          -1.618         -15.783          182.627
  138 (vir)     1         165.757           2.378          -1.619         -15.801          182.317
  139 (vir)     1         199.210           1.328          -1.110         -12.295          211.724
  140 (vir)     1         240.757           1.623          -1.156         -13.522          254.746
  141 (vir)     1         240.790           1.260          -1.187         -13.512          254.376
 
