 
  kpoint:       1             coordinate:     0.0000    0.0000    0.0000                  spin:  1
 
    n           k   ϵ_nk^DFT (eV)     Σ^c_nk (eV)     Σ^x_nk (eV)    v_nk^xc (eV)   ϵ_nk^G0W0 (eV)
 
    1 (occ)     1         -24.835           7.928         -25.066         -15.414          -26.560
    2 (occ)     1         -21.555           7.185         -24.860         -15.864          -23.367
    3 (occ)     1         -21.555           6.992         -24.754         -15.864          -23.453
    4 (occ)     1         -21.555           6.916         -24.791         -15.864          -23.567
    5 (occ)     1         -15.856           4.095         -21.763         -15.249          -18.276
    6 (occ)     1         -12.707           2.240         -19.382         -14.618          -15.231
    7 (occ)     1         -12.707           2.247         -19.416         -14.618          -15.259
    8 (occ)     1         -12.707           2.256         -19.407         -14.618          -15.240
    9 (occ)     1          -9.208           2.205         -18.760         -13.754          -12.009
   10 (occ)     1          -9.208           2.202         -18.771         -13.754          -12.022
   11 (occ)     1          -8.607           1.697         -18.462         -13.987          -11.386
   12 (occ)     1          -8.607           1.692         -18.438         -13.987          -11.366
   13 (occ)     1          -8.607           1.684         -18.394         -13.987          -11.331
   14 (occ)     1          -7.635           1.775         -19.094         -14.491          -10.462
   15 (occ)     1          -7.635           1.772         -19.082         -14.491          -10.453
   16 (occ)     1          -7.635           1.778         -19.125         -14.491          -10.490
   17 (vir)     1          -2.807          -2.351          -7.791         -13.249            0.300
   18 (vir)     1          -1.533          -2.660          -7.186         -12.923            1.544
   19 (vir)     1          -1.533          -2.673          -7.174         -12.923            1.543
   20 (vir)     1          -1.533          -2.679          -7.241         -12.923            1.470
   21 (vir)     1           0.548          -1.221          -1.386          -4.424            2.366
   22 (vir)     1           0.770          -0.615          -0.772          -2.665            2.048
   23 (vir)     1           0.770          -0.617          -0.774          -2.665            2.044
   24 (vir)     1           0.770          -0.613          -0.767          -2.665            2.055
   25 (vir)     1           1.450          -0.500          -0.682          -2.440            2.708
   26 (vir)     1           1.450          -0.508          -0.682          -2.440            2.701
   27 (vir)     1           1.612          -0.707          -1.068          -3.218            3.055
   28 (vir)     1           1.612          -0.701          -1.065          -3.218            3.064
   29 (vir)     1           1.612          -0.699          -1.071          -3.218            3.061
   30 (vir)     1           3.398          -1.525          -2.500          -6.300            5.673
   31 (vir)     1           3.398          -1.526          -2.492          -6.300            5.679
   32 (vir)     1           3.398          -1.518          -2.488          -6.300            5.692
   33 (vir)     1           4.070          -1.647          -2.812          -6.886            6.497
   34 (vir)     1           4.070          -1.652          -2.815          -6.886            6.489
   35 (vir)     1           4.070          -1.648          -2.816          -6.886            6.492
   36 (vir)     1           4.241          -1.698          -3.657          -8.192            7.078
   37 (vir)     1           4.241          -1.695          -3.654          -8.192            7.084
   38 (vir)     1           4.414          -1.317          -1.576          -4.897            6.418
   39 (vir)     1           4.414          -1.311          -1.571          -4.897            6.430
   40 (vir)     1           4.414          -1.311          -1.576          -4.897            6.425
   41 (vir)     1           4.793          -1.736          -1.849          -5.513            6.721
   42 (vir)     1           5.758          -1.134          -1.942          -5.127            7.808
   43 (vir)     1           5.758          -1.146          -1.937          -5.127            7.801
   44 (vir)     1           5.770          -1.510          -2.178          -6.120            8.202
   45 (vir)     1           5.770          -1.529          -2.169          -6.120            8.193
   46 (vir)     1           5.770          -1.531          -2.174          -6.120            8.185
   47 (vir)     1           6.470          -1.444          -1.652          -4.992            8.367
   48 (vir)     1           6.470          -1.443          -1.656          -4.992            8.364
   49 (vir)     1           6.470          -1.434          -1.644          -4.992            8.385
   50 (vir)     1           6.646          -1.172          -1.377          -4.261            8.359
   51 (vir)     1           6.646          -1.148          -1.363          -4.261            8.397
   52 (vir)     1           6.646          -1.136          -1.355          -4.261            8.417
   53 (vir)     1           7.727          -1.233          -0.502          -3.587            9.579
   54 (vir)     1           8.251          -1.876          -1.842          -5.760           10.293
   55 (vir)     1           8.426          -1.914          -2.219          -6.464           10.757
   56 (vir)     1           8.426          -1.929          -2.232          -6.464           10.729
   57 (vir)     1           8.540          -1.876          -1.504          -5.502           10.662
   58 (vir)     1           8.540          -1.881          -1.507          -5.502           10.653
   59 (vir)     1           8.540          -1.918          -1.503          -5.502           10.621
   60 (vir)     1          10.237          -1.702          -1.988          -6.218           12.766
   61 (vir)     1          10.237          -1.709          -1.986          -6.218           12.761
   62 (vir)     1          10.262          -2.232          -2.282          -6.953           12.701
   63 (vir)     1          10.262          -2.223          -2.255          -6.953           12.737
   64 (vir)     1          10.262          -2.211          -2.274          -6.953           12.731
   65 (vir)     1          10.413          -1.513          -1.035          -4.738           12.603
   66 (vir)     1          10.413          -1.477          -1.043          -4.738           12.632
   67 (vir)     1          10.413          -1.524          -1.039          -4.738           12.588
   68 (vir)     1          10.906          -2.003          -2.279          -6.908           13.533
   69 (vir)     1          10.906          -2.018          -2.271          -6.908           13.526
   70 (vir)     1          10.906          -1.994          -2.265          -6.908           13.555
   71 (vir)     1          12.095          -1.507          -0.721          -4.302           14.169
   72 (vir)     1          12.095          -1.489          -0.730          -4.302           14.177
   73 (vir)     1          12.095          -1.451          -0.727          -4.302           14.219
   74 (vir)     1          12.709          -2.777          -3.347          -9.300           15.886
   75 (vir)     1          12.709          -2.822          -3.375          -9.300           15.813
   76 (vir)     1          12.709          -2.781          -3.345          -9.300           15.883
   77 (vir)     1          13.817          -1.956          -1.122          -5.211           15.951
   78 (vir)     1          13.958          -3.192          -3.768         -10.246           17.244
   79 (vir)     1          13.958          -3.205          -3.728         -10.246           17.271
   80 (vir)     1          14.110          -1.787          -1.064          -5.042           16.301
   81 (vir)     1          14.110          -1.745          -1.068          -5.042           16.339
   82 (vir)     1          14.110          -1.756          -1.057          -5.042           16.340
   83 (vir)     1          14.789          -5.209          -4.952         -13.318           17.947
   84 (vir)     1          14.789          -5.171          -4.976         -13.318           17.960
   85 (vir)     1          14.789          -5.214          -4.923         -13.318           17.970
   86 (vir)     1          16.118          -2.718          -1.759          -6.661           18.302
   87 (vir)     1          16.118          -2.739          -1.804          -6.661           18.236
   88 (vir)     1          16.118          -2.767          -1.788          -6.661           18.224
   89 (vir)     1          16.404          -1.783          -0.717          -4.768           18.673
   90 (vir)     1          17.000          -6.670          -3.984         -12.474           18.820
   91 (vir)     1          17.000          -6.670          -4.101         -12.474           18.703
   92 (vir)     1          17.000          -6.647          -4.076         -12.474           18.751
   93 (vir)     1          18.984          -6.738          -3.498         -10.977           19.725
   94 (vir)     1          19.722          -5.395          -2.338          -8.525           20.513
   95 (vir)     1          20.364          -8.266          -3.052         -10.729           19.775
   96 (vir)     1          20.364          -8.172          -3.092         -10.729           19.829
   97 (vir)     1          20.364          -8.268          -3.100         -10.729           19.724
   98 (vir)     1          21.328          -5.654          -2.462          -8.801           22.013
   99 (vir)     1          21.328          -5.760          -2.421          -8.801           21.949
  100 (vir)     1          21.328          -5.685          -2.455          -8.801           21.989
  101 (vir)     1          23.151          -4.585          -1.950          -8.274           24.889
  102 (vir)     1          23.151          -4.695          -1.989          -8.274           24.742
  103 (vir)     1          23.281          -7.082          -2.983         -10.978           24.194
  104 (vir)     1          23.281          -7.196          -3.051         -10.978           24.012
  105 (vir)     1          23.741          -3.077          -1.157          -5.813           25.320
  106 (vir)     1          23.741          -3.049          -1.126          -5.813           25.379
  107 (vir)     1          23.741          -2.945          -1.161          -5.813           25.448
  108 (vir)     1          24.082          -4.838          -2.302          -9.126           26.068
  109 (vir)     1          24.471          -4.419          -1.695          -7.456           25.813
  110 (vir)     1          24.471          -4.563          -1.648          -7.456           25.716
  111 (vir)     1          24.471          -4.652          -1.678          -7.456           25.597
  112 (vir)     1          25.086          -5.050          -1.977          -8.546           26.604
  113 (vir)     1          25.086          -5.088          -1.931          -8.546           26.613
  114 (vir)     1          25.086          -5.121          -1.973          -8.546           26.539
  115 (vir)     1          25.425          -5.407          -2.176          -8.983           26.825
  116 (vir)     1          25.425          -5.430          -2.189          -8.983           26.789
  117 (vir)     1          25.425          -5.290          -2.195          -8.983           26.922
  118 (vir)     1          31.971          -6.941          -1.859          -8.481           31.652
  119 (vir)     1          31.971          -6.970          -1.879          -8.481           31.603
  120 (vir)     1          31.971          -7.076          -1.889          -8.481           31.487
  121 (vir)     1          35.113           3.233          -1.666          -9.372           46.052
  122 (vir)     1          37.136           2.527          -1.690          -9.235           47.208
  123 (vir)     1          37.136           2.939          -1.774          -9.235           47.536
  124 (vir)     1          37.189           3.029          -2.232         -10.072           48.058
  125 (vir)     1          37.189           2.811          -2.145         -10.072           47.927
  126 (vir)     1          37.189           2.838          -2.144         -10.072           47.955
  127 (vir)     1          39.405           2.393          -2.054         -10.404           50.148
  128 (vir)     1          39.405           2.657          -1.988         -10.404           50.479
  129 (vir)     1          39.405           2.852          -1.965         -10.404           50.696
  130 (vir)     1          41.900           1.553          -1.640          -8.841           50.653
  131 (vir)     1          41.900           1.464          -1.617          -8.841           50.589
  132 (vir)     1          41.900           1.455          -1.649          -8.841           50.547
  133 (vir)     1          43.804           4.607          -3.671         -14.513           59.253
  134 (vir)     1          43.804           4.767          -3.640         -14.513           59.444
  135 (vir)     1          45.273           2.777          -2.562         -13.026           58.513
  136 (vir)     1          45.273           3.710          -2.514         -13.026           59.495
  137 (vir)     1          45.273           6.784          -2.680         -13.026           62.402
  138 (vir)     1          61.900           4.178          -2.767         -14.826           78.137
  139 (vir)     1          61.900           3.929          -2.681         -14.826           77.974
  140 (vir)     1          61.900           3.697          -2.701         -14.826           77.723
  141 (vir)     1         145.522           4.946          -0.681         -11.144          160.933
  142 (vir)     1         147.446           6.179          -0.609         -11.170          164.186
  143 (vir)     1         147.446           4.457          -0.731         -11.170          162.343
  144 (vir)     1         147.446           4.462          -0.658         -11.170          162.420
  145 (vir)     1         238.628           4.494          -0.790         -12.801          255.133
 
