 
  kpoint:       1             coordinate:     0.0000    0.0000    0.0000                  spin:  1
 
    n           k   ϵ_nk^DFT (eV)     Σ^c_nk (eV)     Σ^x_nk (eV)    v_nk^xc (eV)   ϵ_nk^G0W0 (eV)
 
    1 (occ)     1         -20.583           5.694         -21.111         -13.116          -22.883
    2 (occ)     1         -17.710           4.843         -19.242         -12.542          -19.568
    3 (occ)     1         -17.710           4.844         -19.242         -12.542          -19.566
    4 (occ)     1         -17.710           4.843         -19.242         -12.542          -19.567
    5 (occ)     1         -14.271           3.646         -18.373         -13.020          -15.979
    6 (occ)     1         -10.420           1.499         -15.798         -12.326          -12.392
    7 (occ)     1         -10.420           1.498         -15.798         -12.326          -12.393
    8 (occ)     1         -10.420           1.498         -15.798         -12.326          -12.393
    9 (occ)     1          -7.491           1.551         -14.276         -10.665           -9.551
   10 (occ)     1          -7.491           1.551         -14.276         -10.665           -9.551
   11 (occ)     1          -6.920           1.027         -13.977         -10.842           -9.028
   12 (occ)     1          -6.920           1.027         -13.977         -10.842           -9.028
   13 (occ)     1          -6.920           1.027         -13.977         -10.842           -9.029
   14 (occ)     1          -6.153           1.015         -14.327         -11.112           -8.354
   15 (occ)     1          -6.153           1.015         -14.327         -11.112           -8.354
   16 (occ)     1          -6.153           1.014         -14.326         -11.112           -8.353
   17 (vir)     1          -4.160          -1.828          -6.700         -10.941           -1.747
   18 (vir)     1          -2.266          -2.549          -6.414         -11.335            0.105
   19 (vir)     1          -2.266          -2.549          -6.414         -11.335            0.106
   20 (vir)     1          -2.266          -2.549          -6.414         -11.335            0.106
   21 (vir)     1          -0.244          -0.918          -0.988          -3.438            1.288
   22 (vir)     1           0.776          -0.875          -1.011          -3.340            2.230
   23 (vir)     1           0.776          -0.875          -1.011          -3.340            2.230
   24 (vir)     1           0.776          -0.875          -1.011          -3.340            2.230
   25 (vir)     1           1.474          -0.784          -1.095          -3.529            3.124
   26 (vir)     1           1.474          -0.784          -1.095          -3.529            3.124
   27 (vir)     1           1.590          -0.821          -1.362          -3.889            3.296
   28 (vir)     1           1.590          -0.821          -1.362          -3.889            3.296
   29 (vir)     1           1.590          -0.821          -1.362          -3.889            3.296
   30 (vir)     1           2.624          -0.720          -0.925          -3.265            4.244
   31 (vir)     1           2.624          -0.720          -0.925          -3.265            4.244
   32 (vir)     1           2.624          -0.720          -0.925          -3.265            4.244
   33 (vir)     1           2.888          -1.200          -1.419          -4.338            4.607
   34 (vir)     1           2.901          -1.311          -2.466          -6.052            5.176
   35 (vir)     1           2.901          -1.310          -2.466          -6.052            5.177
   36 (vir)     1           2.901          -1.310          -2.466          -6.052            5.177
   37 (vir)     1           3.699          -1.660          -4.091          -8.676            6.623
   38 (vir)     1           3.699          -1.660          -4.091          -8.676            6.623
   39 (vir)     1           3.711          -1.519          -2.656          -6.605            6.142
   40 (vir)     1           3.711          -1.519          -2.656          -6.605            6.142
   41 (vir)     1           3.711          -1.519          -2.656          -6.605            6.142
   42 (vir)     1           6.109          -1.145          -1.527          -4.544            7.981
   43 (vir)     1           6.109          -1.145          -1.527          -4.544            7.981
   44 (vir)     1           6.109          -1.144          -1.527          -4.544            7.982
   45 (vir)     1           6.504          -1.619          -3.804          -8.867            9.948
   46 (vir)     1           6.504          -1.619          -3.805          -8.867            9.947
   47 (vir)     1           6.504          -1.619          -3.805          -8.867            9.948
   48 (vir)     1           7.484          -2.050          -3.730          -8.820           10.525
   49 (vir)     1           7.484          -2.050          -3.730          -8.820           10.525
   50 (vir)     1           7.744          -2.435          -2.646          -7.401           10.064
   51 (vir)     1           7.744          -2.435          -2.647          -7.401           10.064
   52 (vir)     1           7.744          -2.435          -2.647          -7.401           10.063
   53 (vir)     1           9.675          -1.452          -2.271          -7.692           13.644
   54 (vir)     1           9.991          -2.903          -3.256          -8.588           12.420
   55 (vir)     1           9.991          -2.904          -3.255          -8.588           12.420
   56 (vir)     1           9.991          -2.903          -3.255          -8.588           12.420
   57 (vir)     1          10.265          -2.496          -2.446          -7.642           12.966
   58 (vir)     1          10.265          -2.493          -2.445          -7.642           12.968
   59 (vir)     1          10.265          -2.494          -2.446          -7.642           12.967
   60 (vir)     1          11.181          -2.265          -2.031          -6.716           13.602
   61 (vir)     1          11.181          -2.264          -2.031          -6.716           13.602
   62 (vir)     1          11.718          -2.468          -2.019          -6.924           14.156
   63 (vir)     1          11.718          -2.468          -2.019          -6.924           14.155
   64 (vir)     1          11.718          -2.468          -2.019          -6.924           14.155
   65 (vir)     1          11.857          -3.204          -1.877          -6.791           13.567
   66 (vir)     1          13.490          -1.296          -1.858          -6.706           17.041
   67 (vir)     1          13.594          -2.276          -1.645          -6.182           15.854
   68 (vir)     1          13.594          -2.276          -1.645          -6.182           15.855
   69 (vir)     1          13.594          -2.276          -1.646          -6.182           15.854
   70 (vir)     1          14.964          -2.494          -1.790          -6.762           17.442
   71 (vir)     1          14.964          -2.492          -1.790          -6.762           17.444
   72 (vir)     1          15.714          -2.630          -1.942          -7.215           18.358
   73 (vir)     1          15.714          -2.629          -1.942          -7.215           18.358
   74 (vir)     1          15.714          -2.630          -1.941          -7.215           18.358
   75 (vir)     1          17.760          -3.075          -2.252          -8.832           21.265
   76 (vir)     1          17.760          -3.075          -2.252          -8.832           21.265
   77 (vir)     1          17.760          -3.077          -2.253          -8.832           21.262
   78 (vir)     1          22.035          -3.507          -1.733          -7.279           24.073
   79 (vir)     1          22.035          -3.506          -1.732          -7.279           24.075
   80 (vir)     1          22.035          -3.494          -1.734          -7.279           24.086
   81 (vir)     1          22.447          -3.582          -1.687          -8.008           25.187
   82 (vir)     1          22.447          -3.561          -1.687          -8.008           25.208
   83 (vir)     1          22.447          -3.570          -1.687          -8.008           25.199
   84 (vir)     1          27.409           2.300          -2.164          -9.486           37.031
   85 (vir)     1          29.189           2.037          -2.866         -10.684           39.043
   86 (vir)     1          29.189           2.096          -2.868         -10.684           39.100
   87 (vir)     1          29.189           2.052          -2.868         -10.684           39.056
   88 (vir)     1          30.372           1.318          -3.061         -11.522           40.150
   89 (vir)     1          30.372           1.311          -3.061         -11.522           40.145
   90 (vir)     1          31.952           1.548          -2.866         -10.973           41.606
   91 (vir)     1          31.952           1.547          -2.864         -10.973           41.608
   92 (vir)     1          31.952           1.566          -2.864         -10.973           41.627
   93 (vir)     1          32.451          -6.980          -2.700         -11.028           33.799
   94 (vir)     1          32.451          -6.977          -2.698         -11.028           33.804
   95 (vir)     1          32.451          -6.980          -2.699         -11.028           33.800
   96 (vir)     1          33.457          -1.526          -2.495         -10.809           40.245
   97 (vir)     1          33.457          -1.523          -2.496         -10.809           40.248
   98 (vir)     1          33.457          -1.531          -2.492         -10.809           40.243
   99 (vir)     1          34.080           3.330          -2.310         -10.430           45.530
  100 (vir)     1          34.414          -4.862          -2.488         -10.897           37.960
  101 (vir)     1          34.414          -4.865          -2.488         -10.897           37.957
  102 (vir)     1          38.840           2.456          -2.136         -10.656           49.816
  103 (vir)     1          38.840           2.462          -2.137         -10.656           49.821
  104 (vir)     1          38.840           2.460          -2.139         -10.656           49.816
  105 (vir)     1          41.163           3.034          -2.639         -12.891           54.449
  106 (vir)     1          41.163           3.052          -2.638         -12.891           54.468
  107 (vir)     1          41.163           3.016          -2.638         -12.891           54.433
  108 (vir)     1          43.335           0.925          -2.734         -12.464           53.990
  109 (vir)     1          43.335           0.928          -2.736         -12.464           53.992
  110 (vir)     1          43.335           0.926          -2.735         -12.464           53.989
  111 (vir)     1          44.647           2.536          -2.259         -11.678           56.603
  112 (vir)     1          45.578          -0.750          -2.474         -11.356           53.710
  113 (vir)     1          45.578          -0.748          -2.475         -11.356           53.711
  114 (vir)     1          45.758          -2.567          -2.458         -12.239           52.972
  115 (vir)     1          45.758          -2.572          -2.459         -12.239           52.966
  116 (vir)     1          45.758          -2.570          -2.459         -12.239           52.968
  117 (vir)     1          46.845          -0.986          -2.444         -12.393           55.809
  118 (vir)     1          46.845          -0.987          -2.443         -12.393           55.807
  119 (vir)     1          47.337           1.528          -2.396         -12.480           58.949
  120 (vir)     1          47.337           1.534          -2.396         -12.480           58.955
  121 (vir)     1          47.337           1.533          -2.396         -12.480           58.954
  122 (vir)     1          47.641           2.981          -2.595         -12.732           60.758
  123 (vir)     1          47.641           2.980          -2.595         -12.732           60.757
  124 (vir)     1          47.641           2.982          -2.596         -12.732           60.758
  125 (vir)     1          48.290           2.877          -2.776         -13.205           61.597
  126 (vir)     1          51.003           2.656          -2.244         -12.320           63.735
  127 (vir)     1          51.051          -1.252          -2.288         -12.429           59.941
  128 (vir)     1          51.051          -1.236          -2.288         -12.429           59.956
  129 (vir)     1          51.051          -1.233          -2.288         -12.429           59.959
  130 (vir)     1          52.459          -2.499          -2.741         -13.591           60.811
  131 (vir)     1          52.459          -2.504          -2.740         -13.591           60.806
  132 (vir)     1          53.555          -0.538          -1.951         -11.713           62.779
  133 (vir)     1          53.555          -0.543          -1.951         -11.713           62.774
  134 (vir)     1          53.555          -0.541          -1.951         -11.713           62.776
  135 (vir)     1          53.652          -3.074          -2.127         -12.511           60.963
  136 (vir)     1          53.652          -3.075          -2.127         -12.511           60.962
  137 (vir)     1          53.652          -3.083          -2.127         -12.511           60.954
  138 (vir)     1          64.381           1.777          -2.030         -12.856           76.985
  139 (vir)     1          64.381           1.888          -2.030         -12.856           77.095
  140 (vir)     1          64.381           1.817          -2.033         -12.856           77.022
  141 (vir)     1         109.562           0.970          -0.821          -7.371          117.083
  142 (vir)     1         109.562           0.970          -0.820          -7.371          117.084
  143 (vir)     1         109.562           0.969          -0.819          -7.371          117.084
  144 (vir)     1         109.684           1.149          -0.834          -7.363          117.362
  145 (vir)     1         217.512           4.093          -0.836         -12.106          232.876
 
