 
  kpoint:       1             coordinate:     0.0000    0.0000    0.0000                  spin:  1
 
    n           k   ϵ_nk^DFT (eV)     Σ^c_nk (eV)     Σ^x_nk (eV)    v_nk^xc (eV)   ϵ_nk^G0W0 (eV)
 
    1 (occ)     1         -16.712           5.507         -18.718         -11.985          -17.938
    2 (occ)     1         -12.279           3.016         -15.665         -11.237          -13.692
    3 (occ)     1          -6.639           0.222         -13.733         -10.787           -9.363
    4 (occ)     1          -6.307          -0.360         -12.060          -9.727           -9.000
    5 (occ)     1          -6.307          -0.361         -12.118          -9.727           -9.058
    6 (vir)     1          -3.223          -0.952          -5.291          -9.259           -0.206
    7 (vir)     1          -3.223          -0.950          -5.346          -9.259           -0.258
    8 (vir)     1           0.583          -1.452          -3.867          -7.951            3.215
    9 (vir)     1           1.491          -1.077          -1.545          -4.631            3.500
   10 (vir)     1           2.456          -1.429          -1.543          -4.824            4.309
   11 (vir)     1           2.456          -1.077          -1.541          -4.824            4.663
   12 (vir)     1           3.526          -1.834          -1.806          -5.388            5.273
   13 (vir)     1           3.526          -1.960          -1.799          -5.388            5.154
   14 (vir)     1           4.298          -1.493          -1.060          -4.361            6.106
   15 (vir)     1           4.916          -1.683          -0.788          -4.111            6.555
   16 (vir)     1           4.916          -1.677          -0.781          -4.111            6.569
   17 (vir)     1           5.016          -1.393          -0.970          -4.235            6.888
   18 (vir)     1           5.016          -1.377          -0.998          -4.235            6.876
   19 (vir)     1           5.342          -2.067          -1.825          -5.994            7.443
   20 (vir)     1           6.088          -2.380          -1.582          -5.991            8.117
   21 (vir)     1           6.088          -2.374          -1.599          -5.991            8.106
   22 (vir)     1           7.794          -2.110          -2.233          -6.861           10.312
   23 (vir)     1           9.804          -1.857          -1.403          -5.777           12.321
   24 (vir)     1          10.183          -1.744          -0.816          -5.237           12.861
   25 (vir)     1          10.183          -1.740          -0.828          -5.237           12.852
   26 (vir)     1          11.016          -2.045          -1.632          -6.465           13.804
   27 (vir)     1          11.016          -2.229          -1.613          -6.465           13.639
   28 (vir)     1          11.065          -2.639          -0.989          -5.469           12.906
   29 (vir)     1          11.065          -2.636          -0.998          -5.469           12.901
   30 (vir)     1          11.729          -2.535          -2.633          -8.151           14.712
   31 (vir)     1          11.729          -2.593          -2.643          -8.151           14.645
   32 (vir)     1          12.334          -4.450          -2.183          -7.695           13.396
   33 (vir)     1          13.874           1.286          -1.645          -7.379           20.893
   34 (vir)     1          13.874           0.460          -1.667          -7.379           20.046
   35 (vir)     1          14.042          -2.015          -0.692          -5.431           16.766
   36 (vir)     1          14.042          -2.962          -0.682          -5.431           15.829
   37 (vir)     1          14.692          -5.657          -1.907          -7.917           15.045
   38 (vir)     1          14.692          -5.854          -1.927          -7.917           14.828
   39 (vir)     1          15.683          -4.891          -1.681          -7.366           16.476
   40 (vir)     1          15.683          -4.903          -1.631          -7.366           16.515
   41 (vir)     1          17.147          -4.883          -1.625          -7.121           17.760
   42 (vir)     1          18.843          -5.133          -1.023          -6.664           19.351
   43 (vir)     1          19.183           1.825          -1.048          -6.844           26.804
   44 (vir)     1          19.183           1.814          -1.027          -6.844           26.814
   45 (vir)     1          20.851          -5.694          -0.900          -6.615           20.872
   46 (vir)     1          20.851          -5.484          -0.885          -6.615           21.098
   47 (vir)     1          22.917           2.650          -2.140          -9.111           32.537
   48 (vir)     1          31.028          -8.051          -2.020         -10.070           31.027
   49 (vir)     1          31.756           2.571          -1.496          -8.905           41.737
   50 (vir)     1          31.756           2.739          -1.648          -8.905           41.753
   51 (vir)     1          75.474           5.624          -0.941          -9.723           89.881
   52 (vir)     1          75.762           2.885          -0.842          -9.209           87.014
   53 (vir)     1          75.762           1.797          -0.816          -9.209           85.953
   54 (vir)     1          78.274           2.611          -0.881          -9.432           89.437
   55 (vir)     1          78.274           6.594          -0.844          -9.432           93.457
   56 (vir)     1          83.750           4.453          -0.846          -9.201           96.557
   57 (vir)     1         102.918           5.952          -0.599          -7.419          115.690
   58 (vir)     1         103.855           6.461          -0.600          -7.572          117.288
 
