 
  kpoint:       1             coordinate:     0.0000    0.0000    0.0000                  spin:  1
 
    n           k   ϵ_nk^DFT (eV)     Σ^c_nk (eV)     Σ^x_nk (eV)    v_nk^xc (eV)   ϵ_nk^G0W0 (eV)
 
    1 (occ)     1         -23.565           7.984         -27.420         -16.986          -26.015
    2 (occ)     1         -20.064           6.696         -25.327         -16.028          -22.666
    3 (occ)     1         -18.945           6.147         -24.583         -15.714          -21.667
    4 (occ)     1         -15.630           4.303         -23.290         -15.944          -18.673
    5 (occ)     1         -15.615           4.410         -23.053         -15.632          -18.626
    6 (occ)     1         -13.127           3.203         -20.728         -14.508          -16.145
    7 (occ)     1         -11.894           2.676         -22.287         -16.698          -14.808
    8 (occ)     1         -11.568           2.608         -20.757         -14.785          -14.931
    9 (occ)     1         -10.513           2.149         -20.433         -15.066          -13.731
   10 (occ)     1          -9.917           2.648         -18.185         -13.601          -11.852
   11 (occ)     1          -9.862           2.310         -20.821         -15.471          -12.902
   12 (occ)     1          -8.856           1.597         -20.555         -15.728          -12.086
   13 (occ)     1          -7.294           0.517         -16.825         -13.928           -9.673
   14 (occ)     1          -6.691           0.080         -15.566         -13.095           -9.082
   15 (occ)     1          -5.935           2.334         -21.582         -16.445           -8.737
   16 (vir)     1          -1.874          -2.313          -8.466         -13.488            0.835
   17 (vir)     1          -1.517          -2.409          -7.464         -12.614            1.225
   18 (vir)     1          -0.362          -0.804          -1.213          -3.495            1.116
   19 (vir)     1           0.060          -0.641          -0.868          -2.751            1.302
   20 (vir)     1           0.276          -0.606          -0.767          -2.564            1.467
   21 (vir)     1           0.621          -0.510          -0.471          -2.029            1.669
   22 (vir)     1           0.863          -0.627          -0.772          -2.614            2.078
   23 (vir)     1           0.923          -0.672          -0.912          -2.880            2.219
   24 (vir)     1           1.104          -0.630          -0.753          -2.653            2.373
   25 (vir)     1           1.365          -0.446          -0.382          -1.778            2.314
   26 (vir)     1           1.509          -0.621          -0.647          -2.314            2.556
   27 (vir)     1           1.926          -0.585          -0.733          -2.468            3.076
   28 (vir)     1           1.986          -0.444          -0.354          -1.792            2.980
   29 (vir)     1           2.145          -3.638          -4.616         -10.024            3.914
   30 (vir)     1           2.560          -0.371          -0.342          -1.503            3.349
   31 (vir)     1           2.725          -1.268          -1.412          -3.794            3.839
   32 (vir)     1           2.797          -0.397          -0.296          -1.735            3.840
   33 (vir)     1           2.839          -0.455          -0.440          -1.962            3.906
   34 (vir)     1           2.901          -0.907          -1.649          -3.926            4.271
   35 (vir)     1           3.176          -0.388          -0.219          -1.614            4.183
   36 (vir)     1           3.223          -1.060          -1.697          -4.264            4.730
   37 (vir)     1           3.501          -0.470          -0.470          -1.979            4.539
   38 (vir)     1           3.587          -1.053          -1.688          -4.239            5.085
   39 (vir)     1           3.673          -0.937          -1.324          -3.670            5.081
   40 (vir)     1           4.033          -0.780          -1.069          -3.312            5.496
   41 (vir)     1           4.402          -1.538          -2.401          -5.800            6.263
   42 (vir)     1           4.473          -1.286          -2.157          -5.116            6.146
   43 (vir)     1           4.894          -1.650          -2.593          -6.110            6.760
   44 (vir)     1           5.125          -0.783          -0.654          -2.603            6.291
   45 (vir)     1           5.511          -1.406          -2.290          -5.566            7.381
   46 (vir)     1           5.568          -1.316          -1.491          -4.644            7.405
   47 (vir)     1           5.666          -1.320          -1.687          -4.802            7.461
   48 (vir)     1           5.930          -1.089          -0.985          -3.567            7.422
   49 (vir)     1           6.224          -1.607          -2.778          -6.442            8.281
   50 (vir)     1           6.289          -1.865          -3.088          -7.225            8.560
   51 (vir)     1           6.533          -1.253          -1.902          -5.058            8.436
   52 (vir)     1           6.931          -1.345          -1.070          -4.130            8.647
   53 (vir)     1           7.314          -0.817          -0.514          -2.758            8.742
   54 (vir)     1           7.333          -2.046          -3.422          -7.831            9.697
   55 (vir)     1           7.338          -1.263          -1.931          -5.097            9.241
   56 (vir)     1           7.555          -0.471          -0.409          -2.151            8.827
   57 (vir)     1           8.097          -1.884          -1.455          -5.173            9.930
   58 (vir)     1           8.227          -1.142          -1.542          -4.441            9.984
   59 (vir)     1           8.348          -1.326          -0.813          -3.784            9.992
   60 (vir)     1           8.453          -1.602          -2.443          -6.037           10.446
   61 (vir)     1           8.791          -2.580          -1.287          -5.173           10.098
   62 (vir)     1           9.453          -2.560          -3.608          -8.648           11.933
   63 (vir)     1           9.516          -2.582          -2.746          -7.585           11.773
   64 (vir)     1           9.965          -2.674          -3.249          -8.298           12.340
   65 (vir)     1          10.491          -0.776          -1.021          -3.986           12.680
   66 (vir)     1          10.511          -0.788          -1.046          -4.052           12.729
   67 (vir)     1          10.817          -3.060          -3.415          -8.745           13.088
   68 (vir)     1          11.285          -1.247          -1.139          -3.950           12.849
   69 (vir)     1          11.496          -1.966          -1.996          -6.154           13.687
   70 (vir)     1          11.626          -1.269          -1.613          -5.673           14.418
   71 (vir)     1          11.828          -1.768          -2.004          -5.826           13.882
   72 (vir)     1          12.363          -1.975          -2.038          -6.164           14.513
   73 (vir)     1          12.961          -3.637          -1.840          -6.959           14.442
   74 (vir)     1          13.110          -2.609          -2.519          -7.386           15.368
   75 (vir)     1          13.210          -2.837          -2.677          -7.647           15.344
   76 (vir)     1          13.455          -2.240          -2.500          -7.151           15.865
   77 (vir)     1          14.423          -2.708          -2.469          -7.612           16.859
   78 (vir)     1          14.717          -1.709          -1.430          -6.496           18.074
   79 (vir)     1          14.721          -1.586          -1.480          -6.574           18.229
   80 (vir)     1          14.846          -3.932          -3.726         -10.356           17.544
   81 (vir)     1          15.132          -4.503          -4.159         -11.277           17.747
   82 (vir)     1          15.386          -2.421          -1.884          -6.704           17.784
   83 (vir)     1          15.660          -2.954          -2.376          -7.673           18.003
   84 (vir)     1          15.781          -3.935          -3.671         -10.245           18.419
   85 (vir)     1          16.132          -3.478          -1.707          -6.887           17.834
   86 (vir)     1          16.391          -2.755          -1.592          -6.910           18.955
   87 (vir)     1          16.705          -2.901          -1.920          -7.011           18.896
   88 (vir)     1          17.628          -5.365          -4.547         -12.686           20.403
   89 (vir)     1          17.710          -3.118          -2.715          -8.350           20.227
   90 (vir)     1          18.162          -3.251          -2.006          -7.453           20.358
   91 (vir)     1          18.567          -3.374          -2.490          -8.303           21.006
   92 (vir)     1          19.648          -3.304          -1.394          -6.685           21.635
   93 (vir)     1          20.318          -3.096          -1.636          -6.989           22.574
   94 (vir)     1          20.869          -3.291          -1.864          -7.395           23.109
   95 (vir)     1          20.912          -3.837          -1.883          -7.489           22.681
   96 (vir)     1          21.397          -1.273          -1.028          -5.978           25.074
   97 (vir)     1          21.820          -3.763          -2.011          -7.963           24.008
   98 (vir)     1          22.167          -4.277          -1.746          -7.507           23.651
   99 (vir)     1          22.545          -0.730          -0.860          -5.952           26.907
  100 (vir)     1          22.984          -3.480          -1.997          -7.790           25.298
  101 (vir)     1          23.559          -4.217          -1.437          -7.164           25.068
  102 (vir)     1          23.884          -2.228          -1.137          -6.508           27.026
  103 (vir)     1          23.925          -3.815          -2.228          -8.312           26.194
  104 (vir)     1          24.015          -3.689          -2.089          -8.012           26.248
  105 (vir)     1          24.334          -5.901          -1.405          -7.343           24.370
  106 (vir)     1          25.490          -4.000          -1.808          -7.979           27.660
  107 (vir)     1          26.707          -4.773          -2.593          -9.469           28.810
  108 (vir)     1          27.566          -3.461          -1.382          -6.701           29.424
  109 (vir)     1          27.859          -3.044          -2.503          -9.101           31.412
  110 (vir)     1          27.966          -3.908          -1.190          -6.341           29.209
  111 (vir)     1          28.769          -0.345          -2.296          -9.296           35.423
  112 (vir)     1          28.897          -3.920          -2.565          -9.744           32.157
  113 (vir)     1          29.026          -4.363          -1.848          -7.992           30.807
  114 (vir)     1          29.656          -4.600          -1.951          -8.209           31.315
  115 (vir)     1          30.026          -4.361          -2.049          -8.397           32.014
  116 (vir)     1          30.254          -4.976          -1.454          -7.387           31.211
  117 (vir)     1          30.422          -6.784          -2.366          -9.011           30.283
  118 (vir)     1          30.737           0.084          -1.899          -8.242           37.164
  119 (vir)     1          31.380          -6.091          -1.943          -8.847           32.193
  120 (vir)     1          31.574          -5.834          -2.097          -8.855           32.498
  121 (vir)     1          34.847          -8.800          -2.366         -11.154           34.835
  122 (vir)     1          35.377           1.281          -2.924         -10.718           44.452
  123 (vir)     1          35.566          -7.590          -2.018          -9.089           35.047
  124 (vir)     1          35.659          -4.604          -1.494          -7.686           37.247
  125 (vir)     1          37.497          -6.799          -2.411          -9.338           37.624
  126 (vir)     1          38.120          -7.256          -1.830          -9.557           38.591
  127 (vir)     1          38.528          -6.450          -1.941          -9.113           39.250
  128 (vir)     1          38.870          -6.864          -3.309         -11.792           40.489
  129 (vir)     1          39.614          -3.777          -1.746          -8.675           42.765
  130 (vir)     1          41.081          -9.152          -3.133         -11.863           40.659
  131 (vir)     1          42.274          -8.203          -2.004          -9.323           41.390
  132 (vir)     1          42.803          -8.475          -2.581         -11.185           42.932
  133 (vir)     1          43.194         -10.413          -3.222         -12.577           42.137
  134 (vir)     1          43.593          -9.990          -2.285         -10.047           41.365
  135 (vir)     1          45.276           3.965          -2.794         -11.376           57.822
  136 (vir)     1          46.238           1.003          -2.701         -11.041           55.582
  137 (vir)     1          46.307           1.836          -2.908         -11.583           56.819
  138 (vir)     1          48.019          -8.979          -2.537         -10.969           47.472
  139 (vir)     1          48.650           3.904          -2.947         -11.600           61.206
  140 (vir)     1          48.764          -9.709          -3.067         -11.970           47.958
  141 (vir)     1          49.874         -11.403          -2.674         -11.714           47.511
  142 (vir)     1          50.951           3.785          -1.900         -10.165           63.001
  143 (vir)     1          52.122           2.637          -2.315         -11.136           63.580
  144 (vir)     1          52.890           4.263          -3.481         -13.473           67.144
  145 (vir)     1          54.535           5.105          -3.353         -13.075           69.363
  146 (vir)     1          54.591           1.948          -3.073         -12.947           66.413
  147 (vir)     1          55.213         -10.547          -3.085         -12.947           54.528
  148 (vir)     1          55.469          -9.849          -2.827         -12.815           55.608
  149 (vir)     1          55.923           3.201          -2.675         -12.329           68.777
  150 (vir)     1          58.244           2.086          -2.572         -12.238           69.996
  151 (vir)     1          58.265           1.891          -2.839         -12.892           70.209
  152 (vir)     1          59.105         -12.933          -2.079         -11.381           55.475
  153 (vir)     1          59.452           2.403          -2.952         -13.070           71.973
  154 (vir)     1          59.790           3.491          -3.085         -13.579           73.775
  155 (vir)     1          60.312           4.947          -2.411         -12.414           75.262
  156 (vir)     1          60.471          -0.226          -2.963         -13.609           70.891
  157 (vir)     1          61.125           2.708          -2.240         -11.832           73.425
  158 (vir)     1          63.206           3.392          -2.505         -12.784           76.877
  159 (vir)     1          63.510           0.424          -2.553         -13.177           74.559
  160 (vir)     1          63.590           4.278          -2.042         -11.772           77.599
  161 (vir)     1          65.026           3.513          -2.597         -13.273           79.214
  162 (vir)     1          65.503           2.247          -2.643         -13.453           78.560
  163 (vir)     1          65.649          -1.669          -2.745         -12.990           74.224
  164 (vir)     1          66.048           4.451          -2.979         -14.232           81.751
  165 (vir)     1          67.667           3.860          -2.410         -12.916           82.033
  166 (vir)     1          68.149           3.520          -2.666         -13.985           82.988
  167 (vir)     1          68.889           2.606          -2.429         -13.744           82.809
  168 (vir)     1          69.438           4.675          -2.542         -13.539           85.110
  169 (vir)     1          69.807           3.275          -2.722         -13.865           84.225
  170 (vir)     1          70.039           4.520          -2.688         -13.748           85.620
  171 (vir)     1          71.150           4.340          -1.897         -12.638           86.230
  172 (vir)     1          71.449           3.546          -2.306         -13.259           85.949
  173 (vir)     1          71.889           4.409          -1.739         -12.195           86.753
  174 (vir)     1          71.975           3.875          -2.113         -13.193           86.930
  175 (vir)     1          72.807           4.658          -2.812         -13.927           88.579
  176 (vir)     1          74.746           3.933          -2.195         -13.543           90.028
  177 (vir)     1          75.163           3.496          -2.609         -13.899           89.950
  178 (vir)     1          75.687           3.725          -1.931         -12.889           90.369
  179 (vir)     1          76.230           3.799          -1.983         -12.188           90.235
  180 (vir)     1          77.109           3.487          -2.243         -13.045           91.398
  181 (vir)     1          77.671           3.759          -2.172         -13.494           92.751
  182 (vir)     1          78.901           3.639          -2.384         -13.556           93.712
  183 (vir)     1          79.012           4.598          -2.501         -14.477           95.586
  184 (vir)     1          80.527           3.604          -2.820         -14.512           95.823
  185 (vir)     1          82.126           3.714          -2.344         -13.732           97.229
  186 (vir)     1          83.370           4.473          -2.493         -14.668          100.019
  187 (vir)     1          84.970           3.739          -2.275         -13.992          100.427
  188 (vir)     1          85.469           1.283          -2.163         -13.334           97.922
  189 (vir)     1          85.568           3.462          -2.726         -14.754          101.058
  190 (vir)     1          86.795           2.588          -2.176         -13.602          100.809
  191 (vir)     1          88.372           2.828          -2.157         -13.498          102.542
  192 (vir)     1          89.729           3.688          -2.763         -16.035          106.689
  193 (vir)     1          89.929           2.794          -2.576         -14.812          104.959
  194 (vir)     1          91.533           3.015          -2.782         -15.424          107.191
  195 (vir)     1          92.027           2.706          -2.104         -13.577          106.206
  196 (vir)     1          92.041           1.575          -2.333         -14.517          105.800
  197 (vir)     1          95.786           2.910          -2.870         -15.767          111.593
  198 (vir)     1          95.820           1.709          -1.775         -13.147          108.902
  199 (vir)     1          99.236           2.962          -2.168         -14.215          114.245
  200 (vir)     1         100.660           2.929          -2.565         -15.405          116.430
  201 (vir)     1         103.071           2.647          -2.294         -14.760          118.183
  202 (vir)     1         106.933           3.030          -2.572         -15.931          123.322
  203 (vir)     1         109.544           3.186          -2.431         -15.589          125.888
  204 (vir)     1         109.738           2.484          -2.301         -15.012          124.933
  205 (vir)     1         119.455           2.306          -2.439         -16.194          135.515
  206 (vir)     1         126.267           1.949          -1.927         -14.793          141.082
  207 (vir)     1         127.834           1.502          -1.592         -13.848          141.591
  208 (vir)     1         130.520           2.444          -2.596         -17.080          147.449
  209 (vir)     1         153.766           2.700          -1.833         -16.164          170.798
  210 (vir)     1         162.580           2.961          -1.689         -15.921          179.773
  211 (vir)     1         163.430           2.888          -1.674         -15.898          180.542
  212 (vir)     1         166.037           2.844          -1.601         -15.762          183.041
  213 (vir)     1         166.123           2.788          -1.605         -15.830          183.135
  214 (vir)     1         209.817           5.747          -1.296         -14.040          228.308
  215 (vir)     1         229.439           5.589          -1.744         -16.050          249.335
  216 (vir)     1         241.486          -2.699          -0.891         -13.443          251.338
  217 (vir)     1         241.864          -1.277          -0.921         -13.579          253.245
  218 (vir)     1         243.687           0.269          -0.904         -13.606          256.658
  219 (vir)     1         244.246           2.181          -0.905         -13.625          259.147
 
