 
  kpoint:       1             coordinate:     0.0000    0.0000    0.0000                  spin:  1
 
    n           k   ϵ_nk^DFT (eV)     Σ^c_nk (eV)     Σ^x_nk (eV)    v_nk^xc (eV)   ϵ_nk^G0W0 (eV)
 
    1 (occ)     1         -17.792           6.077         -19.098         -12.150          -18.663
    2 (occ)     1         -17.421           5.853         -19.141         -12.376          -18.334
    3 (occ)     1         -17.421           5.854         -19.143         -12.376          -18.334
    4 (occ)     1         -10.621           1.826         -14.229         -10.377          -12.648
    5 (occ)     1          -8.548           1.076         -14.139         -10.864          -10.747
    6 (occ)     1          -8.548           1.076         -14.140         -10.864          -10.747
    7 (occ)     1          -7.580           1.150         -13.371          -9.972           -9.829
    8 (occ)     1          -7.100           1.070         -13.963         -10.640           -9.353
    9 (occ)     1          -7.100           1.070         -13.963         -10.640           -9.353
   10 (occ)     1          -7.000           1.030         -13.869         -10.635           -9.204
   11 (occ)     1          -7.000           1.031         -13.871         -10.635           -9.204
   12 (occ)     1          -6.584           0.979         -14.148         -10.913           -8.840
   13 (vir)     1          -2.762          -1.738          -4.821          -8.852           -0.468
   14 (vir)     1          -2.569          -1.784          -3.829          -7.719           -0.464
   15 (vir)     1          -0.320          -1.561          -3.135          -6.930            1.914
   16 (vir)     1          -0.320          -1.561          -3.137          -6.932            1.914
   17 (vir)     1          -0.236          -0.876          -1.324          -3.874            1.439
   18 (vir)     1           0.924          -0.926          -1.375          -3.986            2.609
   19 (vir)     1           0.924          -0.927          -1.377          -3.989            2.610
   20 (vir)     1           1.110          -0.971          -1.034          -3.568            2.672
   21 (vir)     1           1.160          -0.653          -0.729          -2.790            2.569
   22 (vir)     1           1.610          -0.949          -1.556          -4.241            3.346
   23 (vir)     1           1.610          -0.949          -1.556          -4.241            3.346
   24 (vir)     1           1.710          -0.886          -1.453          -4.214            3.585
   25 (vir)     1           1.710          -0.887          -1.455          -4.219            3.587
   26 (vir)     1           2.068          -1.200          -2.212          -5.759            4.414
   27 (vir)     1           2.068          -1.200          -2.210          -5.755            4.413
   28 (vir)     1           2.311          -1.101          -1.887          -4.975            4.297
   29 (vir)     1           2.311          -1.101          -1.888          -4.977            4.299
   30 (vir)     1           2.343          -0.671          -1.053          -3.470            4.089
   31 (vir)     1           2.815          -1.202          -2.351          -5.953            5.215
   32 (vir)     1           3.805          -1.269          -2.410          -6.264            6.390
   33 (vir)     1           3.805          -1.268          -2.410          -6.263            6.390
   34 (vir)     1           4.392          -1.762          -2.897          -7.274            7.006
   35 (vir)     1           4.392          -1.763          -2.898          -7.274            7.005
   36 (vir)     1           5.673          -1.666          -3.677          -8.564            8.894
   37 (vir)     1           5.706          -2.598          -0.690          -4.058            6.476
   38 (vir)     1           6.115          -2.230          -1.294          -5.040            7.631
   39 (vir)     1           6.674          -1.804          -2.356          -6.355            8.870
   40 (vir)     1           6.675          -1.804          -2.356          -6.355            8.870
   41 (vir)     1           6.700          -1.838          -2.734          -7.085            9.213
   42 (vir)     1           6.912          -3.244          -1.676          -5.932            7.925
   43 (vir)     1           8.441          -1.570          -1.657          -5.596           10.809
   44 (vir)     1           8.441          -1.572          -1.658          -5.596           10.807
   45 (vir)     1           9.145          -3.287          -2.138          -7.350           11.069
   46 (vir)     1           9.145          -3.286          -2.140          -7.350           11.069
   47 (vir)     1          10.000          -3.831          -1.778          -7.063           11.454
   48 (vir)     1          10.000          -3.830          -1.779          -7.063           11.454
   49 (vir)     1          10.222          -2.462          -2.051          -6.683           12.392
   50 (vir)     1          10.285          -2.344          -2.068          -6.833           12.707
   51 (vir)     1          10.286          -2.344          -2.068          -6.833           12.707
   52 (vir)     1          10.675          -2.241          -1.905          -6.293           12.823
   53 (vir)     1          11.004          -3.538          -2.169          -7.390           12.688
   54 (vir)     1          11.067          -2.173          -2.060          -6.468           13.303
   55 (vir)     1          11.068          -2.170          -2.059          -6.468           13.307
   56 (vir)     1          11.567          -2.223          -1.719          -6.117           13.741
   57 (vir)     1          11.567          -2.226          -1.719          -6.117           13.738
   58 (vir)     1          12.516          -2.388          -1.661          -6.192           14.658
   59 (vir)     1          12.517          -2.392          -1.661          -6.192           14.655
   60 (vir)     1          12.590          -3.510          -2.264          -7.664           14.480
   61 (vir)     1          13.980          -2.669          -1.645          -6.387           16.054
   62 (vir)     1          14.443          -3.941          -2.226          -7.623           15.899
   63 (vir)     1          14.457          -3.794          -1.718          -6.988           15.934
   64 (vir)     1          14.457          -3.791          -1.718          -6.988           15.937
   65 (vir)     1          16.559          -4.121          -1.190          -6.217           17.465
   66 (vir)     1          17.422          -3.128          -1.915          -6.939           19.319
   67 (vir)     1          17.494          -5.848          -2.121          -8.728           18.253
   68 (vir)     1          17.494          -5.850          -2.121          -8.729           18.252
   69 (vir)     1          19.731          -6.251          -0.623          -5.842           18.698
   70 (vir)     1          19.787          -5.234          -1.381          -7.372           20.544
   71 (vir)     1          19.787          -5.224          -1.380          -7.372           20.556
   72 (vir)     1          20.411           1.921          -1.104          -7.148           28.376
   73 (vir)     1          20.411           1.917          -1.102          -7.148           28.374
   74 (vir)     1          20.433          -6.353          -1.056          -6.801           19.824
   75 (vir)     1          25.143          -6.425          -1.134          -7.250           24.833
   76 (vir)     1          25.143          -6.431          -1.135          -7.250           24.826
   77 (vir)     1          27.671           2.529          -0.944          -6.164           35.420
   78 (vir)     1          30.227          -8.341          -2.808         -10.895           29.972
   79 (vir)     1          31.872          -9.509          -2.436         -10.552           30.479
   80 (vir)     1          31.873          -9.498          -2.437         -10.552           30.490
   81 (vir)     1          32.059          -8.884          -2.565         -10.640           31.250
   82 (vir)     1          32.060          -8.893          -2.570         -10.640           31.236
   83 (vir)     1          33.093         -10.486          -2.502         -10.886           30.990
   84 (vir)     1          33.093         -10.504          -2.498         -10.886           30.976
   85 (vir)     1          33.729          -8.701          -2.376         -10.347           32.998
   86 (vir)     1          33.729          -8.703          -2.377         -10.347           32.996
   87 (vir)     1          34.408          -9.446          -1.942          -9.405           32.425
   88 (vir)     1          35.503         -10.976          -2.293         -10.547           32.781
   89 (vir)     1          38.617           3.535          -2.033         -10.307           50.426
   90 (vir)     1          38.721          -9.829          -2.179         -10.640           37.353
   91 (vir)     1          38.721          -9.870          -2.184         -10.640           37.308
   92 (vir)     1          43.767           3.086          -2.195         -11.287           55.945
   93 (vir)     1          45.775           3.784          -2.429         -12.306           59.437
   94 (vir)     1          46.129           3.971          -2.457         -12.303           59.946
   95 (vir)     1          46.129           3.967          -2.456         -12.303           59.943
   96 (vir)     1          46.260           3.879          -2.499         -12.412           60.051
   97 (vir)     1          46.801           3.477          -2.503         -12.567           60.341
   98 (vir)     1          46.981           3.310          -2.427         -12.313           60.177
   99 (vir)     1          47.020           3.752          -2.495         -12.494           60.770
  100 (vir)     1          47.020           3.748          -2.495         -12.494           60.767
  101 (vir)     1          47.067           3.544          -2.492         -12.578           60.697
  102 (vir)     1          47.067           3.552          -2.492         -12.578           60.705
  103 (vir)     1          47.268           3.354          -2.512         -12.670           60.780
  104 (vir)     1          47.269           3.353          -2.513         -12.670           60.780
  105 (vir)     1          47.453           3.571          -2.553         -12.732           61.203
  106 (vir)     1          47.545           3.784          -2.477         -12.624           61.476
  107 (vir)     1          47.545           3.785          -2.479         -12.624           61.475
  108 (vir)     1          47.822           3.630          -2.444         -12.542           61.550
  109 (vir)     1          47.822           3.633          -2.443         -12.542           61.553
  110 (vir)     1          48.187           3.346          -2.530         -12.651           61.653
  111 (vir)     1          48.572           3.635          -2.432         -12.571           62.347
  112 (vir)     1          51.494           3.286          -2.205         -12.420           64.995
  113 (vir)     1          51.495           3.277          -2.205         -12.420           64.987
  114 (vir)     1         105.323           1.247          -0.857          -7.327          113.040
  115 (vir)     1         105.325           1.249          -0.856          -7.325          113.043
  116 (vir)     1         106.421           1.196          -0.864          -7.323          114.075
 
