 
  kpoint:       1             coordinate:     0.0000    0.0000    0.0000                  spin:  1
 
    n           k   ϵ_nk^DFT (eV)     Σ^c_nk (eV)     Σ^x_nk (eV)    v_nk^xc (eV)   ϵ_nk^G0W0 (eV)
 
    1 (occ)     1         -56.198          10.127         -51.716         -31.159          -66.628
    2 (occ)     1         -56.195          10.158         -51.723         -31.165          -66.595
    3 (occ)     1         -28.164           6.037         -43.646         -30.985          -34.788
    4 (occ)     1         -28.144           5.811         -43.680         -31.038          -34.974
    5 (occ)     1         -28.144           5.811         -43.684         -31.038          -34.979
    6 (occ)     1         -28.138           5.789         -43.710         -31.069          -34.990
    7 (occ)     1         -28.138           5.789         -43.713         -31.069          -34.992
    8 (occ)     1         -28.109           6.014         -43.816         -31.145          -34.766
    9 (occ)     1          -3.100          -0.372          -6.550          -5.189           -4.833
   10 (vir)     1          -1.723          -0.870          -1.793          -4.187           -0.199
   11 (vir)     1          -0.711          -1.053          -1.585          -4.225            0.876
   12 (vir)     1          -0.711          -1.054          -1.583          -4.225            0.877
   13 (vir)     1          -0.151          -2.191          -1.580          -4.422            0.500
   14 (vir)     1           0.788          -2.350          -1.107          -4.019            1.349
   15 (vir)     1           0.788          -2.352          -1.108          -4.019            1.346
   16 (vir)     1           2.857          -3.119          -0.637          -3.782            2.883
   17 (vir)     1           2.885          -3.100          -0.641          -3.754            2.899
   18 (vir)     1           2.910          -3.538          -1.159          -4.495            2.708
   19 (vir)     1           3.586           0.082          -1.522          -5.031            7.177
   20 (vir)     1           3.591          -3.286          -0.727          -4.064            3.642
   21 (vir)     1           3.591          -3.277          -0.726          -4.064            3.651
   22 (vir)     1           5.289           0.172          -0.704          -4.159            8.916
   23 (vir)     1           5.326           0.153          -0.712          -4.121            8.889
   24 (vir)     1           7.246           1.099          -2.470          -6.674           12.549
   25 (vir)     1           9.216          -0.329          -2.526          -7.340           13.702
   26 (vir)     1          10.073           0.516          -1.553          -6.117           15.153
   27 (vir)     1          10.073           0.527          -1.550          -6.117           15.167
   28 (vir)     1          19.159           0.559          -3.756         -10.179           26.142
   29 (vir)     1          78.174           0.035          -5.417         -15.033           87.824
   30 (vir)     1          79.565           0.040          -5.556         -15.541           89.590
   31 (vir)     1          86.858           0.484         -10.938         -28.092          104.496
   32 (vir)     1          86.858           0.454         -10.958         -28.092          104.446
   33 (vir)     1          88.890           0.508         -10.751         -27.956          106.604
   34 (vir)     1          88.890           0.480         -10.772         -27.956          106.554
   35 (vir)     1          90.419           0.469         -10.565         -27.759          108.082
   36 (vir)     1         113.790           0.527          -9.536         -27.443          132.224
 
