 
  kpoint:       1             coordinate:     0.0000    0.0000    0.0000                  spin:  1
 
    n           k   ϵ_nk^DFT (eV)     Σ^c_nk (eV)     Σ^x_nk (eV)    v_nk^xc (eV)   ϵ_nk^G0W0 (eV)
 
    1 (occ)     1         -18.827           5.627         -24.455         -15.367          -22.288
    2 (occ)     1         -14.258           3.324         -21.579         -14.449          -18.064
    3 (occ)     1         -11.533           2.173         -19.911         -14.085          -15.186
    4 (occ)     1         -10.191           1.690         -20.729         -15.321          -13.909
    5 (occ)     1          -8.552           1.073         -19.108         -14.124          -12.463
    6 (occ)     1          -6.742           0.130         -15.958         -12.668           -9.902
    7 (vir)     1          -1.047          -1.859          -5.728         -10.911            2.277
    8 (vir)     1          -0.043          -0.554          -0.947          -3.039            1.494
    9 (vir)     1           0.413          -0.494          -0.698          -2.554            1.775
   10 (vir)     1           0.488          -0.491          -0.890          -2.825            1.933
   11 (vir)     1           1.003          -0.357          -0.531          -2.002            2.118
   12 (vir)     1           1.455          -0.298          -0.342          -1.746            2.561
   13 (vir)     1           1.558          -0.293          -0.445          -1.728            2.548
   14 (vir)     1           1.931          -0.216          -0.172          -1.503            3.046
   15 (vir)     1           2.025          -0.273          -0.362          -1.833            3.222
   16 (vir)     1           2.077          -0.445          -0.716          -2.206            3.122
   17 (vir)     1           3.437          -0.439          -0.584          -2.308            4.722
   18 (vir)     1           3.611          -1.132          -2.653          -6.205            6.031
   19 (vir)     1           3.621          -0.832          -1.524          -4.024            5.289
   20 (vir)     1           4.258          -0.413          -0.503          -2.265            5.607
   21 (vir)     1           4.428          -0.943          -1.493          -4.232            6.225
   22 (vir)     1           4.807          -0.309          -0.130          -1.799            6.167
   23 (vir)     1           5.118          -0.682          -1.121          -3.565            6.879
   24 (vir)     1           5.784          -0.475          -0.660          -2.672            7.321
   25 (vir)     1           5.856          -1.340          -1.934          -5.386            7.968
   26 (vir)     1           6.222          -0.907          -1.406          -4.628            8.537
   27 (vir)     1           6.310          -1.137          -1.890          -5.441            8.724
   28 (vir)     1           6.878          -1.150          -2.163          -5.743            9.308
   29 (vir)     1           7.074          -1.358          -1.649          -5.272            9.339
   30 (vir)     1           7.704          -1.072          -1.975          -5.396           10.054
   31 (vir)     1           8.284          -2.041          -1.326          -5.288           10.205
   32 (vir)     1           8.345          -0.015          -0.383          -2.353           10.300
   33 (vir)     1           9.470          -0.685          -0.309          -2.901           11.378
   34 (vir)     1           9.693          -1.431          -1.145          -4.669           11.785
   35 (vir)     1           9.935          -1.754          -1.623          -5.701           12.259
   36 (vir)     1          11.104          -1.131          -1.232          -4.615           13.356
   37 (vir)     1          14.479          -3.488          -3.316          -9.631           17.305
   38 (vir)     1          15.015          -3.119          -0.638          -4.455           15.712
   39 (vir)     1          15.023          -0.939          -0.478          -3.766           17.372
   40 (vir)     1          15.203          -2.954          -2.517          -8.294           18.025
   41 (vir)     1          15.260          -3.780          -4.340         -11.224           18.363
   42 (vir)     1          15.297          -0.737          -0.631          -4.299           18.227
   43 (vir)     1          17.056          -4.060          -3.756         -10.911           20.150
   44 (vir)     1          17.136          -2.581          -2.448          -7.924           20.031
   45 (vir)     1          17.436          -2.218          -1.314          -6.073           19.977
   46 (vir)     1          17.453          -1.820          -2.375          -7.294           20.551
   47 (vir)     1          17.539          -2.401          -1.332          -6.504           20.310
   48 (vir)     1          19.137          -0.811          -0.772          -5.407           22.961
   49 (vir)     1          19.273          -2.193          -1.157          -6.081           22.004
   50 (vir)     1          21.463          -2.554          -0.951          -5.848           23.807
   51 (vir)     1          22.144          -1.156          -1.401          -6.766           26.354
   52 (vir)     1          22.197          -1.729          -0.832          -5.980           25.617
   53 (vir)     1          24.628          -2.109          -1.408          -7.298           28.410
   54 (vir)     1          25.875          -1.486          -0.379          -4.182           28.192
   55 (vir)     1          27.821          -4.385          -2.112          -8.988           30.313
   56 (vir)     1          29.182          -2.336          -0.470          -4.520           30.896
   57 (vir)     1          29.297          -5.537          -3.495         -11.837           32.103
   58 (vir)     1          30.259          -5.040          -2.183          -8.544           31.580
   59 (vir)     1          34.153          -7.453          -4.091         -12.786           35.395
   60 (vir)     1          34.201          -8.051          -3.529         -11.761           34.382
   61 (vir)     1          37.115          -5.515          -2.986         -12.110           40.723
   62 (vir)     1          37.262          -8.447          -2.807         -10.484           36.491
   63 (vir)     1          38.550          -6.465          -2.458          -9.950           39.577
   64 (vir)     1          39.510          -6.071          -2.606         -10.019           40.853
   65 (vir)     1          39.531          -1.917          -1.373          -8.001           44.243
   66 (vir)     1          39.666           0.655          -1.251          -7.741           46.812
   67 (vir)     1          43.571         -10.121          -3.173         -13.534           43.812
   68 (vir)     1          51.563           2.618          -2.877         -12.517           63.821
   69 (vir)     1          52.011         -11.305          -2.349         -11.520           49.876
   70 (vir)     1          56.868          -8.147          -2.268         -12.029           58.483
   71 (vir)     1          57.184          -1.142          -2.625         -12.190           65.608
   72 (vir)     1          58.368           4.343          -2.813         -13.463           73.360
   73 (vir)     1          60.385           1.723          -2.634         -12.683           72.157
   74 (vir)     1          60.885           3.629          -2.565         -13.535           75.484
   75 (vir)     1          62.252           1.228          -2.412         -12.680           73.747
   76 (vir)     1          66.424           1.772          -2.327         -12.883           78.752
   77 (vir)     1          67.505           3.132          -2.044         -11.814           80.407
   78 (vir)     1          67.876           3.375          -2.610         -13.610           82.252
   79 (vir)     1          68.200           4.450          -2.516         -14.270           84.404
   80 (vir)     1          72.383           3.358          -1.587         -12.540           86.695
   81 (vir)     1          72.980           4.863          -2.518         -14.099           89.424
   82 (vir)     1          75.574          -2.478          -2.240         -13.633           84.489
   83 (vir)     1          80.784           2.530          -2.222         -13.717           94.809
   84 (vir)     1          82.998           2.424          -2.145         -13.277           96.554
   85 (vir)     1          86.470           2.727          -2.648         -14.649          101.198
   86 (vir)     1          87.025           2.609          -2.723         -15.071          101.982
   87 (vir)     1          99.662           2.032          -2.619         -15.505          114.580
   88 (vir)     1         118.629           1.446          -2.115         -15.215          133.175
   89 (vir)     1         153.062           2.299          -1.764         -15.850          169.447
   90 (vir)     1         162.062           2.271          -1.673         -15.855          178.514
   91 (vir)     1         164.402           2.464          -1.675         -16.003          181.195
   92 (vir)     1         165.158           2.186          -1.617         -15.778          181.504
   93 (vir)     1         191.348           3.600          -0.668         -12.200          206.481
   94 (vir)     1         241.513           8.532          -0.486         -13.379          262.938
 
