 
  kpoint:       1             coordinate:     0.0000    0.0000    0.0000                  spin:  1
 
    n           k   ϵ_nk^DFT (eV)     Σ^c_nk (eV)     Σ^x_nk (eV)    v_nk^xc (eV)   ϵ_nk^G0W0 (eV)
 
    1 (occ)     1         -16.152           4.609         -18.859         -12.118          -18.285
    2 (occ)     1          -8.935           0.780         -15.659         -11.458          -12.357
    3 (occ)     1          -8.935           0.779         -15.670         -11.458          -12.369
    4 (occ)     1          -6.732           0.284         -13.877         -10.467           -9.859
    5 (vir)     1          -0.616          -0.716          -1.375          -4.019            1.312
    6 (vir)     1          -0.135          -1.265          -3.931          -8.136            2.805
    7 (vir)     1          -0.135          -1.267          -3.937          -8.136            2.797
    8 (vir)     1           1.538          -0.338          -0.513          -2.018            2.704
    9 (vir)     1           1.538          -0.337          -0.516          -2.018            2.702
   10 (vir)     1           1.970          -0.563          -1.120          -3.459            3.745
   11 (vir)     1           2.490          -0.881          -1.378          -4.491            4.723
   12 (vir)     1           2.490          -0.872          -1.376          -4.491            4.733
   13 (vir)     1           3.272          -0.838          -1.366          -4.162            5.231
   14 (vir)     1           3.478          -0.920          -1.604          -4.605            5.558
   15 (vir)     1           5.566          -0.895          -0.830          -3.505            7.346
   16 (vir)     1           5.566          -0.871          -0.821          -3.505            7.380
   17 (vir)     1           6.745          -0.732          -1.009          -3.812            8.816
   18 (vir)     1           6.746          -0.693          -1.007          -3.812            8.858
   19 (vir)     1           7.663          -1.438          -1.734          -5.736           10.226
   20 (vir)     1           7.795          -1.332          -1.327          -5.093           10.230
   21 (vir)     1           7.796          -1.308          -1.331          -5.093           10.249
   22 (vir)     1           8.476          -1.486          -0.939          -4.995           11.046
   23 (vir)     1           9.763          -2.359          -1.793          -6.462           12.074
   24 (vir)     1          10.083          -1.989          -1.763          -6.289           12.620
   25 (vir)     1          10.083          -1.932          -1.744          -6.289           12.696
   26 (vir)     1          11.280          -1.817          -0.893          -5.478           14.049
   27 (vir)     1          11.652          -2.727          -1.344          -6.346           13.927
   28 (vir)     1          11.652          -2.698          -1.338          -6.347           13.962
   29 (vir)     1          11.698          -1.930          -1.814          -6.655           14.609
   30 (vir)     1          13.901          -2.708          -2.496          -8.259           16.956
   31 (vir)     1          14.188          -2.650          -1.521          -6.419           16.435
   32 (vir)     1          14.188          -2.573          -1.505          -6.419           16.529
   33 (vir)     1          15.444          -1.891          -0.750          -4.996           17.798
   34 (vir)     1          15.444          -2.101          -0.753          -4.996           17.586
   35 (vir)     1          15.661          -2.525          -1.825          -7.031           18.343
   36 (vir)     1          15.661          -2.503          -1.823          -7.031           18.366
   37 (vir)     1          16.536          -2.009          -0.688          -5.275           19.114
   38 (vir)     1          21.890          -1.613          -1.830          -8.323           26.770
   39 (vir)     1          28.280           0.504          -2.291         -10.187           36.681
   40 (vir)     1          28.281           0.630          -2.268         -10.187           36.830
   41 (vir)     1          42.578           2.468          -1.797          -9.938           53.187
   42 (vir)     1          45.710           2.797          -1.900         -10.295           56.902
   43 (vir)     1          45.711           2.583          -1.897         -10.295           56.691
   44 (vir)     1          48.773           2.039          -1.829         -10.604           59.587
   45 (vir)     1          48.833           2.753          -2.138         -11.035           60.483
   46 (vir)     1          49.981           2.335          -1.670         -10.439           61.085
   47 (vir)     1          49.983           2.432          -1.653         -10.439           61.200
   48 (vir)     1          58.675           1.710          -1.970         -11.159           69.573
   49 (vir)     1          58.676           1.652          -1.945         -11.159           69.541
   50 (vir)     1          78.579           5.443          -0.953          -9.439           92.509
   51 (vir)     1          80.385           4.682          -0.930          -9.366           93.503
   52 (vir)     1          80.385           5.047          -0.928          -9.366           93.869
   53 (vir)     1         102.483           5.509          -0.698          -7.588          114.881
   54 (vir)     1         140.898           1.906          -1.757         -15.718          156.765
   55 (vir)     1         140.898           1.987          -1.753         -15.718          156.851
   56 (vir)     1         140.910           2.055          -1.726         -15.705          156.943
 
