 
  kpoint:       1             coordinate:     0.0000    0.0000    0.0000                  spin:  1
 
    n           k   ϵ_nk^DFT (eV)     Σ^c_nk (eV)     Σ^x_nk (eV)    v_nk^xc (eV)   ϵ_nk^G0W0 (eV)
 
    1 (occ)     1         -80.126           9.999         -57.699         -35.041          -92.785
    2 (occ)     1         -46.933           5.093         -47.256         -35.971          -53.126
    3 (occ)     1         -46.801           5.197         -45.601         -36.019          -51.187
    4 (occ)     1         -46.792           4.955         -44.846         -36.022          -50.660
    5 (occ)     1         -28.162           8.091         -26.354         -15.272          -31.154
    6 (occ)     1         -17.842           7.189         -23.875         -15.635          -18.892
    7 (occ)     1         -16.262           2.154         -20.630         -12.725          -22.012
    8 (occ)     1         -15.622           1.734         -20.446         -14.564          -19.770
    9 (occ)     1         -14.853           1.631         -20.050         -14.340          -18.931
   10 (occ)     1          -7.032           1.740         -16.963         -13.357           -8.898
   11 (occ)     1          -5.929           2.189         -17.546         -13.201           -8.085
   12 (occ)     1          -5.926           2.190         -17.610         -13.212           -8.134
   13 (vir)     1          -3.483          -1.364          -2.686          -7.630            0.097
   14 (vir)     1          -2.254          -1.311          -2.680          -7.668            1.424
   15 (vir)     1          -1.819          -1.265          -2.365          -7.489            2.040
   16 (vir)     1          -1.009          -1.206          -3.035          -7.374            2.124
   17 (vir)     1          -0.556          -1.181          -2.977          -7.278            2.565
   18 (vir)     1          -0.337          -1.072          -2.183          -6.195            2.603
   19 (vir)     1          -0.236          -0.866          -1.930          -5.450            2.419
   20 (vir)     1          -0.086          -1.186          -2.606          -7.098            3.220
   21 (vir)     1           0.314          -0.879          -1.889          -5.671            3.216
   22 (vir)     1           2.265          -0.983          -1.156          -4.653            4.779
   23 (vir)     1           2.711          -0.982          -2.031          -5.959            5.657
   24 (vir)     1           3.103          -1.050          -1.983          -6.093            6.162
   25 (vir)     1           3.608          -0.933          -1.504          -5.494            6.665
   26 (vir)     1           3.647          -1.049          -1.258          -5.624            6.963
   27 (vir)     1           3.668          -1.065          -1.264          -5.597            6.936
   28 (vir)     1           3.736          -1.015          -1.435          -5.579            6.864
   29 (vir)     1           4.174          -1.122          -2.048          -6.415            7.419
   30 (vir)     1           5.398          -1.533          -1.945          -6.181            8.101
   31 (vir)     1           5.614          -1.355          -2.439          -7.185            9.005
   32 (vir)     1           5.794          -1.216          -1.354          -5.104            8.327
   33 (vir)     1           5.896          -1.211          -1.339          -5.104            8.449
   34 (vir)     1           6.010          -1.285          -1.297          -5.249            8.677
   35 (vir)     1           6.014          -1.270          -1.307          -5.243            8.680
   36 (vir)     1           6.386          -0.701          -0.335          -3.877            9.226
   37 (vir)     1           6.389          -0.719          -0.347          -3.865            9.187
   38 (vir)     1           6.758          -1.144          -1.451          -5.794            9.957
   39 (vir)     1           7.892          -1.214          -1.401          -5.493           10.768
   40 (vir)     1           8.107          -1.248          -1.385          -5.536           11.010
   41 (vir)     1           8.136          -1.679          -3.248          -8.610           11.819
   42 (vir)     1           8.288          -1.622          -3.061          -8.456           12.061
   43 (vir)     1           8.324          -2.003          -3.147          -8.792           11.967
   44 (vir)     1           8.840          -1.983          -2.813          -8.750           12.793
   45 (vir)     1           9.545          -1.384          -1.726          -6.198           12.634
   46 (vir)     1          10.124          -1.660          -1.410          -6.143           13.198
   47 (vir)     1          10.156          -1.605          -1.530          -6.354           13.375
   48 (vir)     1          10.336          -1.029          -0.433          -3.753           12.627
   49 (vir)     1          10.336          -1.028          -0.426          -3.753           12.635
   50 (vir)     1          11.486          -1.802          -1.629          -6.741           14.796
   51 (vir)     1          11.719          -1.607          -2.168          -6.742           14.686
   52 (vir)     1          11.864          -1.943          -1.988          -7.879           15.812
   53 (vir)     1          11.988          -2.398          -2.913          -9.494           16.172
   54 (vir)     1          14.118          -1.524          -1.155          -6.145           17.585
   55 (vir)     1          14.143          -1.629          -1.285          -6.130           17.358
   56 (vir)     1          15.778          -1.834          -2.342          -9.495           21.096
   57 (vir)     1          15.996          -1.053          -2.485          -9.582           22.041
   58 (vir)     1          16.967          -3.033          -3.117         -10.986           21.802
   59 (vir)     1          18.164          -5.144          -4.336         -13.064           21.749
   60 (vir)     1          18.167          -4.698          -4.432         -13.050           22.087
   61 (vir)     1          18.837          -3.726          -3.212         -10.999           22.897
   62 (vir)     1          18.856          -3.555          -3.113         -10.890           23.079
   63 (vir)     1          21.667          -3.517          -2.130          -8.707           24.727
   64 (vir)     1          21.780          -3.081          -2.541          -8.748           24.906
   65 (vir)     1          23.048          -3.197          -3.257         -12.347           28.941
   66 (vir)     1          23.763          -1.904          -2.055          -8.166           27.970
   67 (vir)     1          24.621           0.144          -2.207          -9.243           31.800
   68 (vir)     1          27.332           0.088          -2.540         -10.016           34.896
   69 (vir)     1          31.468           1.757          -1.838         -10.164           41.551
   70 (vir)     1          31.487           2.280          -2.043         -10.166           41.890
   71 (vir)     1          32.224          -2.255          -2.527         -11.277           38.719
   72 (vir)     1          37.947           0.493          -3.941         -12.885           47.385
   73 (vir)     1          44.957          -0.057          -4.167         -14.796           55.529
   74 (vir)     1         137.254           1.573          -0.751         -10.909          148.985
   75 (vir)     1         149.202           1.978          -0.837         -11.029          161.371
   76 (vir)     1         219.748           0.054          -1.234         -11.235          229.802
 
