 
  kpoint:       1             coordinate:     0.0000    0.0000    0.0000                  spin:  1
 
    n           k   ϵ_nk^DFT (eV)     Σ^c_nk (eV)     Σ^x_nk (eV)    v_nk^xc (eV)   ϵ_nk^G0W0 (eV)
 
    1 (occ)     1         -17.872           5.283         -19.051         -12.148          -19.492
    2 (occ)     1         -17.481           5.085         -19.124         -12.397          -19.124
    3 (occ)     1         -17.481           5.083         -19.120         -12.397          -19.121
    4 (occ)     1         -10.703           1.723         -14.142         -10.345          -12.777
    5 (occ)     1          -8.622           1.269         -14.044         -10.806          -10.591
    6 (occ)     1          -8.621           1.268         -14.042         -10.806          -10.590
    7 (occ)     1          -7.641           1.408         -13.305          -9.946           -9.591
    8 (occ)     1          -7.147           1.430         -13.961         -10.650           -9.029
    9 (occ)     1          -7.147           1.430         -13.963         -10.650           -9.030
   10 (occ)     1          -7.035           1.422         -13.885         -10.671           -8.827
   11 (occ)     1          -7.035           1.422         -13.886         -10.671           -8.827
   12 (occ)     1          -6.610           1.406         -14.201         -10.971           -8.434
   13 (vir)     1          -2.507          -1.614          -3.805          -7.792           -0.133
   14 (vir)     1          -2.285          -1.572          -5.187          -9.611            0.567
   15 (vir)     1           0.569          -1.593          -3.189          -7.396            3.183
   16 (vir)     1           0.569          -1.590          -3.190          -7.398            3.186
   17 (vir)     1           1.728          -0.727          -1.101          -4.082            3.982
   18 (vir)     1           1.728          -0.727          -1.104          -4.084            3.982
   19 (vir)     1           1.805          -0.584          -1.021          -3.820            4.019
   20 (vir)     1           2.188          -1.004          -1.955          -5.364            4.593
   21 (vir)     1           2.188          -1.004          -1.954          -5.364            4.594
   22 (vir)     1           2.354          -0.756          -0.990          -3.777            4.385
   23 (vir)     1           2.710          -0.618          -1.076          -4.059            5.074
   24 (vir)     1           2.710          -0.619          -1.076          -4.059            5.074
   25 (vir)     1           2.799          -0.972          -1.180          -4.592            5.238
   26 (vir)     1           3.418          -0.570          -1.006          -4.025            5.867
   27 (vir)     1           5.358          -1.630          -2.831          -7.402            8.299
   28 (vir)     1           5.358          -1.632          -2.833          -7.402            8.296
   29 (vir)     1           5.510          -1.623          -0.615          -4.226            7.498
   30 (vir)     1           6.182          -3.127          -2.692          -8.735            9.098
   31 (vir)     1           6.182          -3.128          -2.696          -8.735            9.093
   32 (vir)     1           6.350          -2.351          -1.645          -6.548            8.903
   33 (vir)     1           7.684          -0.922          -0.837          -4.468           10.393
   34 (vir)     1           7.684          -0.920          -0.837          -4.468           10.395
   35 (vir)     1          11.723          -3.574          -2.035          -7.841           13.954
   36 (vir)     1          11.723          -3.573          -2.036          -7.841           13.955
   37 (vir)     1          12.089          -4.869          -1.283          -7.011           12.948
   38 (vir)     1          18.246           1.411          -4.327         -12.108           27.437
   39 (vir)     1          19.045           2.224          -3.775         -11.753           29.247
   40 (vir)     1          19.046           2.222          -3.773         -11.753           29.247
   41 (vir)     1          19.136           2.231          -3.877         -12.024           29.513
   42 (vir)     1          19.136           2.235          -3.878         -12.024           29.517
   43 (vir)     1          19.177           2.358          -3.996         -12.180           29.719
   44 (vir)     1          19.241          -1.659          -3.493         -11.442           25.532
   45 (vir)     1          19.610           1.488          -3.735         -11.821           29.184
   46 (vir)     1          20.983           1.539          -3.265         -11.550           30.807
   47 (vir)     1          20.983           1.540          -3.266         -11.550           30.807
   48 (vir)     1          21.861           1.428          -3.468         -11.909           31.729
   49 (vir)     1          21.861           1.428          -3.466         -11.909           31.732
   50 (vir)     1          22.513           1.170          -3.153         -11.572           32.103
   51 (vir)     1          26.615           1.184          -2.659         -11.671           36.811
   52 (vir)     1          26.615           1.184          -2.663         -11.671           36.808
 
