 
  kpoint:       1             coordinate:     0.0000    0.0000    0.0000                  spin:  1
 
    n           k   ϵ_nk^DFT (eV)     Σ^c_nk (eV)     Σ^x_nk (eV)    v_nk^xc (eV)   ϵ_nk^G0W0 (eV)
 
    1 (occ)     1         -16.712           5.527         -18.715         -11.985          -17.915
    2 (occ)     1         -12.279           3.071         -15.743         -11.237          -13.714
    3 (occ)     1          -6.639           0.249         -13.794         -10.787           -9.397
    4 (occ)     1          -6.307          -0.340         -12.147          -9.727           -9.067
    5 (occ)     1          -6.307          -0.339         -12.150          -9.727           -9.069
    6 (vir)     1          -3.223          -0.953          -5.351          -9.259           -0.268
    7 (vir)     1          -3.223          -0.953          -5.358          -9.259           -0.274
    8 (vir)     1           0.583          -1.438          -3.828          -7.951            3.268
    9 (vir)     1           1.491          -1.074          -1.543          -4.631            3.505
   10 (vir)     1           2.456          -1.038          -1.539          -4.824            4.704
   11 (vir)     1           2.456          -1.431          -1.539          -4.824            4.311
   12 (vir)     1           3.526          -1.841          -1.817          -5.388            5.255
   13 (vir)     1           3.526          -1.832          -1.816          -5.388            5.265
   14 (vir)     1           4.298          -1.492          -1.065          -4.361            6.102
   15 (vir)     1           4.916          -1.691          -0.787          -4.111            6.548
   16 (vir)     1           4.916          -1.696          -0.786          -4.111            6.544
   17 (vir)     1           5.016          -1.404          -1.004          -4.235            6.844
   18 (vir)     1           5.016          -1.403          -1.006          -4.235            6.843
   19 (vir)     1           5.342          -2.032          -1.895          -5.994            7.409
   20 (vir)     1           6.088          -2.354          -1.628          -5.991            8.097
   21 (vir)     1           6.088          -2.362          -1.639          -5.991            8.079
   22 (vir)     1           7.794          -2.075          -2.273          -6.861           10.307
   23 (vir)     1           9.804          -1.868          -1.408          -5.777           12.305
   24 (vir)     1          10.183          -1.772          -0.841          -5.237           12.807
   25 (vir)     1          10.183          -1.727          -0.857          -5.237           12.836
   26 (vir)     1          11.016          -2.332          -1.653          -6.465           13.496
   27 (vir)     1          11.016          -1.924          -1.669          -6.465           13.888
   28 (vir)     1          11.065          -2.600          -1.033          -5.469           12.902
   29 (vir)     1          11.065          -2.604          -1.036          -5.469           12.894
   30 (vir)     1          11.729           1.853          -2.707          -8.151           19.026
   31 (vir)     1          11.729           1.791          -2.709          -8.151           18.962
   32 (vir)     1          12.334          -4.510          -2.208          -7.695           13.312
   33 (vir)     1          13.874          -3.070          -1.701          -7.379           16.482
   34 (vir)     1          13.874          -0.221          -1.711          -7.379           19.322
   35 (vir)     1          14.042          -2.888          -0.716          -5.431           15.868
   36 (vir)     1          14.042          -2.878          -0.737          -5.431           15.858
   37 (vir)     1          14.692          -6.018          -1.971          -7.917           14.620
   38 (vir)     1          14.692          -5.800          -1.987          -7.917           14.822
   39 (vir)     1          15.683          -4.824          -1.741          -7.366           16.483
   40 (vir)     1          15.683          -4.811          -1.737          -7.366           16.500
   41 (vir)     1          17.147          -4.905          -1.632          -7.121           17.731
   42 (vir)     1          18.843          -5.268          -1.098          -6.664           19.141
   43 (vir)     1          19.183           1.734          -1.105          -6.844           26.656
   44 (vir)     1          19.183           1.681          -1.126          -6.844           26.582
   45 (vir)     1          20.851          -5.190          -0.943          -6.615           21.333
   46 (vir)     1          20.851          -5.611          -0.953          -6.615           20.902
   47 (vir)     1          22.917           2.272          -2.154          -9.111           32.145
   48 (vir)     1          31.028          -8.693          -2.074         -10.070           30.330
   49 (vir)     1          31.756           2.261          -1.588          -8.905           41.334
   50 (vir)     1          31.756           2.218          -1.561          -8.905           41.318
   51 (vir)     1          75.474          -3.671          -1.007          -9.723           80.519
   52 (vir)     1          75.762          -9.519          -0.657          -9.209           74.796
   53 (vir)     1          75.762         -11.135          -0.819          -9.209           73.018
   54 (vir)     1          78.274         -11.788          -0.674          -9.432           75.245
   55 (vir)     1          78.274          -8.073          -0.849          -9.432           78.785
   56 (vir)     1          83.750          -3.289          -0.820          -9.201           88.841
   57 (vir)     1         102.918           6.029          -0.709          -7.419          115.658
   58 (vir)     1         103.855           6.239          -0.694          -7.572          116.973
 
