 
  kpoint:       1             coordinate:     0.0000    0.0000    0.0000                  spin:  1
 
    n           k   ϵ_nk^DFT (eV)     Σ^c_nk (eV)     Σ^x_nk (eV)    v_nk^xc (eV)   ϵ_nk^G0W0 (eV)
 
    1 (occ)     1         -19.783           7.476         -23.693         -14.806          -21.194
    2 (occ)     1         -17.262           5.669         -20.568         -13.407          -18.754
    3 (occ)     1         -14.276           3.720         -20.834         -14.191          -17.198
    4 (occ)     1         -11.726           2.561         -19.818         -14.295          -14.688
    5 (occ)     1         -10.646           1.972         -19.492         -14.528          -13.638
    6 (occ)     1          -8.612           0.904         -17.088         -13.278          -11.518
    7 (occ)     1          -8.000           1.214         -15.846         -12.088          -10.544
    8 (occ)     1          -6.428           0.767         -14.345         -10.888           -9.118
    9 (occ)     1          -6.021           0.416         -14.558         -11.565           -8.599
   10 (vir)     1          -1.643          -1.823          -5.962         -10.590            1.163
   11 (vir)     1          -1.520          -2.239          -6.269         -11.392            1.364
   12 (vir)     1          -0.192          -0.719          -1.027          -3.244            1.306
   13 (vir)     1           0.302          -0.671          -0.919          -2.992            1.704
   14 (vir)     1           0.385          -0.633          -0.860          -2.975            1.867
   15 (vir)     1           0.934          -0.482          -0.595          -2.231            2.088
   16 (vir)     1           1.386          -0.410          -0.572          -2.187            2.592
   17 (vir)     1           1.577          -0.461          -0.664          -2.358            2.811
   18 (vir)     1           1.682          -0.475          -0.732          -2.407            2.882
   19 (vir)     1           1.743          -0.561          -0.834          -2.777            3.125
   20 (vir)     1           1.900          -0.386          -0.490          -2.150            3.174
   21 (vir)     1           2.557          -0.737          -1.458          -4.081            4.443
   22 (vir)     1           2.801          -0.761          -1.270          -3.735            4.506
   23 (vir)     1           3.176          -0.606          -0.927          -3.088            4.731
   24 (vir)     1           3.310          -1.030          -1.808          -4.577            5.048
   25 (vir)     1           3.751          -0.986          -1.593          -4.375            5.547
   26 (vir)     1           4.066          -0.876          -1.312          -3.719            5.597
   27 (vir)     1           4.906          -0.945          -1.442          -4.217            6.735
   28 (vir)     1           5.071          -1.351          -1.990          -5.344            7.074
   29 (vir)     1           5.239          -1.272          -1.922          -5.222            7.266
   30 (vir)     1           5.471          -0.973          -2.372          -5.955            8.080
   31 (vir)     1           5.903          -1.293          -1.660          -4.944            7.895
   32 (vir)     1           6.005          -0.931          -1.249          -4.127            7.953
   33 (vir)     1           6.248          -1.244          -2.259          -5.896            8.642
   34 (vir)     1           6.350          -1.196          -2.091          -5.889            8.951
   35 (vir)     1           6.633          -1.560          -1.984          -5.669            8.759
   36 (vir)     1           7.201          -1.265          -2.066          -5.616            9.485
   37 (vir)     1           8.004          -1.587          -2.031          -5.945           10.332
   38 (vir)     1           8.145          -2.137          -1.303          -5.013            9.718
   39 (vir)     1           8.446          -2.123          -1.916          -6.090           10.497
   40 (vir)     1           8.488          -1.434          -1.848          -5.196           10.402
   41 (vir)     1           9.555          -1.889          -1.351          -5.207           11.521
   42 (vir)     1          10.807          -1.973          -1.708          -5.967           13.093
   43 (vir)     1          10.850          -0.902          -1.134          -4.782           13.597
   44 (vir)     1          11.147          -2.153          -1.773          -6.249           13.471
   45 (vir)     1          12.420          -2.715          -2.049          -6.944           14.599
   46 (vir)     1          12.728          -1.268          -1.450          -5.825           15.835
   47 (vir)     1          13.187          -2.527          -2.001          -6.763           15.421
   48 (vir)     1          14.073          -2.859          -2.188          -7.359           16.385
   49 (vir)     1          14.527          -3.865          -3.167          -9.352           16.847
   50 (vir)     1          14.857          -2.923          -2.300          -7.678           17.313
   51 (vir)     1          14.931          -1.634          -0.970          -5.225           17.551
   52 (vir)     1          15.430          -2.687          -2.011          -7.068           17.801
   53 (vir)     1          16.002          -3.430          -2.343          -7.997           18.226
   54 (vir)     1          16.793          -4.342          -2.876          -9.289           18.865
   55 (vir)     1          17.247          -3.315          -2.175          -7.946           19.703
   56 (vir)     1          18.516          -1.558          -1.239          -5.968           21.687
   57 (vir)     1          18.603          -2.653          -0.989          -5.911           20.872
   58 (vir)     1          18.901          -2.936          -1.727          -6.795           21.033
   59 (vir)     1          19.502          -2.315          -0.992          -5.597           21.792
   60 (vir)     1          19.894          -3.102          -1.565          -7.125           22.352
   61 (vir)     1          21.423          -3.020          -1.310          -6.505           23.598
   62 (vir)     1          21.854          -2.990          -1.165          -6.880           24.578
   63 (vir)     1          24.474          -4.200          -1.623          -7.400           26.050
   64 (vir)     1          25.452          -1.361          -1.697          -7.982           30.376
   65 (vir)     1          25.716          -4.794          -1.207          -6.478           26.194
   66 (vir)     1          27.610          -4.745          -1.639          -7.311           28.538
   67 (vir)     1          27.632          -1.321          -3.432         -11.564           34.443
   68 (vir)     1          29.228          -7.699          -2.522          -9.409           28.416
   69 (vir)     1          31.090          -9.208          -2.697         -10.534           29.719
   70 (vir)     1          31.395          -8.578          -2.232          -9.177           29.763
   71 (vir)     1          31.784           2.413          -2.883         -11.308           42.621
   72 (vir)     1          34.158          -4.684          -3.167         -11.372           37.680
   73 (vir)     1          34.629          -7.598          -2.525         -10.630           35.137
   74 (vir)     1          34.814          -5.705          -2.950         -11.070           37.228
   75 (vir)     1          35.274          -6.053          -2.267         -10.279           37.233
   76 (vir)     1          35.883           4.644          -3.298         -12.249           49.478
   77 (vir)     1          37.994           3.400          -2.402         -10.499           49.490
   78 (vir)     1          39.280          -8.479          -2.187          -9.758           38.373
   79 (vir)     1          40.339           2.139          -1.594          -9.094           49.978
   80 (vir)     1          41.054         -10.492          -2.818         -12.125           39.870
   81 (vir)     1          41.746          -5.894          -2.771         -11.494           44.574
   82 (vir)     1          43.876           4.147          -2.310         -11.312           57.026
   83 (vir)     1          45.202          -9.160          -2.514         -11.675           45.203
   84 (vir)     1          46.573           3.867          -2.050         -11.107           59.498
   85 (vir)     1          46.802           2.859          -2.408         -12.295           59.549
   86 (vir)     1          47.784           3.260          -2.320         -11.736           60.460
   87 (vir)     1          48.006           2.684          -2.435         -12.356           60.611
   88 (vir)     1          49.630           1.779          -1.996         -11.433           60.846
   89 (vir)     1          52.082           1.928          -2.126         -11.872           63.756
   90 (vir)     1          52.801           3.196          -2.265         -11.785           65.518
   91 (vir)     1          53.430           3.077          -2.583         -12.373           66.297
   92 (vir)     1          58.040           3.066          -2.380         -12.179           70.905
   93 (vir)     1          58.728           4.405          -2.539         -13.099           73.692
   94 (vir)     1          59.975           3.246          -2.375         -12.251           73.097
   95 (vir)     1          62.458           3.646          -2.345         -12.926           76.684
   96 (vir)     1          63.442           3.501          -2.578         -13.526           77.890
   97 (vir)     1          63.585           3.702          -2.497         -13.132           77.922
   98 (vir)     1          65.377           3.039          -2.461         -13.053           79.009
   99 (vir)     1          68.871           2.820          -1.966         -11.735           81.461
  100 (vir)     1          70.282           3.216          -2.248         -13.336           84.587
  101 (vir)     1          71.860           3.925          -2.275         -13.778           87.288
  102 (vir)     1          72.073           3.210          -1.962         -13.365           86.687
  103 (vir)     1          76.007           2.912          -2.241         -13.545           90.224
  104 (vir)     1          78.347           2.862          -2.347         -13.913           92.775
  105 (vir)     1          85.248           2.250          -2.289         -14.040           99.249
  106 (vir)     1          86.814           2.467          -2.563         -14.723          101.441
  107 (vir)     1          95.014           1.514          -2.495         -15.152          109.185
  108 (vir)     1         111.699           1.585          -1.754         -12.969          124.498
  109 (vir)     1         114.163           1.428          -1.094          -9.574          124.070
  110 (vir)     1         156.203           2.422          -1.748         -16.007          172.883
  111 (vir)     1         162.505           2.511          -1.648         -15.841          179.209
  112 (vir)     1         163.972           2.601          -1.623         -15.832          180.781
  113 (vir)     1         198.602           4.272          -0.818         -12.204          214.259
  114 (vir)     1         240.496           9.240          -0.770         -13.383          262.349
 
