 
  kpoint:       1             coordinate:     0.0000    0.0000    0.0000                  spin:  1
 
    n           k   ϵ_nk^DFT (eV)     Σ^c_nk (eV)     Σ^x_nk (eV)    v_nk^xc (eV)   ϵ_nk^G0W0 (eV)
 
    1 (occ)     1         -29.349          10.128         -32.338         -20.130          -31.430
    2 (occ)     1         -28.350           9.527         -32.917         -21.206          -30.535
    3 (occ)     1         -13.777           3.870         -27.135         -19.169          -17.873
    4 (occ)     1         -12.801           2.585         -23.299         -17.033          -16.482
    5 (occ)     1         -12.801           2.585         -23.301         -17.033          -16.484
    6 (occ)     1         -12.703           3.331         -27.392         -19.973          -16.791
    7 (occ)     1          -9.114           1.566         -24.810         -19.418          -12.940
    8 (occ)     1          -9.114           1.565         -24.808         -19.418          -12.939
    9 (vir)     1          -0.270          -1.981         -10.303         -16.862            4.307
   10 (vir)     1          -0.270          -1.981         -10.303         -16.862            4.308
   11 (vir)     1           0.368          -1.457          -4.563          -9.271            3.619
   12 (vir)     1           0.962          -0.208          -0.390          -1.766            2.129
   13 (vir)     1           0.962          -0.208          -0.390          -1.766            2.129
   14 (vir)     1           1.040          -0.226          -0.536          -1.976            2.253
   15 (vir)     1           2.182          -0.207          -0.482          -1.570            3.063
   16 (vir)     1           2.294          -0.109          -0.241          -1.216            3.160
   17 (vir)     1           2.294          -0.109          -0.241          -1.216            3.160
   18 (vir)     1           3.710          -0.062          -0.048          -0.701            4.301
   19 (vir)     1           3.710          -0.062          -0.048          -0.701            4.301
   20 (vir)     1           8.263          -1.642          -3.387          -8.026           11.260
   21 (vir)     1           8.758          -0.977          -1.988          -5.490           11.284
   22 (vir)     1           9.370          -2.642          -5.132         -11.731           13.327
   23 (vir)     1           9.926          -0.883          -1.206          -4.324           12.159
   24 (vir)     1           9.926          -0.881          -1.205          -4.324           12.163
   25 (vir)     1          14.258          -1.248          -2.464          -7.289           17.835
   26 (vir)     1          15.085          -0.562          -1.286          -5.242           18.478
   27 (vir)     1          15.085          -0.564          -1.287          -5.242           18.476
   28 (vir)     1          16.799          -0.380          -0.297          -3.600           19.722
   29 (vir)     1          16.799          -0.379          -0.297          -3.600           19.724
   30 (vir)     1          17.180          -3.943          -4.250         -11.599           20.586
   31 (vir)     1          17.180          -3.942          -4.249         -11.599           20.588
   32 (vir)     1          19.665          -3.210          -4.192         -11.440           23.703
   33 (vir)     1          19.666          -3.212          -4.195         -11.440           23.699
   34 (vir)     1          20.261          -2.655          -2.797          -8.723           23.532
   35 (vir)     1          20.261          -2.656          -2.796          -8.723           23.532
   36 (vir)     1          22.814          -5.540          -6.240         -15.279           26.312
   37 (vir)     1          24.770          -5.272          -2.341         -10.282           27.439
   38 (vir)     1          24.770          -5.277          -2.344         -10.282           27.431
   39 (vir)     1          27.383          -5.984          -4.201         -12.795           29.993
   40 (vir)     1          31.096           3.462          -6.622         -15.748           43.683
   41 (vir)     1          31.096           3.465          -6.622         -15.748           43.687
   42 (vir)     1          33.672          -7.392          -3.525         -10.497           33.253
   43 (vir)     1          41.597         -11.097          -4.986         -14.071           39.584
   44 (vir)     1          44.883           2.798          -4.811         -13.436           56.307
   45 (vir)     1          44.883           2.815          -4.818         -13.436           56.317
   46 (vir)     1          46.325           2.567          -4.264         -14.275           58.904
   47 (vir)     1          46.325           2.571          -4.258         -14.275           58.913
   48 (vir)     1          48.530           4.332          -4.839         -14.546           62.568
   49 (vir)     1          53.057           2.374          -5.146         -15.733           66.018
   50 (vir)     1          53.057           2.385          -5.137         -15.733           66.038
   51 (vir)     1          71.217           3.292          -4.166         -16.640           86.983
   52 (vir)     1          73.647           3.071          -5.356         -18.881           90.243
   53 (vir)     1          80.845           2.640          -3.785         -16.604           96.304
   54 (vir)     1          80.845           2.657          -3.794         -16.604           96.312
   55 (vir)     1         112.305           2.991          -2.979         -14.395          126.711
   56 (vir)     1         123.413           3.239          -3.539         -18.663          141.776
   57 (vir)     1         123.413           3.285          -3.531         -18.663          141.830
   58 (vir)     1         124.406           3.530          -3.310         -18.230          142.857
   59 (vir)     1         124.406           3.554          -3.304         -18.230          142.886
   60 (vir)     1         128.213           3.541          -3.087         -17.182          145.849
   61 (vir)     1         132.784           4.246          -3.363         -18.859          152.527
   62 (vir)     1         173.608           2.021          -4.170         -20.317          191.777
   63 (vir)     1         173.923           1.442          -5.226         -23.088          193.227
   64 (vir)     1         173.926           1.451          -5.256         -23.085          193.206
   65 (vir)     1         175.248           1.399          -5.194         -23.067          194.520
   66 (vir)     1         175.250           1.408          -5.225         -23.065          194.497
   67 (vir)     1         176.322           1.851          -5.253         -22.959          195.878
   68 (vir)     1         178.434           1.684          -5.392         -23.419          198.146
   69 (vir)     1         178.434           1.684          -5.395         -23.419          198.142
   70 (vir)     1         179.754           1.801          -5.068         -23.001          199.488
   71 (vir)     1         179.754           1.794          -5.074         -23.001          199.475
   72 (vir)     1         206.620           1.932          -2.852         -18.176          223.876
   73 (vir)     1         215.367           0.959          -3.230         -19.687          232.783
   74 (vir)     1         215.367           0.958          -3.234         -19.687          232.777
   75 (vir)     1         224.443           1.152          -3.521         -20.885          242.959
   76 (vir)     1         224.443           1.146          -3.513         -20.885          242.961
   77 (vir)     1         227.414           1.168          -3.597         -21.106          246.090
   78 (vir)     1         227.414           1.164          -3.590         -21.106          246.093
   79 (vir)     1         229.885           1.248          -3.460         -21.176          248.849
   80 (vir)     1         229.885           1.241          -3.469         -21.176          248.833
   81 (vir)     1         231.926           1.948          -3.176         -20.054          250.753
   82 (vir)     1         236.417           1.123          -3.874         -22.390          256.055
   83 (vir)     1         236.417           1.116          -3.884         -22.390          256.038
   84 (vir)     1         237.512           0.877          -3.607         -21.695          256.477
   85 (vir)     1         237.512           0.878          -3.612         -21.695          256.474
   86 (vir)     1         237.728           1.391          -3.023         -19.728          255.825
   87 (vir)     1         249.271           1.927          -3.273         -20.722          268.647
 
