 
  kpoint:       1             coordinate:     0.0000    0.0000    0.0000                  spin:  1
 
    n           k   ϵ_nk^DFT (eV)     Σ^c_nk (eV)     Σ^x_nk (eV)    v_nk^xc (eV)   ϵ_nk^G0W0 (eV)
 
    1 (occ)     1         -34.452          11.231         -33.864         -21.023          -36.061
    2 (occ)     1         -27.541           9.885         -32.267         -21.163          -28.761
    3 (occ)     1         -19.283           6.641         -30.643         -20.506          -22.779
    4 (occ)     1         -14.842           3.694         -25.086         -18.948          -17.285
    5 (occ)     1         -14.601           3.114         -27.257         -20.416          -18.328
    6 (occ)     1         -14.370           4.298         -27.327         -19.752          -17.647
    7 (occ)     1          -9.055           0.042         -22.908         -19.188          -12.733
    8 (occ)     1          -8.007           3.071         -26.898         -20.129          -11.705
    9 (occ)     1          -7.821           2.694         -26.502         -20.043          -11.587
   10 (vir)     1          -6.022          -0.624         -15.142         -20.208           -1.580
   11 (vir)     1           0.279          -3.396         -12.009         -19.925            4.799
   12 (vir)     1           2.497          -3.675         -11.317         -19.313            6.819
   13 (vir)     1           9.294          -2.656          -4.320         -10.613           12.930
   14 (vir)     1           9.310          -2.112          -3.685          -9.563           13.076
   15 (vir)     1          11.693          -3.291          -4.300         -11.576           15.678
   16 (vir)     1          13.603          -2.265          -5.408         -12.380           18.309
   17 (vir)     1          14.865          -2.404          -4.429         -11.282           19.314
   18 (vir)     1          15.764          -1.443          -3.902         -11.340           21.760
   19 (vir)     1          15.856          -2.450          -3.783         -10.315           19.937
   20 (vir)     1          17.471          -3.389          -3.289         -10.502           21.295
   21 (vir)     1          19.360          -2.522          -3.848         -10.742           23.732
   22 (vir)     1          19.668          -2.714          -4.458         -11.341           23.837
   23 (vir)     1          26.870          -4.657          -5.585         -13.854           30.482
   24 (vir)     1          27.212          -2.202          -5.994         -14.082           33.098
   25 (vir)     1          28.483           0.411          -6.186         -14.812           37.520
   26 (vir)     1          34.099           1.796          -6.006         -15.090           44.978
   27 (vir)     1          34.383           2.002          -5.236         -14.049           45.199
   28 (vir)     1          38.055           1.428          -5.495         -14.558           48.546
   29 (vir)     1          38.665           2.861          -5.380         -14.678           50.824
   30 (vir)     1          41.867           3.547          -4.950         -14.604           55.067
   31 (vir)     1          43.945           3.610          -4.790         -14.801           57.566
   32 (vir)     1          48.521           1.805          -5.170         -15.158           60.313
   33 (vir)     1          51.710           1.602          -3.787         -13.188           62.712
   34 (vir)     1          52.740           2.796          -4.312         -14.292           65.516
   35 (vir)     1          56.405           1.579          -5.835         -17.485           69.634
   36 (vir)     1          58.093           3.418          -4.332         -15.092           72.271
   37 (vir)     1          61.298           2.230          -6.164         -18.549           75.913
   38 (vir)     1          62.325           2.267          -4.276         -15.574           75.890
   39 (vir)     1          68.155           2.211          -4.822         -16.307           81.850
   40 (vir)     1          75.258           1.610          -3.848         -14.648           87.668
   41 (vir)     1          93.685           2.364          -1.977         -12.783          106.855
   42 (vir)     1         100.338           2.799          -2.869         -15.133          115.401
   43 (vir)     1         106.083           3.683          -3.236         -16.991          123.521
   44 (vir)     1         116.925           2.517          -2.819         -16.608          133.230
   45 (vir)     1         118.383           3.349          -3.305         -18.088          136.515
   46 (vir)     1         118.599           2.714          -3.230         -17.465          135.547
   47 (vir)     1         125.362           2.523          -3.451         -18.988          143.422
   48 (vir)     1         125.511           2.106          -3.726         -18.907          142.798
   49 (vir)     1         125.581           2.196          -3.730         -18.980          143.027
   50 (vir)     1         168.595           1.354          -5.380         -22.967          187.536
   51 (vir)     1         168.856           0.906          -5.288         -22.809          187.284
   52 (vir)     1         171.393           1.155          -5.320         -23.054          190.282
   53 (vir)     1         172.666           0.909          -5.592         -23.233          191.215
   54 (vir)     1         173.911           0.991          -5.182         -23.018          192.737
   55 (vir)     1         174.146           1.390          -5.371         -23.175          193.339
   56 (vir)     1         174.608           1.080          -5.044         -23.084          193.728
   57 (vir)     1         175.122           1.252          -5.091         -23.047          194.331
   58 (vir)     1         175.264           1.963          -4.676         -22.384          194.935
   59 (vir)     1         178.026           1.122          -4.786         -22.532          196.894
   60 (vir)     1         179.441           1.259          -4.824         -22.789          198.665
   61 (vir)     1         179.706           1.272          -5.059         -22.817          198.736
   62 (vir)     1         180.008           1.274          -5.234         -23.301          199.349
   63 (vir)     1         183.712           1.470          -4.825         -22.590          202.947
   64 (vir)     1         184.477           1.446          -4.662         -22.079          203.341
   65 (vir)     1         195.883           1.175          -3.050         -18.227          212.236
   66 (vir)     1         196.622          -0.463          -3.113         -18.428          211.475
   67 (vir)     1         198.935           1.160          -3.327         -18.995          215.764
   68 (vir)     1         200.019           1.641          -3.265         -18.973          217.369
   69 (vir)     1         204.038           0.850          -3.290         -19.503          221.101
   70 (vir)     1         205.863           0.962          -3.421         -19.327          222.732
   71 (vir)     1         209.403           0.837          -3.193         -19.497          226.545
   72 (vir)     1         214.555           0.825          -3.489         -20.737          232.628
   73 (vir)     1         226.049           0.199          -3.514         -20.825          243.559
   74 (vir)     1         226.177           1.364          -3.449         -20.837          244.929
   75 (vir)     1         228.151           0.643          -3.426         -20.842          246.210
   76 (vir)     1         228.773           0.610          -3.327         -20.777          246.833
   77 (vir)     1         234.739           0.986          -3.149         -20.556          253.133
   78 (vir)     1         237.538          -0.655          -3.575         -21.587          254.894
   79 (vir)     1         237.859           0.897          -3.158         -20.295          255.893
   80 (vir)     1         238.219           0.805          -3.567         -21.643          257.102
   81 (vir)     1         240.590           1.408          -3.673         -22.083          260.408
   82 (vir)     1         242.011           0.186          -3.513         -21.692          260.376
   83 (vir)     1         244.906           0.906          -3.393         -21.860          264.279
   84 (vir)     1         245.246           1.760          -3.549         -22.186          265.642
   85 (vir)     1         246.160           0.199          -3.558         -22.004          264.806
   86 (vir)     1         246.296           2.164          -2.858         -18.888          264.490
   87 (vir)     1         248.083           0.664          -3.459         -21.953          267.241
 
