 
  kpoint:       1             coordinate:     0.0000    0.0000    0.0000                  spin:  1
 
    n           k   ϵ_nk^DFT (eV)     Σ^c_nk (eV)     Σ^x_nk (eV)    v_nk^xc (eV)   ϵ_nk^G0W0 (eV)
 
    1 (occ)     1         -21.041           6.347         -25.054         -15.684          -24.063
    2 (occ)     1         -14.600           3.777         -22.165         -14.620          -18.368
    3 (occ)     1         -14.591           3.777         -22.165         -14.619          -18.360
    4 (occ)     1         -12.033           2.192         -19.832         -13.922          -15.751
    5 (occ)     1         -11.390           1.786         -20.114         -14.730          -14.988
    6 (occ)     1          -8.685           1.234         -19.242         -14.198          -12.496
    7 (occ)     1          -8.673           1.232         -19.237         -14.201          -12.478
    8 (occ)     1          -7.048           0.893         -18.320         -14.311          -10.164
    9 (occ)     1          -7.045           0.898         -18.339         -14.308          -10.178
   10 (vir)     1          -0.143          -0.647          -1.087          -3.305            1.429
   11 (vir)     1           0.216          -0.655          -1.184          -3.446            1.824
   12 (vir)     1           0.270          -0.542          -0.825          -2.742            1.646
   13 (vir)     1           0.273          -0.542          -0.824          -2.741            1.648
   14 (vir)     1           1.230          -0.436          -0.509          -2.178            2.464
   15 (vir)     1           1.497          -0.340          -0.459          -1.826            2.524
   16 (vir)     1           1.498          -0.339          -0.458          -1.824            2.525
   17 (vir)     1           1.558          -0.320          -0.389          -1.693            2.542
   18 (vir)     1           1.559          -0.320          -0.389          -1.692            2.543
   19 (vir)     1           2.102          -1.179          -3.413          -6.856            4.366
   20 (vir)     1           3.145          -0.495          -0.713          -2.485            4.422
   21 (vir)     1           3.150          -0.514          -0.778          -2.589            4.446
   22 (vir)     1           3.195          -1.074          -2.591          -5.686            5.215
   23 (vir)     1           3.303          -0.811          -1.571          -3.975            4.896
   24 (vir)     1           3.401          -1.116          -3.014          -5.972            5.242
   25 (vir)     1           3.605          -0.371          -0.294          -1.984            4.924
   26 (vir)     1           3.613          -0.369          -0.291          -1.979            4.932
   27 (vir)     1           4.158          -0.487          -0.538          -2.441            5.573
   28 (vir)     1           4.274          -1.004          -1.977          -4.824            6.118
   29 (vir)     1           4.287          -0.958          -1.851          -4.625            6.103
   30 (vir)     1           4.572          -0.270          -0.178          -1.496            5.619
   31 (vir)     1           5.068          -0.811          -1.114          -3.651            6.795
   32 (vir)     1           5.612          -1.375          -2.167          -5.797            7.867
   33 (vir)     1           5.617          -1.392          -2.229          -5.900            7.897
   34 (vir)     1           5.636          -1.535          -2.739          -6.757            8.120
   35 (vir)     1           5.640          -1.505          -2.647          -6.596            8.084
   36 (vir)     1           6.824          -1.089          -1.400          -4.557            8.892
   37 (vir)     1           6.826          -1.089          -1.399          -4.557            8.895
   38 (vir)     1           7.077          -1.275          -2.201          -5.925            9.527
   39 (vir)     1           7.210          -1.065          -1.722          -5.074            9.497
   40 (vir)     1           7.228          -1.092          -1.779          -5.186            9.543
   41 (vir)     1           7.603          -1.236          -2.196          -5.660            9.831
   42 (vir)     1           8.115          -0.645          -0.276          -2.735            9.929
   43 (vir)     1           9.800          -1.935          -1.827          -6.113           12.151
   44 (vir)     1          10.029          -0.855          -0.437          -3.322           12.059
   45 (vir)     1          10.038          -0.835          -0.407          -3.260           12.055
   46 (vir)     1          10.507          -2.382          -2.930          -7.892           13.086
   47 (vir)     1          10.537          -2.409          -2.961          -7.966           13.133
   48 (vir)     1          11.862          -1.629          -1.940          -6.086           14.379
   49 (vir)     1          11.991          -1.864          -1.760          -6.051           14.418
   50 (vir)     1          12.022          -1.901          -1.807          -6.145           14.459
   51 (vir)     1          12.904          -1.588          -1.551          -5.456           15.221
   52 (vir)     1          12.904          -1.594          -1.567          -5.479           15.223
   53 (vir)     1          14.183          -2.959          -3.288          -9.169           17.105
   54 (vir)     1          14.721          -3.003          -3.070          -9.073           17.721
   55 (vir)     1          14.728          -3.008          -3.070          -9.075           17.724
   56 (vir)     1          15.630          -2.764          -2.284          -7.859           18.441
   57 (vir)     1          15.663          -2.732          -2.259          -7.825           18.497
   58 (vir)     1          15.939          -1.714          -1.482          -5.808           18.550
   59 (vir)     1          16.101          -2.441          -1.777          -6.988           18.871
   60 (vir)     1          17.016          -2.238          -1.380          -6.290           19.688
   61 (vir)     1          17.489          -2.443          -1.721          -7.032           20.357
   62 (vir)     1          17.510          -2.490          -1.766          -7.130           20.384
   63 (vir)     1          18.824          -2.420          -2.521          -7.903           21.786
   64 (vir)     1          19.541          -1.885          -0.844          -5.179           21.991
   65 (vir)     1          19.620          -1.934          -0.873          -5.259           22.072
   66 (vir)     1          20.095          -2.044          -1.040          -5.452           22.462
   67 (vir)     1          20.133          -2.037          -1.023          -5.420           22.493
   68 (vir)     1          20.688          -1.569          -0.802          -4.899           23.216
   69 (vir)     1          21.648          -2.895          -1.836          -7.575           24.492
   70 (vir)     1          21.659          -2.892          -1.824          -7.539           24.482
   71 (vir)     1          23.203          -3.372          -1.303          -6.944           25.472
   72 (vir)     1          23.963          -3.113          -2.112          -8.125           26.863
   73 (vir)     1          23.969          -3.112          -2.115          -8.126           26.868
   74 (vir)     1          25.739          -2.705          -1.037          -6.112           28.108
   75 (vir)     1          25.745          -2.680          -1.030          -6.091           28.126
   76 (vir)     1          26.862          -4.735          -2.682         -10.150           29.594
   77 (vir)     1          27.752          -4.371          -3.094          -9.971           30.258
   78 (vir)     1          28.379          -4.010          -1.530          -7.921           30.761
   79 (vir)     1          28.644          -3.864          -2.465          -8.798           31.112
   80 (vir)     1          28.675          -3.848          -2.388          -8.711           31.150
   81 (vir)     1          33.396          -4.924          -2.251          -9.143           35.365
   82 (vir)     1          33.413          -4.935          -2.250          -9.142           35.369
   83 (vir)     1          36.242          -5.217          -1.217          -7.372           37.180
   84 (vir)     1          36.319          -5.687          -1.508          -8.027           37.151
   85 (vir)     1          36.584          -4.914          -1.338          -7.481           37.813
   86 (vir)     1          36.623          -5.366          -1.682          -8.277           37.851
   87 (vir)     1          37.773          -6.090          -2.117          -9.364           38.930
   88 (vir)     1          39.857          -5.440          -1.453          -8.053           41.016
   89 (vir)     1          39.933          -5.283          -1.433          -7.995           41.211
   90 (vir)     1          41.549          -4.933          -2.054          -8.742           43.304
   91 (vir)     1          42.693          -8.006          -2.366         -10.286           42.607
   92 (vir)     1          42.832          -8.074          -2.339         -10.217           42.636
   93 (vir)     1          43.653         -10.345          -3.173         -12.960           43.095
   94 (vir)     1          43.687         -10.362          -3.190         -13.034           43.169
   95 (vir)     1          44.687          -2.742          -0.620          -6.589           47.916
   96 (vir)     1          45.504         -12.333          -3.294         -12.279           42.156
   97 (vir)     1          46.258         -10.815          -2.848         -11.701           44.296
   98 (vir)     1          50.108         -10.328          -3.047         -12.642           49.376
   99 (vir)     1          50.416          -6.530          -3.122         -12.794           53.559
  100 (vir)     1          51.836         -12.704          -2.516         -11.937           48.552
  101 (vir)     1          56.399          -5.529          -2.766         -12.725           60.828
  102 (vir)     1          56.451          -4.436          -2.760         -12.702           61.957
  103 (vir)     1          58.772          -3.132          -2.774         -13.993           66.859
  104 (vir)     1          59.035           5.146          -2.739         -13.428           74.869
  105 (vir)     1          61.374           3.222          -2.759         -13.217           75.054
  106 (vir)     1          61.438           3.260          -2.761         -13.224           75.162
  107 (vir)     1          62.247           1.874          -1.100          -8.847           71.868
  108 (vir)     1          65.883          -1.980          -2.399         -12.929           74.433
  109 (vir)     1          65.997           2.985          -2.409         -13.032           79.604
  110 (vir)     1          66.609           2.085          -2.452         -13.254           79.497
  111 (vir)     1          66.976          -1.286          -2.433         -12.986           76.243
  112 (vir)     1          67.078           3.791          -2.484         -13.098           81.482
  113 (vir)     1          67.334           4.387          -2.506         -13.220           82.435
  114 (vir)     1          68.533           4.656          -2.552         -14.038           84.674
  115 (vir)     1          68.582           4.718          -2.547         -14.035           84.787
  116 (vir)     1          70.595           4.656          -2.130         -13.235           86.357
  117 (vir)     1          70.605           4.656          -2.133         -13.253           86.382
  118 (vir)     1          74.393           3.553          -2.475         -13.706           89.177
  119 (vir)     1          74.456           3.606          -2.490         -13.721           89.293
  120 (vir)     1          78.415           3.506          -2.283         -13.878           93.516
  121 (vir)     1          78.703           3.440          -2.292         -13.937           93.788
  122 (vir)     1          82.079           2.776          -1.945         -12.886           95.797
  123 (vir)     1          82.966           2.697          -2.037         -13.270           96.896
  124 (vir)     1          83.303           2.842          -2.074         -13.370           97.441
  125 (vir)     1          84.754           1.950          -2.168         -13.634           98.170
  126 (vir)     1          85.197           2.993          -2.648         -14.732          100.275
  127 (vir)     1          86.102           3.157          -2.639         -14.811          101.431
  128 (vir)     1          90.464           2.632          -2.449         -15.298          105.946
  129 (vir)     1         105.316           2.024          -2.307         -15.144          120.177
  130 (vir)     1         105.599           2.033          -2.304         -15.157          120.485
  131 (vir)     1         117.947           1.978          -2.010         -14.803          132.718
  132 (vir)     1         117.987           1.959          -2.013         -14.800          132.733
  133 (vir)     1         155.210           2.343          -1.769         -16.049          171.832
  134 (vir)     1         160.479           2.352          -1.736         -16.000          177.094
  135 (vir)     1         164.760           2.476          -1.676         -16.031          181.592
  136 (vir)     1         164.831           2.490          -1.682         -16.050          181.688
  137 (vir)     1         165.695           2.319          -1.610         -15.783          182.187
  138 (vir)     1         165.757           2.347          -1.610         -15.801          182.295
  139 (vir)     1         199.210           5.052          -0.891         -12.295          215.666
  140 (vir)     1         240.757           0.065          -0.820         -13.522          253.524
  141 (vir)     1         240.790           2.338          -0.815         -13.512          255.826
 
