 
  kpoint:       1             coordinate:     0.0000    0.0000    0.0000                  spin:  1
 
    n           k   ϵ_nk^DFT (eV)     Σ^c_nk (eV)     Σ^x_nk (eV)    v_nk^xc (eV)   ϵ_nk^G0W0 (eV)
 
    1 (occ)     1         -56.198          10.868         -51.725         -31.159          -65.896
    2 (occ)     1         -56.195          10.911         -51.732         -31.165          -65.851
    3 (occ)     1         -28.164           6.030         -43.650         -30.985          -34.799
    4 (occ)     1         -28.144           5.790         -43.687         -31.038          -35.003
    5 (occ)     1         -28.144           5.787         -43.685         -31.038          -35.003
    6 (occ)     1         -28.138           5.769         -43.716         -31.069          -35.017
    7 (occ)     1         -28.138           5.767         -43.714         -31.069          -35.016
    8 (occ)     1         -28.109           5.998         -43.814         -31.145          -34.779
    9 (occ)     1          -3.100          -0.371          -6.535          -5.189           -4.816
   10 (vir)     1          -1.723          -0.862          -1.776          -4.187           -0.174
   11 (vir)     1          -0.711          -1.049          -1.572          -4.225            0.893
   12 (vir)     1          -0.711          -1.049          -1.571          -4.225            0.894
   13 (vir)     1          -0.151          -2.196          -1.578          -4.422            0.496
   14 (vir)     1           0.788          -2.358          -1.102          -4.019            1.347
   15 (vir)     1           0.788          -2.355          -1.101          -4.019            1.350
   16 (vir)     1           2.857          -3.133          -0.633          -3.782            2.873
   17 (vir)     1           2.885          -3.127          -0.636          -3.754            2.877
   18 (vir)     1           2.910          -3.543          -1.157          -4.495            2.705
   19 (vir)     1           3.586          -0.023          -1.519          -5.031            7.075
   20 (vir)     1           3.591          -3.467          -0.727          -4.064            3.461
   21 (vir)     1           3.591          -3.386          -0.726          -4.064            3.543
   22 (vir)     1           5.289           0.134          -0.706          -4.159            8.875
   23 (vir)     1           5.326           0.137          -0.705          -4.121            8.879
   24 (vir)     1           7.246           1.080          -2.461          -6.674           12.540
   25 (vir)     1           9.216          -0.378          -2.521          -7.340           13.658
   26 (vir)     1          10.073           0.515          -1.555          -6.117           15.150
   27 (vir)     1          10.073           0.515          -1.553          -6.117           15.152
   28 (vir)     1          19.159           0.621          -3.768         -10.179           26.191
   29 (vir)     1          78.174           0.026          -5.379         -15.033           87.854
   30 (vir)     1          79.565           0.031          -5.529         -15.541           89.607
   31 (vir)     1          86.858           0.314         -11.001         -28.092          104.263
   32 (vir)     1          86.858           0.321         -11.004         -28.092          104.268
   33 (vir)     1          88.890           0.326         -10.818         -27.956          106.354
   34 (vir)     1          88.890           0.337         -10.818         -27.956          106.366
   35 (vir)     1          90.419           0.415         -10.666         -27.759          107.926
   36 (vir)     1         113.790           0.493          -9.635         -27.443          132.092
 
