 
  kpoint:       1             coordinate:     0.0000    0.0000    0.0000                  spin:  1
 
    n           k   ϵ_nk^DFT (eV)     Σ^c_nk (eV)     Σ^x_nk (eV)    v_nk^xc (eV)   ϵ_nk^G0W0 (eV)
 
    1 (occ)     1         -20.784           7.031         -24.642         -15.287          -23.109
    2 (occ)     1         -19.380           6.430         -24.354         -15.513          -21.790
    3 (occ)     1         -19.359           6.445         -24.403         -15.509          -21.808
    4 (occ)     1         -17.242           5.500         -23.895         -15.782          -19.855
    5 (occ)     1         -16.277           4.821         -22.574         -15.125          -18.906
    6 (occ)     1         -13.934           3.839         -21.905         -15.338          -16.661
    7 (occ)     1         -13.889           3.818         -21.870         -15.316          -16.626
    8 (occ)     1         -12.461           3.041         -19.913         -14.047          -15.285
    9 (occ)     1         -11.150           2.580         -20.060         -14.587          -14.043
   10 (occ)     1         -11.130           2.577         -20.030         -14.598          -13.985
   11 (occ)     1         -11.058           2.672         -21.451         -16.236          -13.601
   12 (occ)     1         -11.001           2.673         -20.239         -14.534          -14.033
   13 (occ)     1         -10.437           2.549         -19.473         -14.318          -13.044
   14 (occ)     1          -8.797           1.836         -19.787         -15.187          -11.560
   15 (occ)     1          -8.753           1.811         -19.666         -15.167          -11.440
   16 (occ)     1          -7.944           1.579         -19.271         -14.909          -10.728
   17 (occ)     1          -7.597           1.466         -17.412         -13.471          -10.072
   18 (occ)     1          -6.688           0.745         -16.506         -13.419           -9.030
   19 (occ)     1          -6.682           0.760         -16.514         -13.412           -9.025
   20 (occ)     1          -5.287           0.085         -15.630         -13.188           -7.644
   21 (vir)     1          -2.300          -2.417          -7.781         -12.870            0.372
   22 (vir)     1          -0.643          -2.383          -5.636         -10.377            1.715
   23 (vir)     1          -0.628          -2.372          -5.533         -10.265            1.733
   24 (vir)     1          -0.368          -0.933          -1.276          -3.628            1.051
   25 (vir)     1           0.116          -1.083          -1.774          -4.282            1.540
   26 (vir)     1           0.120          -1.110          -1.835          -4.389            1.565
   27 (vir)     1           0.312          -0.742          -0.826          -2.797            1.540
   28 (vir)     1           0.681          -1.146          -1.835          -4.397            2.097
   29 (vir)     1           0.912          -0.599          -0.527          -2.149            1.935
   30 (vir)     1           0.914          -0.721          -0.773          -2.659            2.079
   31 (vir)     1           0.915          -0.700          -0.740          -2.591            2.066
   32 (vir)     1           1.056          -2.940          -4.890         -10.130            3.355
   33 (vir)     1           1.083          -0.735          -0.802          -2.720            2.266
   34 (vir)     1           1.688          -0.721          -0.756          -2.640            2.852
   35 (vir)     1           1.760          -0.636          -0.642          -2.313            2.795
   36 (vir)     1           1.761          -0.636          -0.634          -2.306            2.798
   37 (vir)     1           1.865          -0.635          -0.530          -2.251            2.952
   38 (vir)     1           2.285          -0.630          -0.577          -2.361            3.439
   39 (vir)     1           2.355          -0.592          -0.626          -2.198            3.335
   40 (vir)     1           2.360          -0.592          -0.620          -2.198            3.345
   41 (vir)     1           2.987          -0.897          -1.269          -3.469            4.291
   42 (vir)     1           3.026          -0.819          -1.078          -3.022            4.151
   43 (vir)     1           3.052          -0.397          -0.245          -1.412            3.823
   44 (vir)     1           3.112          -0.960          -1.177          -3.394            4.369
   45 (vir)     1           3.120          -0.954          -1.151          -3.350            4.365
   46 (vir)     1           3.420          -0.861          -0.986          -3.115            4.689
   47 (vir)     1           3.426          -0.854          -0.972          -3.081            4.682
   48 (vir)     1           3.661          -0.502          -0.440          -1.811            4.531
   49 (vir)     1           3.772          -1.736          -3.141          -6.909            5.805
   50 (vir)     1           4.047          -1.323          -1.824          -4.752            5.652
   51 (vir)     1           4.067          -0.893          -1.046          -3.182            5.309
   52 (vir)     1           4.298          -1.287          -1.558          -4.299            5.751
   53 (vir)     1           4.353          -1.694          -2.286          -5.740            6.113
   54 (vir)     1           4.358          -1.679          -2.249          -5.703            6.133
   55 (vir)     1           4.632          -2.029          -3.784          -7.983            6.802
   56 (vir)     1           4.778          -1.754          -2.298          -5.802            6.529
   57 (vir)     1           4.800          -1.204          -1.597          -4.402            6.401
   58 (vir)     1           4.814          -1.188          -1.577          -4.353            6.401
   59 (vir)     1           5.587          -0.994          -1.013          -3.389            6.969
   60 (vir)     1           5.608          -0.994          -0.993          -3.357            6.979
   61 (vir)     1           5.821          -1.335          -1.416          -4.441            7.511
   62 (vir)     1           5.907          -1.333          -1.286          -4.286            7.573
   63 (vir)     1           6.311          -1.364          -1.147          -4.213            8.013
   64 (vir)     1           6.391          -1.018          -0.852          -3.422            7.943
   65 (vir)     1           6.579          -1.645          -2.006          -5.486            8.413
   66 (vir)     1           6.586          -1.640          -2.004          -5.483            8.424
   67 (vir)     1           6.656          -1.468          -1.383          -4.532            8.337
   68 (vir)     1           7.050          -1.399          -1.210          -4.267            8.708
   69 (vir)     1           7.055          -1.368          -1.182          -4.215            8.719
   70 (vir)     1           7.609          -1.475          -1.582          -4.876            9.428
   71 (vir)     1           7.705          -1.417          -1.449          -4.552            9.391
   72 (vir)     1           7.736          -1.384          -1.448          -4.536            9.440
   73 (vir)     1           8.190          -1.096          -0.889          -3.667            9.873
   74 (vir)     1           8.208          -1.850          -1.141          -4.663            9.880
   75 (vir)     1           8.365          -1.886          -1.871          -5.729           10.337
   76 (vir)     1           8.401          -1.890          -1.901          -5.736           10.346
   77 (vir)     1           8.526          -2.988          -3.252          -8.495           10.781
   78 (vir)     1           8.555          -3.051          -3.358          -8.676           10.822
   79 (vir)     1           8.913          -2.398          -1.407          -5.463           10.571
   80 (vir)     1           9.307          -2.208          -2.913          -7.379           11.565
   81 (vir)     1           9.334          -2.260          -2.156          -6.433           11.351
   82 (vir)     1           9.521          -2.768          -3.762          -8.887           11.878
   83 (vir)     1           9.662          -2.268          -2.553          -6.985           11.826
   84 (vir)     1           9.677          -1.611          -1.142          -4.677           11.601
   85 (vir)     1           9.694          -2.286          -2.529          -6.950           11.828
   86 (vir)     1          10.107          -1.990          -1.456          -5.273           11.934
   87 (vir)     1          10.144          -1.968          -1.455          -5.280           12.001
   88 (vir)     1          10.670          -3.835          -4.090         -10.256           13.000
   89 (vir)     1          11.195          -2.330          -2.022          -6.355           13.198
   90 (vir)     1          11.922          -1.668          -1.091          -4.353           13.517
   91 (vir)     1          11.939          -1.676          -1.064          -4.293           13.492
   92 (vir)     1          12.144          -2.932          -2.407          -7.312           14.117
   93 (vir)     1          12.196          -3.329          -1.731          -6.608           13.743
   94 (vir)     1          12.283          -1.907          -1.219          -4.944           14.101
   95 (vir)     1          12.608          -2.640          -2.559          -7.436           14.843
   96 (vir)     1          12.651          -2.664          -2.599          -7.495           14.883
   97 (vir)     1          13.239          -2.738          -2.334          -7.160           15.327
   98 (vir)     1          13.272          -2.744          -2.322          -7.142           15.348
   99 (vir)     1          13.433          -3.706          -2.209          -7.632           15.150
  100 (vir)     1          13.956          -2.781          -2.057          -7.067           16.185
  101 (vir)     1          14.057          -3.595          -2.747          -8.624           16.339
  102 (vir)     1          14.534          -2.822          -2.062          -7.083           16.733
  103 (vir)     1          14.887          -3.244          -2.401          -7.835           17.076
  104 (vir)     1          15.267          -4.370          -3.432         -10.341           17.807
  105 (vir)     1          15.280          -4.406          -3.449         -10.348           17.773
  106 (vir)     1          15.394          -2.879          -1.709          -6.692           17.497
  107 (vir)     1          15.646          -2.566          -1.603          -6.369           17.847
  108 (vir)     1          16.091          -5.253          -3.972         -11.945           18.812
  109 (vir)     1          16.153          -4.185          -2.795          -9.362           18.535
  110 (vir)     1          16.170          -4.138          -2.808          -9.348           18.572
  111 (vir)     1          16.283          -3.226          -1.901          -7.307           18.462
  112 (vir)     1          16.653          -3.480          -2.589          -8.467           19.050
  113 (vir)     1          17.035          -3.306          -1.561          -6.894           19.062
  114 (vir)     1          17.065          -3.330          -1.608          -6.910           19.038
  115 (vir)     1          18.007          -3.253          -1.522          -6.451           19.683
  116 (vir)     1          18.196          -2.462          -1.469          -5.863           20.127
  117 (vir)     1          18.363          -3.527          -2.168          -7.978           20.645
  118 (vir)     1          18.383          -3.443          -1.961          -7.630           20.608
  119 (vir)     1          18.414          -3.423          -2.075          -7.781           20.697
  120 (vir)     1          18.655          -4.368          -3.029          -9.840           21.098
  121 (vir)     1          19.050          -3.438          -2.072          -7.647           21.188
  122 (vir)     1          19.121          -3.465          -2.059          -7.548           21.146
  123 (vir)     1          19.560          -3.514          -1.629          -7.030           21.447
  124 (vir)     1          19.591          -3.626          -1.623          -7.070           21.412
  125 (vir)     1          19.831          -3.155          -1.264          -6.618           22.030
  126 (vir)     1          21.202          -3.667          -1.833          -7.687           23.390
  127 (vir)     1          21.389          -2.989          -1.502          -6.771           23.668
  128 (vir)     1          21.441          -3.568          -1.983          -7.859           23.749
  129 (vir)     1          21.459          -3.533          -1.949          -7.752           23.729
  130 (vir)     1          21.616          -4.466          -1.595          -7.812           23.366
  131 (vir)     1          22.430          -3.470          -1.577          -7.142           24.526
  132 (vir)     1          22.481          -4.231          -1.566          -7.466           24.150
  133 (vir)     1          22.522          -4.141          -1.485          -7.367           24.262
  134 (vir)     1          22.790          -3.609          -1.498          -7.092           24.776
  135 (vir)     1          22.830          -3.613          -1.464          -7.086           24.838
  136 (vir)     1          23.103          -3.635          -1.220          -6.758           25.006
  137 (vir)     1          23.513          -4.361          -2.062          -8.195           25.285
  138 (vir)     1          24.073          -3.952          -1.402          -7.325           26.044
  139 (vir)     1          24.106          -3.965          -1.392          -7.393           26.143
  140 (vir)     1          24.205          -5.023          -1.383          -7.889           25.688
  141 (vir)     1          24.971          -4.121          -1.849          -7.771           26.773
  142 (vir)     1          25.031          -4.116          -1.806          -7.791           26.899
  143 (vir)     1          26.062          -4.019          -2.159          -8.447           28.330
  144 (vir)     1          26.543          -5.115          -2.178          -9.475           28.726
  145 (vir)     1          26.680          -5.332          -1.701          -7.927           27.574
  146 (vir)     1          26.757          -4.891          -1.543          -7.628           27.951
  147 (vir)     1          27.575          -4.392          -1.693          -7.652           29.142
  148 (vir)     1          27.984          -5.601          -2.534          -9.844           29.694
  149 (vir)     1          28.295          -4.979          -1.868          -8.412           29.860
  150 (vir)     1          28.333          -4.894          -1.793          -8.347           29.993
  151 (vir)     1          29.687          -5.601          -1.796          -8.457           30.747
  152 (vir)     1          29.774          -5.710          -1.837          -8.475           30.703
  153 (vir)     1          29.885          -4.479          -1.051          -6.660           31.015
  154 (vir)     1          29.993          -4.481          -1.573          -7.594           31.533
  155 (vir)     1          30.026          -4.690          -1.995          -8.413           31.753
  156 (vir)     1          30.083          -4.459          -1.570          -7.717           31.771
  157 (vir)     1          30.293          -4.697          -1.461          -7.503           31.638
  158 (vir)     1          31.957          -5.808          -1.796          -8.751           33.103
  159 (vir)     1          32.038          -5.780          -1.723          -8.426           32.961
  160 (vir)     1          32.060          -6.059          -1.561          -8.259           32.698
  161 (vir)     1          32.518          -5.041          -1.701          -8.022           33.799
  162 (vir)     1          32.597          -5.062          -1.709          -8.045           33.871
  163 (vir)     1          34.106          -7.230          -2.063          -9.712           34.524
  164 (vir)     1          34.215          -7.253          -2.054          -9.756           34.665
  165 (vir)     1          34.687          -5.905          -1.736          -8.722           35.769
  166 (vir)     1          34.796          -7.432          -2.138          -9.928           35.154
  167 (vir)     1          35.984          -5.395          -1.884          -8.790           37.495
  168 (vir)     1          36.459          -6.495          -2.004          -9.110           37.070
  169 (vir)     1          36.627          -7.336          -2.191          -9.670           36.770
  170 (vir)     1          36.653          -5.869          -2.391         -10.229           38.622
  171 (vir)     1          37.753          -5.860          -1.460          -8.204           38.637
  172 (vir)     1          37.856          -6.247          -1.531          -8.228           38.306
  173 (vir)     1          38.326          -7.717          -1.663          -9.194           38.139
  174 (vir)     1          38.505          -7.124          -1.512          -8.204           38.073
  175 (vir)     1          38.573          -6.937          -1.555          -8.244           38.325
  176 (vir)     1          39.280          -6.340          -1.378          -8.119           39.681
  177 (vir)     1          40.164          -6.447          -1.038          -7.119           39.798
  178 (vir)     1          41.251          -8.280          -1.977          -9.577           40.571
  179 (vir)     1          41.332          -8.375          -1.789          -9.767           40.935
  180 (vir)     1          42.356          -9.866          -2.688         -11.969           41.771
  181 (vir)     1          42.758          -9.695          -2.628         -11.225           41.659
  182 (vir)     1          43.665          -9.464          -2.376         -11.028           42.854
  183 (vir)     1          44.874          -9.734          -2.439         -11.340           44.041
  184 (vir)     1          44.960          -9.718          -2.376         -11.387           44.252
  185 (vir)     1          45.945          -9.732          -2.233         -11.057           45.036
  186 (vir)     1          46.063          -9.519          -2.035         -10.357           44.865
  187 (vir)     1          46.079          -9.722          -2.135         -10.391           44.612
  188 (vir)     1          46.135         -11.448          -2.259         -11.271           43.699
  189 (vir)     1          47.598          -9.971          -1.410          -8.620           44.837
  190 (vir)     1          48.334         -11.439          -2.231         -11.094           45.759
  191 (vir)     1          48.356         -11.236          -2.069         -11.043           46.093
  192 (vir)     1          48.690         -12.339          -2.110         -11.349           45.590
  193 (vir)     1          48.905         -11.631          -2.426         -12.058           46.905
  194 (vir)     1          50.540          -9.593          -2.122         -11.054           49.878
  195 (vir)     1          50.685         -11.544          -1.936         -11.086           48.290
  196 (vir)     1          51.314         -10.614          -2.814         -12.934           50.820
  197 (vir)     1          51.545         -11.113          -2.555         -12.609           50.487
  198 (vir)     1          51.644         -10.994          -2.431         -12.557           50.777
  199 (vir)     1          53.718         -10.387          -2.570         -12.547           53.309
  200 (vir)     1          53.791         -11.180          -2.612         -12.547           52.546
  201 (vir)     1          54.743         -11.730          -2.037         -11.242           52.219
  202 (vir)     1          55.853          -7.040          -2.415         -12.793           59.191
  203 (vir)     1          56.578         -10.770          -2.275         -12.085           55.617
  204 (vir)     1          56.659         -11.351          -2.263         -12.081           55.125
  205 (vir)     1          57.953          -4.069          -2.165         -12.729           64.448
  206 (vir)     1          58.565           4.409          -1.877         -11.524           72.622
  207 (vir)     1          58.661           5.106          -1.770         -11.464           73.461
  208 (vir)     1          58.914           7.754          -2.400         -12.891           77.160
  209 (vir)     1          59.388           4.553          -2.811         -13.862           74.992
  210 (vir)     1          59.529          -8.535          -1.715         -11.183           60.463
  211 (vir)     1          59.620         -11.183          -1.715         -11.228           57.950
  212 (vir)     1          61.278           8.003          -2.228         -12.682           79.735
  213 (vir)     1          61.632           5.645          -2.091         -12.240           77.426
  214 (vir)     1          62.652           4.680          -2.181         -12.517           77.668
  215 (vir)     1          62.717           4.902          -2.239         -12.710           78.089
  216 (vir)     1          62.793           0.913          -2.425         -13.172           74.452
  217 (vir)     1          63.235           5.397          -2.065         -12.641           79.207
  218 (vir)     1          63.942           4.688          -1.858         -12.363           79.136
  219 (vir)     1          64.493           1.780          -2.221         -12.186           76.238
  220 (vir)     1          64.555           5.863          -2.056         -12.144           80.505
  221 (vir)     1          66.287           5.454          -2.363         -13.545           82.923
  222 (vir)     1          66.696           5.816          -2.137         -13.262           83.637
  223 (vir)     1          66.739           6.134          -2.029         -13.264           84.108
  224 (vir)     1          67.251           4.368          -2.079         -12.954           82.493
  225 (vir)     1          67.339           5.227          -1.739         -12.015           82.842
  226 (vir)     1          67.499           5.185          -1.748         -11.877           82.813
  227 (vir)     1          69.277           5.201          -2.122         -13.721           86.077
  228 (vir)     1          70.018           4.827          -1.607         -11.777           85.015
  229 (vir)     1          70.243           6.092          -1.987         -13.506           87.854
  230 (vir)     1          70.274           6.977          -1.901         -13.609           88.959
  231 (vir)     1          70.304           7.263          -1.990         -13.638           89.215
  232 (vir)     1          70.523           6.447          -2.312         -13.989           88.646
  233 (vir)     1          70.609           5.511          -2.242         -13.971           87.849
  234 (vir)     1          71.850           7.546          -1.771         -12.920           90.546
  235 (vir)     1          72.295           4.180          -1.566         -11.728           86.637
  236 (vir)     1          72.668           5.691          -2.013         -12.753           89.099
  237 (vir)     1          73.149           5.543          -1.664         -12.339           89.367
  238 (vir)     1          73.224           5.717          -1.746         -12.332           89.527
  239 (vir)     1          73.683           4.775          -1.748         -12.709           89.419
  240 (vir)     1          74.232           7.713          -1.660         -12.990           93.276
  241 (vir)     1          74.846           5.114          -1.711         -12.788           91.036
  242 (vir)     1          74.898           4.781          -1.795         -12.840           90.724
  243 (vir)     1          74.968           6.968          -1.719         -13.148           93.366
  244 (vir)     1          75.002           6.094          -1.913         -12.891           92.075
  245 (vir)     1          75.040           7.163          -1.684         -13.158           93.676
  246 (vir)     1          76.303           4.505          -1.797         -12.781           91.792
  247 (vir)     1          76.955           5.340          -1.845         -13.054           93.505
  248 (vir)     1          77.038           6.310          -2.018         -13.302           94.631
  249 (vir)     1          78.682           5.330          -2.154         -14.296           96.154
  250 (vir)     1          78.733           5.596          -2.297         -14.744           96.776
  251 (vir)     1          78.841           5.380          -1.861         -13.724           96.083
  252 (vir)     1          80.498           5.538          -1.906         -13.288           97.418
  253 (vir)     1          80.657           5.099          -1.864         -13.217           97.108
  254 (vir)     1          82.086           4.441          -1.812         -13.163           97.878
  255 (vir)     1          82.260           4.275          -1.744         -13.114           97.905
  256 (vir)     1          82.891           6.220          -1.869         -14.187          101.429
  257 (vir)     1          83.404           5.820          -1.902         -13.898          101.221
  258 (vir)     1          86.968           4.556          -1.524         -13.534          103.534
  259 (vir)     1          87.815           4.095          -2.084         -14.365          104.192
  260 (vir)     1          88.149           4.362          -2.027         -13.535          104.019
  261 (vir)     1          88.226           5.217          -1.916         -12.602          104.129
  262 (vir)     1          88.524           4.367          -2.109         -14.106          104.890
  263 (vir)     1          88.684           4.830          -2.149         -14.166          105.531
  264 (vir)     1          90.382           3.659          -1.739         -13.022          105.325
  265 (vir)     1          90.609           3.274          -1.514         -13.063          105.432
  266 (vir)     1          91.753           4.319          -2.274         -15.133          108.930
  267 (vir)     1          92.782           2.852          -1.428         -12.415          106.621
  268 (vir)     1          93.013           3.118          -1.558         -12.432          107.005
  269 (vir)     1          94.293           3.268          -1.660         -13.025          108.926
  270 (vir)     1          94.523           2.912          -1.667         -13.012          108.781
  271 (vir)     1          97.713           4.307          -2.231         -14.730          114.519
  272 (vir)     1          97.811           3.923          -2.082         -14.725          114.377
  273 (vir)     1          99.990           4.400          -2.017         -14.965          117.338
  274 (vir)     1         101.164           3.469          -1.894         -13.679          116.419
  275 (vir)     1         101.360           4.044          -1.892         -14.064          117.575
  276 (vir)     1         101.395           3.661          -1.918         -14.111          117.249
  277 (vir)     1         103.471           4.616          -2.297         -15.362          121.152
  278 (vir)     1         105.136           3.137          -1.768         -13.876          120.381
  279 (vir)     1         105.756           3.385          -1.823         -14.388          121.706
  280 (vir)     1         105.964           3.736          -1.832         -14.336          122.204
  281 (vir)     1         116.469           3.527          -1.962         -14.293          132.326
  282 (vir)     1         116.764           2.917          -2.012         -14.314          131.983
  283 (vir)     1         117.844           3.366          -1.860         -14.540          133.890
  284 (vir)     1         117.945           3.437          -1.780         -14.514          134.117
  285 (vir)     1         127.074           2.348          -1.850         -14.739          142.311
  286 (vir)     1         132.199           2.069          -1.564         -13.211          145.915
  287 (vir)     1         135.310           2.401          -2.104         -15.365          150.973
  288 (vir)     1         153.625           2.502          -1.622         -15.999          170.504
  289 (vir)     1         161.598           2.617          -1.608         -16.014          178.621
  290 (vir)     1         161.636           2.519          -1.603         -16.013          178.565
  291 (vir)     1         161.856           2.556          -1.589         -15.982          178.805
  292 (vir)     1         165.320           2.552          -1.510         -15.771          182.132
  293 (vir)     1         165.398           2.709          -1.510         -15.770          182.366
  294 (vir)     1         165.433           2.385          -1.476         -15.767          182.109
  295 (vir)     1         167.157           2.286          -1.473         -15.751          183.721
  296 (vir)     1         171.708           1.413          -2.026         -15.120          186.214
  297 (vir)     1         206.554           1.120          -0.873         -12.439          219.240
  298 (vir)     1         237.329           1.084          -0.881         -13.351          250.883
  299 (vir)     1         239.113           0.957          -0.919         -13.272          252.423
  300 (vir)     1         239.174           0.869          -0.835         -13.273          252.482
  301 (vir)     1         244.837           1.012          -0.955         -13.583          258.477
  302 (vir)     1         244.871           1.080          -0.834         -13.585          258.702
  303 (vir)     1         246.691           0.974          -0.905         -13.553          260.313
  304 (vir)     1         247.036           1.062          -0.945         -13.601          260.754
 
