 
  kpoint:       1             coordinate:     0.0000    0.0000    0.0000                  spin:  1
 
    n           k   ϵ_nk^DFT (eV)     Σ^c_nk (eV)     Σ^x_nk (eV)    v_nk^xc (eV)   ϵ_nk^G0W0 (eV)
 
    1 (occ)     1         -28.330          -4.221         -32.123         -19.914          -44.760
    2 (occ)     1         -22.757           8.290         -31.045         -20.194          -25.317
    3 (occ)     1         -13.045           1.780         -24.463         -18.825          -16.903
    4 (occ)     1         -12.347           3.435         -25.863         -18.322          -16.453
    5 (occ)     1         -10.373           2.599         -25.458         -18.848          -14.384
    6 (occ)     1          -7.830           2.607         -26.213         -19.376          -12.060
    7 (occ)     1          -6.432           2.634         -26.730         -19.843          -10.685
    8 (vir)     1          -1.550          -2.746         -11.524         -18.699            2.878
    9 (vir)     1          -0.056          -0.412          -1.168          -3.369            1.734
   10 (vir)     1           2.119          -1.264          -3.609          -8.032            5.279
   11 (vir)     1           3.538          -0.933          -2.799          -6.465            6.271
   12 (vir)     1           3.811          -0.260          -0.759          -2.179            4.971
   13 (vir)     1           6.145          -0.368          -1.111          -3.876            8.541
   14 (vir)     1           6.449          -0.216          -0.373          -2.221            8.082
   15 (vir)     1           6.832          -0.826          -1.325          -5.032            9.713
   16 (vir)     1           7.460          -0.658          -1.649          -5.376           10.529
   17 (vir)     1           8.733          -1.466          -3.198          -8.158           12.227
   18 (vir)     1           9.046          -0.880          -2.674          -6.531           12.023
   19 (vir)     1          13.780          -2.129          -2.770          -8.578           17.459
   20 (vir)     1          14.346          -2.549          -4.529         -11.127           18.396
   21 (vir)     1          15.238          -2.461          -4.203         -10.700           19.273
   22 (vir)     1          16.943          -2.233          -3.755          -9.938           20.893
   23 (vir)     1          18.932          -3.387          -4.500         -11.760           22.804
   24 (vir)     1          20.842          -2.508          -3.136          -9.533           24.731
   25 (vir)     1          24.384          -2.769          -3.460         -10.114           28.269
   26 (vir)     1          25.131          -3.039          -3.424         -10.505           29.173
   27 (vir)     1          27.230          -2.688          -3.696         -10.702           31.547
   28 (vir)     1          30.882          -1.278          -5.421         -13.401           37.584
   29 (vir)     1          32.211          -1.582          -4.688         -12.444           38.386
   30 (vir)     1          34.103          -1.049          -4.111         -11.493           40.436
   31 (vir)     1          34.784          -2.103          -3.128         -10.117           39.670
   32 (vir)     1          36.334           2.419          -4.660         -13.332           47.426
   33 (vir)     1          40.186           2.184          -3.768         -11.995           50.597
   34 (vir)     1          45.066           1.966          -4.479         -13.531           56.085
   35 (vir)     1          48.560           2.998          -5.832         -16.702           62.428
   36 (vir)     1          49.130           1.423          -3.813         -12.395           59.135
   37 (vir)     1          50.327           1.998          -3.843         -13.207           61.689
   38 (vir)     1          55.721           1.883          -4.427         -14.456           67.634
   39 (vir)     1          58.063           1.713          -4.638         -15.123           70.261
   40 (vir)     1          59.892           3.126          -3.936         -14.373           73.455
   41 (vir)     1          59.985           2.026          -4.413         -14.853           72.451
   42 (vir)     1          70.186           2.293          -3.739         -14.653           83.393
   43 (vir)     1          80.234           3.870          -3.105         -13.208           94.207
   44 (vir)     1         108.476           3.791          -3.290         -17.382          126.358
   45 (vir)     1         110.305           3.598          -3.056         -16.742          127.589
   46 (vir)     1         113.767           4.201          -3.077         -17.351          132.242
   47 (vir)     1         120.906           2.886          -3.570         -18.466          138.688
   48 (vir)     1         122.611           2.394          -3.758         -18.823          140.071
   49 (vir)     1         128.133           3.648          -3.017         -17.942          146.706
   50 (vir)     1         144.164           3.026          -2.981         -18.688          162.897
   51 (vir)     1         145.183           3.153          -2.813         -18.449          163.973
   52 (vir)     1         170.234           1.870          -5.185         -23.084          190.004
   53 (vir)     1         173.629           1.430          -5.346         -23.331          193.044
   54 (vir)     1         173.884           1.497          -5.680         -23.629          193.331
   55 (vir)     1         174.949           1.582          -5.369         -23.367          194.530
   56 (vir)     1         176.137           1.554          -5.532         -23.519          195.679
   57 (vir)     1         179.647           1.337          -5.508         -23.450          198.926
   58 (vir)     1         180.591           1.519          -5.143         -23.129          200.096
   59 (vir)     1         182.037           1.343          -4.851         -22.823          201.352
   60 (vir)     1         183.579           1.560          -4.663         -22.655          203.130
   61 (vir)     1         191.879           1.711          -4.397         -22.561          211.755
   62 (vir)     1         208.582           1.479          -2.901         -18.278          225.438
   63 (vir)     1         209.819           1.163          -3.386         -19.603          227.199
   64 (vir)     1         211.032           1.165          -3.356         -19.661          228.502
   65 (vir)     1         216.071           1.038          -3.254         -20.071          233.927
   66 (vir)     1         216.751           1.071          -3.197         -20.051          234.676
   67 (vir)     1         224.286           0.945          -2.984         -19.765          242.013
   68 (vir)     1         225.427           1.104          -2.927         -19.863          243.467
   69 (vir)     1         230.773           0.890          -3.416         -21.496          249.744
   70 (vir)     1         232.391           1.063          -3.305         -21.503          251.652
   71 (vir)     1         234.239           1.048          -3.308         -21.240          253.220
   72 (vir)     1         237.327           1.428          -2.665         -19.112          255.202
   73 (vir)     1         238.312           0.918          -3.397         -21.551          257.385
   74 (vir)     1         238.571           0.919          -3.377         -21.327          257.440
   75 (vir)     1         242.784           1.050          -3.903         -22.588          262.518
   76 (vir)     1         243.184           1.028          -3.889         -22.557          262.880
 
