 
  kpoint:       1             coordinate:     0.0000    0.0000    0.0000                  spin:  1
 
    n           k   ϵ_nk^DFT (eV)     Σ^c_nk (eV)     Σ^x_nk (eV)    v_nk^xc (eV)   ϵ_nk^G0W0 (eV)
 
    1 (occ)     1         -22.775           7.749         -27.081         -16.775          -25.332
    2 (occ)     1         -20.776           7.149         -25.475         -15.831          -23.272
    3 (occ)     1         -18.372           6.139         -24.395         -15.539          -21.089
    4 (occ)     1         -17.925           5.838         -24.598         -15.933          -20.751
    5 (occ)     1         -15.071           4.245         -22.596         -15.354          -18.069
    6 (occ)     1         -14.648           4.070         -22.787         -15.694          -17.670
    7 (occ)     1         -12.900           2.985         -20.966         -14.988          -15.893
    8 (occ)     1         -12.566           2.749         -22.064         -15.985          -15.896
    9 (occ)     1         -11.507           2.717         -21.187         -15.278          -14.700
   10 (occ)     1         -10.500           2.435         -21.556         -16.255          -13.366
   11 (occ)     1         -10.445           2.318         -20.742         -15.357          -13.512
   12 (occ)     1         -10.122           2.209         -20.435         -15.141          -13.207
   13 (occ)     1          -9.327           2.888         -18.106         -13.330          -11.215
   14 (occ)     1          -8.468           1.788         -20.360         -15.623          -11.418
   15 (occ)     1          -8.184           1.635         -20.140         -15.484          -11.205
   16 (occ)     1          -7.439           2.113         -18.328         -14.070           -9.584
   17 (occ)     1          -6.175           0.460         -15.749         -13.065           -8.399
   18 (occ)     1          -5.012           0.667         -17.393         -14.451           -7.288
   19 (vir)     1          -1.094          -2.292          -7.461         -12.293            1.446
   20 (vir)     1          -0.707          -2.067          -6.685         -11.103            1.643
   21 (vir)     1          -0.430          -1.072          -2.215          -4.924            1.207
   22 (vir)     1          -0.089          -0.845          -1.271          -3.533            1.328
   23 (vir)     1           0.051          -0.712          -1.012          -2.994            1.321
   24 (vir)     1           0.641          -0.724          -0.966          -2.942            1.893
   25 (vir)     1           0.716          -0.671          -0.888          -2.764            1.921
   26 (vir)     1           0.779          -0.632          -0.848          -2.605            1.903
   27 (vir)     1           1.060          -0.709          -0.825          -2.821            2.347
   28 (vir)     1           1.342          -0.588          -0.714          -2.386            2.425
   29 (vir)     1           1.426          -0.543          -0.532          -2.123            2.474
   30 (vir)     1           1.520          -0.717          -0.872          -2.837            2.768
   31 (vir)     1           1.610          -0.652          -0.717          -2.555            2.795
   32 (vir)     1           2.309          -0.607          -0.705          -2.377            3.373
   33 (vir)     1           2.399          -0.540          -0.537          -2.115            3.438
   34 (vir)     1           2.439          -0.531          -0.584          -2.076            3.400
   35 (vir)     1           2.497          -0.874          -1.114          -3.282            3.791
   36 (vir)     1           2.797          -0.440          -0.319          -1.793            3.831
   37 (vir)     1           2.922          -3.016          -3.688          -8.251            4.469
   38 (vir)     1           2.968          -0.551          -0.555          -2.184            4.045
   39 (vir)     1           3.035          -1.542          -2.626          -5.731            4.599
   40 (vir)     1           3.125          -0.472          -0.319          -1.777            4.111
   41 (vir)     1           3.197          -1.084          -1.721          -4.252            4.644
   42 (vir)     1           3.270          -0.904          -1.207          -3.337            4.496
   43 (vir)     1           3.693          -1.085          -1.681          -4.201            5.127
   44 (vir)     1           3.944          -1.110          -1.613          -4.114            5.335
   45 (vir)     1           3.979          -0.693          -0.832          -2.770            5.224
   46 (vir)     1           4.051          -1.437          -1.687          -4.264            5.191
   47 (vir)     1           4.147          -1.152          -1.591          -4.204            5.607
   48 (vir)     1           4.685          -0.811          -1.023          -3.231            6.081
   49 (vir)     1           4.809          -1.488          -2.358          -5.614            6.576
   50 (vir)     1           4.855          -1.175          -1.855          -4.629            6.454
   51 (vir)     1           5.235          -1.012          -1.109          -3.650            6.765
   52 (vir)     1           5.240          -0.682          -0.657          -2.614            6.514
   53 (vir)     1           5.320          -1.792          -2.542          -6.228            7.214
   54 (vir)     1           5.643          -1.389          -1.998          -5.068            7.324
   55 (vir)     1           5.672          -1.166          -1.474          -4.169            7.202
   56 (vir)     1           5.879          -1.426          -1.624          -4.782            7.612
   57 (vir)     1           5.973          -1.434          -1.871          -5.145            7.813
   58 (vir)     1           6.279          -1.429          -1.710          -4.902            8.042
   59 (vir)     1           6.506          -1.527          -2.141          -5.599            8.436
   60 (vir)     1           6.626          -1.372          -1.229          -4.280            8.305
   61 (vir)     1           6.696          -2.203          -3.866          -8.318            8.944
   62 (vir)     1           6.902          -1.605          -1.856          -5.241            8.682
   63 (vir)     1           7.605          -1.603          -1.307          -4.610            9.305
   64 (vir)     1           7.755          -1.777          -1.916          -5.567            9.629
   65 (vir)     1           7.861          -2.638          -4.277          -9.483           10.429
   66 (vir)     1           8.073          -1.947          -2.531          -6.538           10.132
   67 (vir)     1           8.091          -1.425          -2.096          -5.356            9.926
   68 (vir)     1           8.671          -1.624          -1.162          -4.543           10.428
   69 (vir)     1           8.715          -2.790          -4.058          -9.377           11.243
   70 (vir)     1           9.169          -2.110          -1.762          -5.722           11.020
   71 (vir)     1           9.372          -1.348          -0.818          -3.390           10.596
   72 (vir)     1           9.412          -2.430          -1.946          -5.951           10.987
   73 (vir)     1           9.453          -2.280          -2.400          -6.711           11.484
   74 (vir)     1           9.579          -1.768          -1.620          -5.300           11.492
   75 (vir)     1           9.660          -2.211          -1.658          -5.432           11.225
   76 (vir)     1          10.512          -1.704          -1.333          -4.873           12.348
   77 (vir)     1          10.558          -2.068          -2.293          -6.384           12.580
   78 (vir)     1          11.172          -2.066          -1.982          -6.073           13.197
   79 (vir)     1          11.381          -3.177          -3.287          -8.605           13.521
   80 (vir)     1          11.550          -1.467          -1.119          -4.204           13.168
   81 (vir)     1          12.114          -1.762          -2.121          -6.856           15.088
   82 (vir)     1          12.408          -2.675          -2.656          -7.490           14.567
   83 (vir)     1          12.568          -2.200          -2.239          -6.665           14.794
   84 (vir)     1          12.897          -2.956          -1.827          -6.476           14.590
   85 (vir)     1          13.349          -2.922          -2.793          -7.995           15.629
   86 (vir)     1          13.676          -2.339          -2.123          -6.611           15.825
   87 (vir)     1          14.357          -3.290          -2.582          -8.044           16.528
   88 (vir)     1          14.541          -4.296          -2.277          -7.848           15.817
   89 (vir)     1          14.604          -4.009          -1.606          -5.741           14.730
   90 (vir)     1          14.662          -3.993          -2.494          -8.251           16.427
   91 (vir)     1          14.962          -3.430          -2.769          -8.407           17.170
   92 (vir)     1          15.045          -3.381          -1.909          -7.039           16.794
   93 (vir)     1          15.127          -3.669          -3.064          -9.127           17.522
   94 (vir)     1          15.310          -3.409          -2.865          -8.655           17.692
   95 (vir)     1          15.384          -2.995          -2.012          -7.192           17.570
   96 (vir)     1          15.634          -3.881          -3.108          -9.336           17.981
   97 (vir)     1          15.764          -4.486          -3.668         -10.618           18.227
   98 (vir)     1          15.817          -4.595          -2.224          -8.040           17.038
   99 (vir)     1          16.035          -3.367          -1.911          -7.083           17.840
  100 (vir)     1          16.445          -2.904          -1.703          -6.690           18.527
  101 (vir)     1          16.775          -2.906          -2.246          -7.354           18.977
  102 (vir)     1          17.665          -3.781          -2.831          -9.006           20.059
  103 (vir)     1          18.421          -5.585          -4.086         -12.116           20.866
  104 (vir)     1          18.981          -2.969          -2.388          -7.667           21.290
  105 (vir)     1          19.400          -4.132          -2.372          -8.534           21.430
  106 (vir)     1          19.661          -3.172          -1.859          -7.256           21.887
  107 (vir)     1          19.737          -4.057          -2.581          -8.929           22.027
  108 (vir)     1          20.183          -3.038          -1.604          -6.731           22.272
  109 (vir)     1          20.368          -4.245          -2.335          -8.814           22.602
  110 (vir)     1          20.895          -4.082          -2.356          -8.568           23.026
  111 (vir)     1          21.061          -3.329          -1.927          -7.420           23.225
  112 (vir)     1          21.483          -3.374          -1.734          -7.111           23.485
  113 (vir)     1          21.613          -3.528          -2.043          -7.710           23.752
  114 (vir)     1          22.142          -3.567          -1.192          -6.505           23.888
  115 (vir)     1          22.331          -3.269          -1.548          -6.825           24.340
  116 (vir)     1          22.712          -2.036          -1.142          -6.454           25.989
  117 (vir)     1          22.805          -3.904          -1.864          -7.481           24.518
  118 (vir)     1          23.294          -0.678          -1.122          -6.436           27.930
  119 (vir)     1          23.581          -4.307          -1.387          -7.122           25.008
  120 (vir)     1          24.243          -2.703          -1.751          -7.670           27.459
  121 (vir)     1          24.922          -4.282          -1.998          -8.539           27.180
  122 (vir)     1          26.020          -4.112          -1.897          -8.012           28.022
  123 (vir)     1          26.464          -4.524          -2.059          -8.744           28.624
  124 (vir)     1          27.286          -4.394          -2.102          -8.367           29.157
  125 (vir)     1          27.341          -5.447          -1.882          -8.009           28.020
  126 (vir)     1          27.347          -3.872          -1.806          -7.614           29.283
  127 (vir)     1          28.003          -2.720          -2.376          -8.811           31.718
  128 (vir)     1          28.252          -4.273          -2.022          -7.979           29.937
  129 (vir)     1          28.299          -2.977          -1.915          -8.302           31.708
  130 (vir)     1          28.689          -2.529          -1.816          -7.825           32.169
  131 (vir)     1          28.996          -1.882          -1.785          -8.368           33.698
  132 (vir)     1          29.263          -5.913          -2.072          -8.360           29.639
  133 (vir)     1          30.057          -4.954          -2.041          -8.298           31.360
  134 (vir)     1          30.303          -4.708          -1.724          -7.808           31.679
  135 (vir)     1          30.468          -6.943          -1.773          -9.050           30.802
  136 (vir)     1          30.988          -6.348          -1.913          -8.368           31.094
  137 (vir)     1          31.415          -5.953          -2.242          -9.031           32.250
  138 (vir)     1          31.588          -7.188          -1.870          -8.956           31.487
  139 (vir)     1          32.517          -5.759          -2.033          -9.005           33.729
  140 (vir)     1          33.209           2.685          -2.274          -9.533           43.153
  141 (vir)     1          33.638          -6.574          -2.255          -9.216           34.024
  142 (vir)     1          34.371          -0.745          -2.480          -9.245           40.390
  143 (vir)     1          34.643          -8.126          -2.223          -9.423           33.717
  144 (vir)     1          34.777          -4.453          -1.254          -6.925           35.995
  145 (vir)     1          36.017          -5.618          -2.009          -8.662           37.052
  146 (vir)     1          37.394          -6.417          -1.961          -9.056           38.072
  147 (vir)     1          37.576          -7.136          -2.412          -9.992           38.021
  148 (vir)     1          38.011          -7.536          -2.447         -10.195           38.223
  149 (vir)     1          38.375          -7.398          -1.983          -9.345           38.339
  150 (vir)     1          38.666         -11.484          -3.298         -11.649           35.533
  151 (vir)     1          39.546          -6.646          -2.078          -9.250           40.072
  152 (vir)     1          39.961          -8.899          -2.872         -11.536           39.726
  153 (vir)     1          41.460          -9.975          -3.411         -12.685           40.759
  154 (vir)     1          42.208          -8.951          -2.856         -11.419           41.820
  155 (vir)     1          42.624          -8.961          -2.449         -10.218           41.432
  156 (vir)     1          43.775          -8.827          -2.122          -9.793           42.618
  157 (vir)     1          44.334         -10.860          -2.328         -10.018           41.164
  158 (vir)     1          45.366         -10.235          -2.584         -10.982           43.530
  159 (vir)     1          45.937           4.005          -2.692         -11.091           58.341
  160 (vir)     1          46.346         -10.117          -2.492         -10.960           44.697
  161 (vir)     1          47.607         -10.709          -3.136         -12.418           46.180
  162 (vir)     1          47.979          -9.647          -2.382         -10.997           46.947
  163 (vir)     1          48.593         -10.990          -2.189         -10.552           45.966
  164 (vir)     1          49.920           4.227          -3.210         -12.879           63.816
  165 (vir)     1          49.996          -4.711          -2.809         -12.399           54.876
  166 (vir)     1          50.465           4.340          -2.527         -11.254           63.533
  167 (vir)     1          50.815         -10.478          -2.955         -12.501           49.882
  168 (vir)     1          51.327          -2.994          -2.762         -11.844           57.416
  169 (vir)     1          51.668         -10.119          -2.901         -12.500           51.147
  170 (vir)     1          53.020           4.441          -2.457         -11.558           66.562
  171 (vir)     1          53.066           4.233          -2.445         -11.390           66.243
  172 (vir)     1          54.047           3.991          -2.392         -11.369           67.015
  173 (vir)     1          54.707           4.569          -2.437         -11.712           68.551
  174 (vir)     1          56.049         -12.649          -2.595         -12.178           52.983
  175 (vir)     1          57.005           4.249          -2.714         -12.382           70.922
  176 (vir)     1          57.310         -10.895          -2.816         -12.620           56.220
  177 (vir)     1          57.575           4.215          -2.752         -12.721           71.760
  178 (vir)     1          57.618           2.398          -2.511         -12.195           69.699
  179 (vir)     1          57.861           3.372          -2.688         -12.654           71.199
  180 (vir)     1          58.528         -12.415          -2.643         -12.102           55.572
  181 (vir)     1          59.033           3.902          -2.881         -13.115           73.169
  182 (vir)     1          60.343           2.898          -2.585         -12.529           73.185
  183 (vir)     1          60.396           4.344          -2.220         -11.673           74.194
  184 (vir)     1          61.472           4.021          -2.393         -12.422           75.522
  185 (vir)     1          62.025           4.208          -2.653         -12.701           76.280
  186 (vir)     1          62.814           4.747          -2.918         -13.650           78.294
  187 (vir)     1          63.482           0.792          -3.039         -14.336           75.570
  188 (vir)     1          63.502          -0.023          -3.052         -14.339           74.767
  189 (vir)     1          64.141           4.703          -2.655         -13.405           79.593
  190 (vir)     1          65.172           4.336          -2.652         -13.180           80.036
  191 (vir)     1          66.017           4.466          -2.686         -13.543           81.340
  192 (vir)     1          66.144           3.663          -2.473         -12.708           80.042
  193 (vir)     1          66.948           4.164          -2.134         -12.378           81.356
  194 (vir)     1          67.107           2.666          -2.471         -13.322           80.625
  195 (vir)     1          67.757           3.989          -2.480         -13.634           82.900
  196 (vir)     1          68.584           2.466          -2.139         -12.198           81.108
  197 (vir)     1          69.349           3.664          -2.334         -12.644           83.323
  198 (vir)     1          69.841           4.253          -2.625         -13.866           85.335
  199 (vir)     1          70.156           4.832          -2.309         -13.533           86.213
  200 (vir)     1          70.389           4.312          -2.599         -13.752           85.853
  201 (vir)     1          70.733           3.952          -2.186         -13.189           85.688
  202 (vir)     1          70.999           4.137          -2.398         -13.571           86.309
  203 (vir)     1          71.387           4.078          -2.203         -13.108           86.370
  204 (vir)     1          72.057           3.804          -2.251         -12.947           86.557
  205 (vir)     1          72.484           5.093          -1.958         -12.928           88.547
  206 (vir)     1          72.720           5.156          -2.197         -13.546           89.225
  207 (vir)     1          72.735           5.195          -2.186         -13.526           89.270
  208 (vir)     1          74.470           4.098          -2.307         -13.191           89.453
  209 (vir)     1          75.038           4.592          -1.833         -12.803           90.600
  210 (vir)     1          75.620           3.697          -2.134         -12.823           90.007
  211 (vir)     1          76.100           3.943          -2.289         -13.266           91.019
  212 (vir)     1          76.321           3.389          -2.193         -12.979           90.497
  213 (vir)     1          76.898           3.340          -2.097         -12.733           90.874
  214 (vir)     1          77.764           3.270          -2.194         -13.144           91.984
  215 (vir)     1          77.980           5.070          -1.970         -13.115           94.194
  216 (vir)     1          78.915           3.303          -2.250         -13.213           93.181
  217 (vir)     1          78.999           4.099          -2.595         -14.253           94.756
  218 (vir)     1          80.910           3.777          -2.583         -14.306           96.410
  219 (vir)     1          81.154           4.354          -2.337         -13.982           97.153
  220 (vir)     1          83.666           3.626          -2.382         -13.880           98.790
  221 (vir)     1          85.028           3.597          -2.391         -14.230          100.464
  222 (vir)     1          85.247           3.707          -2.352         -14.066          100.668
  223 (vir)     1          86.115           3.388          -2.252         -13.764          101.015
  224 (vir)     1          86.835           3.537          -2.241         -13.676          101.807
  225 (vir)     1          87.856           4.410          -2.321         -14.357          104.302
  226 (vir)     1          88.068           3.352          -2.204         -13.807          103.022
  227 (vir)     1          89.548           4.036          -2.841         -15.683          106.426
  228 (vir)     1          89.933           3.653          -2.319         -14.246          105.512
  229 (vir)     1          91.219           2.951          -2.553         -14.859          106.475
  230 (vir)     1          91.930           3.052          -2.326         -14.485          107.141
  231 (vir)     1          92.378           3.270          -2.476         -14.947          108.119
  232 (vir)     1          92.763           2.797          -2.251         -14.234          107.543
  233 (vir)     1          93.512           2.541          -1.946         -13.512          107.619
  234 (vir)     1          94.182           2.664          -2.115         -13.880          108.612
  235 (vir)     1          98.320           2.802          -2.520         -14.922          113.524
  236 (vir)     1         102.050           2.797          -2.194         -14.630          117.282
  237 (vir)     1         103.734           2.356          -1.789         -13.439          117.739
  238 (vir)     1         105.018           2.672          -1.963         -14.157          119.883
  239 (vir)     1         105.142           2.732          -2.052         -14.435          120.257
  240 (vir)     1         106.040           2.514          -2.189         -14.390          120.754
  241 (vir)     1         106.946           1.842          -1.814         -13.446          120.420
  242 (vir)     1         109.062           2.576          -2.159         -14.891          124.370
  243 (vir)     1         110.034           2.296          -1.924         -14.204          124.610
  244 (vir)     1         113.354           1.599          -1.525         -13.379          126.808
  245 (vir)     1         122.310           1.871          -1.956         -14.665          136.890
  246 (vir)     1         127.355           1.437          -2.013         -15.880          142.659
  247 (vir)     1         127.657           2.345          -2.516         -16.664          144.150
  248 (vir)     1         128.276           1.827          -1.894         -14.931          143.140
  249 (vir)     1         130.850           1.880          -1.821         -14.727          145.636
  250 (vir)     1         135.314           1.835          -1.957         -15.456          150.649
  251 (vir)     1         144.570           2.392          -2.435         -17.237          161.764
  252 (vir)     1         153.129           2.467          -1.827         -16.082          169.850
  253 (vir)     1         162.049           2.602          -1.696         -15.839          178.794
  254 (vir)     1         162.352           2.494          -1.704         -15.939          179.081
  255 (vir)     1         164.953           2.519          -1.641         -15.764          181.595
  256 (vir)     1         165.650           2.127          -1.583         -15.255          181.448
  257 (vir)     1         166.847           2.405          -1.616         -15.840          183.476
  258 (vir)     1         166.856           2.335          -1.593         -15.626          183.223
  259 (vir)     1         183.110           1.191          -1.387         -15.692          198.607
  260 (vir)     1         212.195           6.594          -1.099         -14.013          231.703
  261 (vir)     1         232.831           6.374          -1.390         -15.902          253.718
  262 (vir)     1         240.609          -2.457          -0.686         -13.371          250.837
  263 (vir)     1         241.235          11.380          -0.814         -13.740          265.542
  264 (vir)     1         244.133          -1.252          -0.727         -13.629          255.784
  265 (vir)     1         244.551           0.597          -0.711         -13.648          258.084
  266 (vir)     1         246.669           2.929          -0.697         -13.620          262.522
 
