 
  kpoint:       1             coordinate:     0.0000    0.0000    0.0000                  spin:  1
 
    n           k   ϵ_nk^DFT (eV)     Σ^c_nk (eV)     Σ^x_nk (eV)    v_nk^xc (eV)   ϵ_nk^G0W0 (eV)
 
    1 (occ)     1         -23.565           7.963         -27.419         -16.986          -26.035
    2 (occ)     1         -20.064           6.693         -25.320         -16.028          -22.663
    3 (occ)     1         -18.945           6.149         -24.583         -15.714          -21.665
    4 (occ)     1         -15.630           4.302         -23.288         -15.944          -18.673
    5 (occ)     1         -15.615           4.410         -23.051         -15.632          -18.625
    6 (occ)     1         -13.127           3.203         -20.725         -14.508          -16.141
    7 (occ)     1         -11.894           2.674         -22.286         -16.698          -14.809
    8 (occ)     1         -11.568           2.607         -20.753         -14.785          -14.929
    9 (occ)     1         -10.513           2.147         -20.430         -15.066          -13.730
   10 (occ)     1          -9.917           2.650         -18.184         -13.601          -11.849
   11 (occ)     1          -9.862           2.312         -20.817         -15.471          -12.897
   12 (occ)     1          -8.856           1.597         -20.554         -15.728          -12.086
   13 (occ)     1          -7.294           0.519         -16.825         -13.928           -9.672
   14 (occ)     1          -6.691           0.080         -15.569         -13.095           -9.085
   15 (occ)     1          -5.935           2.328         -21.572         -16.445           -8.733
   16 (vir)     1          -1.874          -2.312          -8.466         -13.488            0.836
   17 (vir)     1          -1.517          -2.408          -7.463         -12.614            1.226
   18 (vir)     1          -0.362          -0.804          -1.213          -3.495            1.117
   19 (vir)     1           0.060          -0.638          -0.868          -2.751            1.304
   20 (vir)     1           0.276          -0.603          -0.767          -2.564            1.471
   21 (vir)     1           0.621          -0.508          -0.471          -2.029            1.671
   22 (vir)     1           0.863          -0.624          -0.772          -2.614            2.081
   23 (vir)     1           0.923          -0.669          -0.912          -2.880            2.222
   24 (vir)     1           1.104          -0.628          -0.753          -2.653            2.375
   25 (vir)     1           1.365          -0.441          -0.382          -1.778            2.319
   26 (vir)     1           1.509          -0.616          -0.647          -2.314            2.560
   27 (vir)     1           1.926          -0.580          -0.733          -2.468            3.080
   28 (vir)     1           1.986          -0.438          -0.354          -1.792            2.985
   29 (vir)     1           2.145          -3.638          -4.615         -10.024            3.916
   30 (vir)     1           2.560          -0.365          -0.343          -1.503            3.355
   31 (vir)     1           2.725          -1.262          -1.412          -3.794            3.845
   32 (vir)     1           2.797          -0.394          -0.297          -1.735            3.842
   33 (vir)     1           2.839          -0.453          -0.440          -1.962            3.908
   34 (vir)     1           2.901          -0.893          -1.648          -3.926            4.286
   35 (vir)     1           3.176          -0.383          -0.219          -1.614            4.189
   36 (vir)     1           3.223          -1.048          -1.697          -4.264            4.742
   37 (vir)     1           3.501          -0.463          -0.471          -1.979            4.546
   38 (vir)     1           3.587          -1.044          -1.688          -4.239            5.095
   39 (vir)     1           3.673          -0.929          -1.324          -3.670            5.090
   40 (vir)     1           4.033          -0.776          -1.068          -3.312            5.500
   41 (vir)     1           4.402          -1.529          -2.401          -5.800            6.271
   42 (vir)     1           4.473          -1.278          -2.157          -5.116            6.154
   43 (vir)     1           4.894          -1.640          -2.593          -6.110            6.771
   44 (vir)     1           5.125          -0.776          -0.655          -2.603            6.297
   45 (vir)     1           5.511          -1.400          -2.289          -5.566            7.388
   46 (vir)     1           5.568          -1.310          -1.491          -4.644            7.411
   47 (vir)     1           5.666          -1.312          -1.687          -4.802            7.468
   48 (vir)     1           5.930          -1.083          -0.986          -3.567            7.428
   49 (vir)     1           6.224          -1.603          -2.777          -6.442            8.287
   50 (vir)     1           6.289          -1.861          -3.087          -7.225            8.566
   51 (vir)     1           6.533          -1.248          -1.902          -5.058            8.441
   52 (vir)     1           6.931          -1.343          -1.069          -4.130            8.650
   53 (vir)     1           7.314          -0.816          -0.514          -2.758            8.743
   54 (vir)     1           7.333          -2.040          -3.422          -7.831            9.702
   55 (vir)     1           7.338          -1.259          -1.933          -5.097            9.243
   56 (vir)     1           7.555          -0.471          -0.409          -2.151            8.827
   57 (vir)     1           8.097          -1.879          -1.456          -5.173            9.935
   58 (vir)     1           8.227          -1.136          -1.540          -4.441            9.991
   59 (vir)     1           8.348          -1.322          -0.812          -3.784            9.997
   60 (vir)     1           8.453          -1.601          -2.444          -6.037           10.445
   61 (vir)     1           8.791          -2.588          -1.286          -5.173           10.090
   62 (vir)     1           9.453          -2.561          -3.607          -8.648           11.933
   63 (vir)     1           9.516          -2.580          -2.747          -7.585           11.775
   64 (vir)     1           9.965          -2.669          -3.249          -8.298           12.345
   65 (vir)     1          10.491          -0.775          -1.021          -3.986           12.681
   66 (vir)     1          10.511          -0.802          -1.047          -4.052           12.713
   67 (vir)     1          10.817          -3.062          -3.416          -8.745           13.084
   68 (vir)     1          11.285          -1.241          -1.140          -3.950           12.854
   69 (vir)     1          11.496          -1.960          -1.997          -6.154           13.693
   70 (vir)     1          11.626          -1.264          -1.614          -5.673           14.422
   71 (vir)     1          11.828          -1.766          -2.004          -5.826           13.883
   72 (vir)     1          12.363          -1.973          -2.039          -6.164           14.516
   73 (vir)     1          12.961          -3.644          -1.839          -6.959           14.436
   74 (vir)     1          13.110          -2.605          -2.519          -7.386           15.372
   75 (vir)     1          13.210          -2.828          -2.677          -7.647           15.353
   76 (vir)     1          13.455          -2.239          -2.500          -7.151           15.867
   77 (vir)     1          14.423          -2.702          -2.470          -7.612           16.863
   78 (vir)     1          14.717          -1.731          -1.432          -6.496           18.049
   79 (vir)     1          14.721          -1.594          -1.480          -6.574           18.220
   80 (vir)     1          14.846          -3.927          -3.725         -10.356           17.549
   81 (vir)     1          15.132          -4.498          -4.160         -11.277           17.751
   82 (vir)     1          15.386          -2.427          -1.884          -6.704           17.779
   83 (vir)     1          15.660          -2.957          -2.378          -7.673           17.999
   84 (vir)     1          15.781          -3.932          -3.672         -10.245           18.422
   85 (vir)     1          16.132          -3.489          -1.710          -6.887           17.820
   86 (vir)     1          16.391          -2.728          -1.594          -6.910           18.979
   87 (vir)     1          16.705          -2.896          -1.924          -7.011           18.896
   88 (vir)     1          17.628          -5.361          -4.546         -12.686           20.407
   89 (vir)     1          17.710          -3.118          -2.716          -8.350           20.225
   90 (vir)     1          18.162          -3.242          -2.007          -7.453           20.366
   91 (vir)     1          18.567          -3.367          -2.488          -8.303           21.016
   92 (vir)     1          19.648          -3.286          -1.395          -6.685           21.652
   93 (vir)     1          20.318          -3.100          -1.638          -6.989           22.568
   94 (vir)     1          20.869          -3.285          -1.864          -7.395           23.115
   95 (vir)     1          20.912          -3.833          -1.885          -7.489           22.683
   96 (vir)     1          21.397          -1.344          -1.030          -5.978           25.000
   97 (vir)     1          21.820          -3.761          -2.013          -7.963           24.008
   98 (vir)     1          22.167          -4.272          -1.747          -7.507           23.655
   99 (vir)     1          22.545          -0.629          -0.864          -5.952           27.005
  100 (vir)     1          22.984          -3.477          -2.000          -7.790           25.298
  101 (vir)     1          23.559          -3.877          -1.439          -7.164           25.408
  102 (vir)     1          23.884          -2.228          -1.140          -6.508           27.023
  103 (vir)     1          23.925          -3.818          -2.231          -8.312           26.188
  104 (vir)     1          24.015          -3.701          -2.092          -8.012           26.234
  105 (vir)     1          24.334          -6.026          -1.409          -7.343           24.242
  106 (vir)     1          25.490          -3.995          -1.813          -7.979           27.660
  107 (vir)     1          26.707          -4.776          -2.594          -9.469           28.805
  108 (vir)     1          27.566          -3.459          -1.387          -6.701           29.421
  109 (vir)     1          27.859          -3.045          -2.505          -9.101           31.409
  110 (vir)     1          27.966          -3.901          -1.194          -6.341           29.212
  111 (vir)     1          28.769          -0.391          -2.296          -9.296           35.378
  112 (vir)     1          28.897          -3.911          -2.564          -9.744           32.165
  113 (vir)     1          29.026          -4.346          -1.850          -7.992           30.822
  114 (vir)     1          29.656          -4.579          -1.950          -8.209           31.336
  115 (vir)     1          30.026          -4.364          -2.047          -8.397           32.012
  116 (vir)     1          30.254          -4.976          -1.458          -7.387           31.206
  117 (vir)     1          30.422          -6.761          -2.371          -9.011           30.301
  118 (vir)     1          30.737          -0.131          -1.902          -8.242           36.945
  119 (vir)     1          31.380          -6.367          -1.944          -8.847           31.915
  120 (vir)     1          31.574          -5.826          -2.100          -8.855           32.502
  121 (vir)     1          34.847          -8.803          -2.366         -11.154           34.832
  122 (vir)     1          35.377           1.267          -2.929         -10.718           44.433
  123 (vir)     1          35.566          -7.641          -2.021          -9.089           34.993
  124 (vir)     1          35.659          -4.608          -1.496          -7.686           37.242
  125 (vir)     1          37.497          -6.803          -2.413          -9.338           37.619
  126 (vir)     1          38.120          -7.267          -1.832          -9.557           38.578
  127 (vir)     1          38.528          -6.425          -1.942          -9.113           39.274
  128 (vir)     1          38.870          -6.860          -3.311         -11.792           40.491
  129 (vir)     1          39.614          -3.798          -1.751          -8.675           42.739
  130 (vir)     1          41.081          -9.176          -3.132         -11.863           40.636
  131 (vir)     1          42.274          -8.278          -2.003          -9.323           41.316
  132 (vir)     1          42.803          -8.431          -2.595         -11.185           42.962
  133 (vir)     1          43.194         -10.427          -3.233         -12.577           42.112
  134 (vir)     1          43.593          -9.927          -2.297         -10.047           41.416
  135 (vir)     1          45.276           3.983          -2.800         -11.376           57.835
  136 (vir)     1          46.238           1.043          -2.705         -11.041           55.617
  137 (vir)     1          46.307           1.880          -2.914         -11.583           56.856
  138 (vir)     1          48.019          -9.029          -2.551         -10.969           47.409
  139 (vir)     1          48.650           3.907          -2.956         -11.600           61.201
  140 (vir)     1          48.764          -9.816          -3.074         -11.970           47.845
  141 (vir)     1          49.874         -11.403          -2.679         -11.714           47.506
  142 (vir)     1          50.951           3.550          -1.906         -10.165           62.760
  143 (vir)     1          52.122           2.665          -2.314         -11.136           63.609
  144 (vir)     1          52.890           4.212          -3.487         -13.473           67.088
  145 (vir)     1          54.535           5.124          -3.359         -13.075           69.375
  146 (vir)     1          54.591           1.985          -3.101         -12.947           66.422
  147 (vir)     1          55.213         -10.553          -3.104         -12.947           54.503
  148 (vir)     1          55.469          -9.858          -2.838         -12.815           55.588
  149 (vir)     1          55.923           3.191          -2.686         -12.329           68.756
  150 (vir)     1          58.244           2.123          -2.584         -12.238           70.021
  151 (vir)     1          58.265           1.904          -2.857         -12.892           70.204
  152 (vir)     1          59.105         -12.738          -2.092         -11.381           55.657
  153 (vir)     1          59.452           2.375          -2.973         -13.070           71.923
  154 (vir)     1          59.790           3.432          -3.101         -13.579           73.700
  155 (vir)     1          60.312           4.869          -2.417         -12.414           75.178
  156 (vir)     1          60.471          -0.084          -2.968         -13.609           71.028
  157 (vir)     1          61.125           2.675          -2.281         -11.832           73.351
  158 (vir)     1          63.206           3.350          -2.510         -12.784           76.828
  159 (vir)     1          63.510          -0.663          -2.590         -13.177           73.435
  160 (vir)     1          63.590           4.348          -2.050         -11.772           77.661
  161 (vir)     1          65.026           3.519          -2.612         -13.273           79.205
  162 (vir)     1          65.503           2.282          -2.646         -13.453           78.592
  163 (vir)     1          65.649          -1.715          -2.755         -12.990           74.169
  164 (vir)     1          66.048           4.448          -2.989         -14.232           81.738
  165 (vir)     1          67.667           3.770          -2.417         -12.916           81.936
  166 (vir)     1          68.149           3.450          -2.674         -13.985           82.910
  167 (vir)     1          68.889           2.095          -2.431         -13.744           82.296
  168 (vir)     1          69.438           4.629          -2.551         -13.539           85.055
  169 (vir)     1          69.807           3.568          -2.731         -13.865           84.508
  170 (vir)     1          70.039           4.478          -2.702         -13.748           85.564
  171 (vir)     1          71.150           4.336          -1.901         -12.638           86.223
  172 (vir)     1          71.449           3.490          -2.313         -13.259           85.885
  173 (vir)     1          71.889           4.311          -1.741         -12.195           86.653
  174 (vir)     1          71.975           3.897          -2.114         -13.193           86.950
  175 (vir)     1          72.807           4.654          -2.817         -13.927           88.571
  176 (vir)     1          74.746           3.931          -2.198         -13.543           90.022
  177 (vir)     1          75.163           3.421          -2.618         -13.899           89.865
  178 (vir)     1          75.687           3.742          -1.934         -12.889           90.384
  179 (vir)     1          76.230           3.259          -1.991         -12.188           89.686
  180 (vir)     1          77.109           3.536          -2.265         -13.045           91.426
  181 (vir)     1          77.671           3.802          -2.203         -13.494           92.764
  182 (vir)     1          78.901           3.630          -2.393         -13.556           93.694
  183 (vir)     1          79.012           4.445          -2.518         -14.477           95.416
  184 (vir)     1          80.527           3.592          -2.833         -14.512           95.797
  185 (vir)     1          82.126           3.620          -2.344         -13.732           97.135
  186 (vir)     1          83.370           4.497          -2.488         -14.668          100.047
  187 (vir)     1          84.970           3.734          -2.281         -13.992          100.415
  188 (vir)     1          85.469           1.192          -2.185         -13.334           97.810
  189 (vir)     1          85.568           3.384          -2.734         -14.754          100.972
  190 (vir)     1          86.795           2.569          -2.190         -13.602          100.776
  191 (vir)     1          88.372           2.747          -2.171         -13.498          102.446
  192 (vir)     1          89.729           3.680          -2.793         -16.035          106.651
  193 (vir)     1          89.929           2.784          -2.586         -14.812          104.939
  194 (vir)     1          91.533           3.005          -2.788         -15.424          107.175
  195 (vir)     1          92.027           2.678          -2.124         -13.577          106.158
  196 (vir)     1          92.041           1.706          -2.359         -14.517          105.905
  197 (vir)     1          95.786           2.984          -2.880         -15.767          111.657
  198 (vir)     1          95.820           1.685          -1.797         -13.147          108.856
  199 (vir)     1          99.236           3.028          -2.178         -14.215          114.301
  200 (vir)     1         100.660           2.872          -2.584         -15.405          116.354
  201 (vir)     1         103.071           2.602          -2.311         -14.760          118.121
  202 (vir)     1         106.933           2.982          -2.591         -15.931          123.255
  203 (vir)     1         109.544           3.158          -2.435         -15.589          125.857
  204 (vir)     1         109.738           2.480          -2.312         -15.012          124.917
  205 (vir)     1         119.455           2.318          -2.456         -16.194          135.510
  206 (vir)     1         126.267           1.864          -1.933         -14.793          140.991
  207 (vir)     1         127.834           1.557          -1.600         -13.848          141.638
  208 (vir)     1         130.520           2.408          -2.606         -17.080          147.403
  209 (vir)     1         153.766           2.699          -1.838         -16.164          170.792
  210 (vir)     1         162.580           2.943          -1.692         -15.921          179.752
  211 (vir)     1         163.430           2.888          -1.677         -15.898          180.539
  212 (vir)     1         166.037           2.808          -1.603         -15.762          183.003
  213 (vir)     1         166.123           2.780          -1.609         -15.830          183.123
  214 (vir)     1         209.817           5.781          -1.285         -14.040          228.353
  215 (vir)     1         229.439           5.616          -1.718         -16.050          249.387
  216 (vir)     1         241.486          -2.672          -0.886         -13.443          251.372
  217 (vir)     1         241.864          -1.242          -0.918         -13.579          253.283
  218 (vir)     1         243.687           0.298          -0.897         -13.606          256.694
  219 (vir)     1         244.246           2.190          -0.894         -13.625          259.167
 
