 
  kpoint:       1             coordinate:     0.0000    0.0000    0.0000                  spin:  1
 
    n           k   ϵ_nk^DFT (eV)     Σ^c_nk (eV)     Σ^x_nk (eV)    v_nk^xc (eV)   ϵ_nk^G0W0 (eV)
 
    1 (occ)     1         -81.017           8.543         -58.624         -35.032          -96.066
    2 (occ)     1         -47.802           5.047         -51.080         -35.998          -57.837
    3 (occ)     1         -47.802           5.048         -51.080         -35.998          -57.836
    4 (occ)     1         -47.591           5.913         -51.309         -36.020          -56.968
    5 (occ)     1         -27.066          10.185         -37.763         -23.369          -31.275
    6 (occ)     1         -26.927          10.149         -38.026         -23.642          -31.163
    7 (occ)     1          -9.283           4.263         -28.494         -20.828          -12.685
    8 (occ)     1          -8.742           4.235         -29.865         -22.179          -12.193
    9 (occ)     1          -8.372           4.188         -28.782         -21.042          -11.924
   10 (occ)     1          -8.372           4.188         -28.782         -21.042          -11.924
   11 (occ)     1          -8.293           4.253         -29.198         -21.409          -11.829
   12 (occ)     1          -8.293           4.253         -29.198         -21.409          -11.829
   13 (vir)     1          -2.605          -0.597          -3.252          -6.640            0.187
   14 (vir)     1          -0.399          -0.457          -2.358          -5.071            1.857
   15 (vir)     1          -0.399          -0.457          -2.358          -5.071            1.857
   16 (vir)     1           1.277          -0.454          -1.174          -3.868            3.516
   17 (vir)     1           2.522          -0.326          -1.374          -3.702            4.524
   18 (vir)     1           3.975          -0.890          -0.480          -3.680            6.285
   19 (vir)     1           4.027          -0.889          -0.481          -3.629            6.287
   20 (vir)     1           4.592          -0.659          -2.211          -5.863            7.584
   21 (vir)     1           4.592          -0.659          -2.212          -5.863            7.583
   22 (vir)     1           5.619          -0.384          -1.120          -3.462            7.577
   23 (vir)     1           6.204          -0.891          -3.254          -7.556            9.616
   24 (vir)     1           6.204          -0.891          -3.254          -7.556            9.616
   25 (vir)     1          10.034          -0.955          -2.944          -7.241           13.376
   26 (vir)     1          10.324          -1.488          -4.820         -10.331           14.346
   27 (vir)     1          13.126          -1.856          -3.668          -8.864           16.465
   28 (vir)     1          17.882          -2.492          -4.376         -10.809           21.823
   29 (vir)     1          17.882          -2.492          -4.376         -10.809           21.823
   30 (vir)     1          19.367          -1.914          -3.058          -9.037           23.432
   31 (vir)     1          19.367          -1.914          -3.058          -9.037           23.432
   32 (vir)     1          20.853          -1.720          -2.486          -8.316           24.963
   33 (vir)     1          20.855          -1.719          -2.486          -8.314           24.965
   34 (vir)     1          22.021          -2.333          -3.425          -9.642           25.905
   35 (vir)     1          22.873          -1.900          -3.059          -9.062           26.976
   36 (vir)     1          23.149          -1.578          -2.380          -8.100           27.290
   37 (vir)     1          23.153          -1.577          -2.380          -8.094           27.291
   38 (vir)     1          27.322          -3.644          -4.540         -11.669           30.808
   39 (vir)     1          28.217          -3.463          -3.031          -9.720           31.443
   40 (vir)     1          28.217          -3.465          -3.031          -9.720           31.441
   41 (vir)     1          31.971          -4.317          -4.239         -10.964           34.379
   42 (vir)     1          35.410          -4.936          -3.698         -11.324           38.100
   43 (vir)     1          35.410          -4.935          -3.699         -11.324           38.101
   44 (vir)     1          40.727          -5.707          -3.432         -11.488           43.077
   45 (vir)     1          44.176          -4.435          -1.640          -8.950           47.051
   46 (vir)     1          44.177          -4.425          -1.640          -8.949           47.061
   47 (vir)     1          44.456          -3.234          -1.574          -8.841           48.489
   48 (vir)     1          44.456          -3.234          -1.574          -8.841           48.490
   49 (vir)     1          45.103          -7.558          -1.688          -9.304           45.161
   50 (vir)     1          45.103          -7.562          -1.688          -9.304           45.158
   51 (vir)     1          45.995          -3.593          -1.642          -9.216           49.977
   52 (vir)     1          45.995          -3.592          -1.641          -9.216           49.978
   53 (vir)     1          47.742          -3.468          -2.373         -10.415           52.315
   54 (vir)     1          47.742          -3.471          -2.373         -10.415           52.313
   55 (vir)     1          48.139          -3.326          -2.394         -10.582           53.001
   56 (vir)     1          48.139          -3.327          -2.394         -10.582           53.000
   57 (vir)     1          49.371          -2.658          -3.013         -11.532           55.232
   58 (vir)     1          63.279           3.528          -4.948         -15.083           76.942
   59 (vir)     1          79.395           2.742          -7.448         -19.335           94.024
   60 (vir)     1          79.395           2.745          -7.448         -19.335           94.027
   61 (vir)     1          79.600           2.716          -7.555         -19.655           94.416
   62 (vir)     1          79.600           2.719          -7.555         -19.655           94.419
   63 (vir)     1          85.557           3.055          -7.464         -20.229          101.376
   64 (vir)     1          86.030           3.520          -7.259         -20.323          102.614
   65 (vir)     1          86.030           3.526          -7.259         -20.323          102.620
   66 (vir)     1          87.947           3.141          -7.124         -19.792          103.756
   67 (vir)     1          87.947           3.144          -7.124         -19.792          103.758
   68 (vir)     1          90.267           3.024          -6.674         -19.820          106.437
   69 (vir)     1          91.672           1.235          -4.404         -16.254          104.757
   70 (vir)     1         107.182           3.215          -6.225         -22.876          127.048
   71 (vir)     1         107.182           3.216          -6.223         -22.876          127.051
   72 (vir)     1         120.962           1.811          -5.333         -20.677          138.117
   73 (vir)     1         123.224           2.631          -5.828         -22.540          142.568
   74 (vir)     1         123.224           2.634          -5.825         -22.540          142.574
   75 (vir)     1         134.429           1.598          -4.983         -20.764          151.808
   76 (vir)     1         155.134           0.485          -3.072         -14.804          167.351
 
