 
  kpoint:       1             coordinate:     0.0000    0.0000    0.0000                  spin:  1
 
    n           k   ϵ_nk^DFT (eV)     Σ^c_nk (eV)     Σ^x_nk (eV)    v_nk^xc (eV)   ϵ_nk^G0W0 (eV)
 
    1 (occ)     1         -18.493           5.305         -23.803         -14.832          -22.159
    2 (occ)     1         -15.025           3.760         -22.423         -14.707          -18.981
    3 (occ)     1         -10.503           1.621         -19.172         -13.720          -14.335
    4 (occ)     1         -10.503           1.632         -19.183         -13.719          -14.334
    5 (occ)     1          -8.824           1.290         -19.264         -14.680          -12.118
    6 (occ)     1          -8.152           1.025         -18.848         -14.050          -11.926
    7 (occ)     1          -8.151           1.036         -18.856         -14.050          -11.921
    8 (vir)     1          -0.246          -0.596          -1.073          -3.303            1.389
    9 (vir)     1           0.308          -0.495          -0.798          -2.731            1.747
   10 (vir)     1           0.636          -0.428          -0.693          -2.421            1.936
   11 (vir)     1           0.636          -0.428          -0.694          -2.421            1.935
   12 (vir)     1           1.439          -0.312          -0.376          -1.773            2.524
   13 (vir)     1           1.515          -0.396          -0.642          -2.339            2.816
   14 (vir)     1           1.515          -0.398          -0.641          -2.339            2.814
   15 (vir)     1           1.629          -0.268          -0.285          -1.613            2.688
   16 (vir)     1           1.629          -0.267          -0.285          -1.613            2.689
   17 (vir)     1           3.274          -0.383          -0.535          -2.211            4.567
   18 (vir)     1           3.407          -0.670          -1.250          -3.434            4.920
   19 (vir)     1           3.666          -0.906          -1.904          -5.040            5.896
   20 (vir)     1           3.667          -0.908          -1.901          -5.039            5.897
   21 (vir)     1           4.038          -0.310          -0.247          -1.865            5.346
   22 (vir)     1           4.039          -0.311          -0.248          -1.865            5.345
   23 (vir)     1           4.413          -1.022          -2.047          -5.296            6.640
   24 (vir)     1           4.413          -1.021          -2.047          -5.296            6.642
   25 (vir)     1           4.452          -1.236          -2.692          -6.167            6.692
   26 (vir)     1           4.560          -0.677          -1.288          -3.653            6.248
   27 (vir)     1           4.560          -0.676          -1.289          -3.653            6.249
   28 (vir)     1           5.294          -1.387          -2.907          -6.889            7.889
   29 (vir)     1           5.960          -0.948          -1.449          -4.509            8.071
   30 (vir)     1           6.477          -1.042          -1.459          -4.712            8.688
   31 (vir)     1           6.477          -1.046          -1.463          -4.712            8.680
   32 (vir)     1           7.339          -1.063          -1.928          -5.317            9.665
   33 (vir)     1           7.339          -1.068          -1.931          -5.317            9.657
   34 (vir)     1           7.379          -0.542          -0.210          -2.564            9.192
   35 (vir)     1           8.442          -1.075          -1.611          -5.210           10.966
   36 (vir)     1           8.442          -1.076          -1.602          -5.210           10.975
   37 (vir)     1          10.064          -0.801          -0.468          -3.439           12.234
   38 (vir)     1          10.064          -0.827          -0.474          -3.439           12.202
   39 (vir)     1          10.358          -0.766          -0.315          -3.130           12.408
   40 (vir)     1          11.528          -1.201          -0.762          -4.146           13.711
   41 (vir)     1          11.899          -3.833          -3.988         -11.062           15.140
   42 (vir)     1          12.335          -0.985          -0.968          -4.182           14.564
   43 (vir)     1          12.936          -1.938          -2.335          -7.068           15.731
   44 (vir)     1          12.937          -1.929          -2.327          -7.068           15.749
   45 (vir)     1          13.593          -3.170          -3.550         -10.053           16.926
   46 (vir)     1          13.714          -2.539          -2.768          -8.369           16.776
   47 (vir)     1          13.715          -2.529          -2.754          -8.370           16.801
   48 (vir)     1          13.867          -1.318          -0.751          -4.535           16.333
   49 (vir)     1          14.115          -1.210          -0.615          -4.071           16.361
   50 (vir)     1          17.471          -2.261          -0.943          -5.608           19.875
   51 (vir)     1          17.471          -2.257          -0.933          -5.608           19.888
   52 (vir)     1          17.837          -1.918          -1.044          -5.636           20.510
   53 (vir)     1          17.933          -3.123          -2.818          -8.963           20.955
   54 (vir)     1          19.286          -2.054          -1.526          -6.475           22.181
   55 (vir)     1          19.286          -2.044          -1.510          -6.476           22.208
   56 (vir)     1          21.926          -2.275          -1.143          -6.155           24.662
   57 (vir)     1          22.917          -2.866          -1.362          -7.098           25.788
   58 (vir)     1          22.918          -2.846          -1.352          -7.099           25.819
   59 (vir)     1          24.508          -3.400          -0.815          -5.401           25.694
   60 (vir)     1          24.575          -3.723          -2.276          -9.049           27.626
   61 (vir)     1          24.575          -3.696          -2.300          -9.049           27.628
   62 (vir)     1          27.132          -2.407          -0.484          -4.994           29.235
   63 (vir)     1          27.193          -3.215          -1.801          -7.327           29.504
   64 (vir)     1          27.195          -3.207          -1.804          -7.328           29.513
   65 (vir)     1          31.730          -4.163          -2.385          -8.969           34.151
   66 (vir)     1          31.730          -4.111          -2.377          -8.969           34.210
   67 (vir)     1          32.273          -4.923          -1.374          -7.590           33.566
   68 (vir)     1          32.274          -4.829          -1.380          -7.590           33.655
   69 (vir)     1          32.602          -4.183          -2.253          -8.531           34.696
   70 (vir)     1          36.712          -5.424          -1.985          -9.413           38.716
   71 (vir)     1          37.217          -6.279          -2.711         -11.084           39.312
   72 (vir)     1          37.218          -6.304          -2.768         -11.085           39.230
   73 (vir)     1          39.311          -8.193          -3.101         -12.474           40.491
   74 (vir)     1          42.647          -9.814          -2.800         -13.270           43.302
   75 (vir)     1          44.709          -7.782          -1.937         -10.211           45.200
   76 (vir)     1          44.709          -8.088          -1.990         -10.210           44.840
   77 (vir)     1          45.874          -9.916          -2.706         -11.924           45.175
   78 (vir)     1          45.876         -10.000          -2.686         -11.924           45.114
   79 (vir)     1          51.669         -10.369          -1.986         -11.619           50.933
   80 (vir)     1          54.404          -5.199          -2.315         -12.618           59.509
   81 (vir)     1          54.406         -10.167          -2.357         -12.618           54.501
   82 (vir)     1          56.355          -3.665          -2.482         -13.964           64.173
   83 (vir)     1          58.044           4.422          -1.792         -11.894           72.568
   84 (vir)     1          58.046         -10.303          -1.867         -11.894           57.770
   85 (vir)     1          61.328         -12.003          -1.779         -11.763           59.308
   86 (vir)     1          63.513           4.978          -2.354         -13.484           79.621
   87 (vir)     1          63.515           4.686          -2.331         -13.485           79.355
   88 (vir)     1          64.492           4.595          -2.319         -13.288           80.056
   89 (vir)     1          64.492           4.452          -2.327         -13.288           79.904
   90 (vir)     1          67.005           3.864          -2.381         -13.599           82.086
   91 (vir)     1          67.608           4.093          -1.741         -12.798           82.757
   92 (vir)     1          69.589           3.758          -2.081         -13.491           84.758
   93 (vir)     1          69.593           3.999          -2.100         -13.491           84.983
   94 (vir)     1          72.710           3.707          -1.457         -12.163           87.123
   95 (vir)     1          73.361           4.386          -1.722         -13.582           89.607
   96 (vir)     1          73.362           4.357          -1.717         -13.582           89.583
   97 (vir)     1          78.084           3.746          -2.072         -14.188           93.946
   98 (vir)     1          78.086           3.524          -2.045         -14.188           93.753
   99 (vir)     1          82.315           3.222          -2.127         -13.925           97.334
  100 (vir)     1          97.123           2.646          -2.040         -14.735          112.464
  101 (vir)     1          97.128           2.615          -1.929         -14.735          112.549
  102 (vir)     1          98.514           2.476          -2.147         -15.074          113.917
  103 (vir)     1         110.590           2.302          -1.662         -14.067          125.298
  104 (vir)     1         110.594           2.630          -1.769         -14.068          125.523
  105 (vir)     1         154.903           2.851          -1.612         -15.417          171.560
  106 (vir)     1         162.537           2.696          -1.615         -15.873          179.491
  107 (vir)     1         162.539           2.796          -1.650         -15.873          179.558
  108 (vir)     1         163.238           2.736          -1.612         -15.873          180.236
  109 (vir)     1         163.242           2.802          -1.647         -15.872          180.269
  110 (vir)     1         165.230           2.867          -1.661         -16.157          182.593
  111 (vir)     1         197.300           3.234          -0.951         -12.557          212.139
  112 (vir)     1         238.375           4.179          -0.803         -13.345          255.096
 
