 
  kpoint:       1             coordinate:     0.0000    0.0000    0.0000                  spin:  1
 
    n           k   ϵ_nk^DFT (eV)     Σ^c_nk (eV)     Σ^x_nk (eV)    v_nk^xc (eV)   ϵ_nk^G0W0 (eV)
 
    1 (occ)     1         -65.883          -4.408         -42.700         -25.844          -87.147
    2 (occ)     1         -40.885          11.616         -35.522         -24.412          -40.380
    3 (occ)     1         -40.885          11.647         -35.523         -24.412          -40.349
    4 (occ)     1         -40.885          11.660         -35.522         -24.412          -40.335
    5 (occ)     1         -29.658           9.485         -37.926         -23.583          -34.515
    6 (occ)     1         -29.262           9.100         -37.948         -23.948          -34.162
    7 (occ)     1         -29.262           9.098         -37.947         -23.948          -34.163
    8 (occ)     1         -29.262           9.099         -37.947         -23.948          -34.162
    9 (occ)     1         -11.949           4.106         -29.071         -22.135          -14.778
   10 (occ)     1         -11.949           4.107         -29.073         -22.135          -14.779
   11 (occ)     1         -11.949           4.107         -29.072         -22.135          -14.779
   12 (occ)     1         -11.619           4.377         -28.079         -20.855          -14.465
   13 (occ)     1         -11.619           4.377         -28.078         -20.855          -14.465
   14 (occ)     1         -11.478           4.385         -29.593         -22.244          -14.442
   15 (occ)     1         -10.840           4.529         -29.404         -21.881          -13.834
   16 (occ)     1         -10.840           4.528         -29.403         -21.881          -13.834
   17 (occ)     1         -10.840           4.528         -29.402         -21.881          -13.834
   18 (occ)     1         -10.398           4.622         -30.204         -22.622          -13.358
   19 (occ)     1         -10.398           4.622         -30.203         -22.622          -13.357
   20 (occ)     1         -10.398           4.621         -30.203         -22.622          -13.358
   21 (vir)     1          -4.106          -4.553         -13.776         -22.179           -0.255
   22 (vir)     1          -4.106          -4.553         -13.776         -22.179           -0.255
   23 (vir)     1          -2.859          -4.106         -13.907         -21.807            0.935
   24 (vir)     1          -2.859          -4.106         -13.907         -21.807            0.935
   25 (vir)     1          -2.859          -4.107         -13.907         -21.807            0.934
   26 (vir)     1          -0.795          -1.009          -2.080          -5.327            1.443
   27 (vir)     1           1.007          -0.742          -1.544          -4.159            2.881
   28 (vir)     1           1.007          -0.742          -1.544          -4.159            2.881
   29 (vir)     1           1.007          -0.742          -1.544          -4.159            2.881
   30 (vir)     1           3.899          -1.208          -2.783          -6.259            6.167
   31 (vir)     1           4.326          -1.445          -2.908          -6.799            6.771
   32 (vir)     1           4.326          -1.445          -2.908          -6.799            6.771
   33 (vir)     1           4.326          -1.445          -2.908          -6.799            6.772
   34 (vir)     1           4.818          -1.109          -2.292          -5.885            7.302
   35 (vir)     1           4.818          -1.109          -2.292          -5.885            7.302
   36 (vir)     1           7.309          -1.525          -2.863          -7.110           10.032
   37 (vir)     1           7.309          -1.525          -2.863          -7.110           10.032
   38 (vir)     1           7.309          -1.525          -2.863          -7.110           10.032
   39 (vir)     1          11.699          -1.482          -2.196          -6.606           14.627
   40 (vir)     1          11.699          -1.482          -2.196          -6.606           14.627
   41 (vir)     1          11.699          -1.482          -2.197          -6.606           14.627
   42 (vir)     1          13.027          -2.441          -2.540          -7.642           15.689
   43 (vir)     1          14.481          -2.019          -2.287          -7.336           17.511
   44 (vir)     1          14.481          -2.019          -2.287          -7.336           17.511
   45 (vir)     1          14.481          -2.019          -2.287          -7.336           17.511
   46 (vir)     1          18.698          -2.080          -2.986          -9.480           23.112
   47 (vir)     1          18.698          -2.080          -2.987          -9.480           23.111
   48 (vir)     1          19.061          -2.990          -2.753          -8.446           21.764
   49 (vir)     1          19.061          -2.989          -2.752          -8.446           21.766
   50 (vir)     1          19.061          -2.990          -2.752          -8.446           21.765
   51 (vir)     1          19.132          -3.820          -4.283         -10.568           21.597
   52 (vir)     1          20.802          -3.777          -3.134          -9.209           23.099
   53 (vir)     1          20.802          -3.777          -3.133          -9.209           23.101
   54 (vir)     1          20.802          -3.778          -3.133          -9.209           23.099
   55 (vir)     1          21.072          -3.110          -2.817          -9.050           24.195
   56 (vir)     1          21.072          -3.110          -2.817          -9.050           24.196
   57 (vir)     1          21.072          -3.110          -2.817          -9.050           24.195
   58 (vir)     1          21.786          -3.583          -3.517         -10.102           24.787
   59 (vir)     1          21.786          -3.584          -3.517         -10.102           24.787
   60 (vir)     1          21.786          -3.582          -3.516         -10.102           24.789
   61 (vir)     1          23.462          -2.907          -3.333         -10.487           27.709
   62 (vir)     1          23.462          -2.907          -3.333         -10.487           27.709
   63 (vir)     1          25.016          -5.647          -4.073         -11.544           26.841
   64 (vir)     1          25.016          -5.645          -4.073         -11.544           26.842
   65 (vir)     1          25.016          -5.646          -4.073         -11.544           26.842
   66 (vir)     1          26.488          -6.265          -3.954         -11.232           27.501
   67 (vir)     1          26.488          -6.262          -3.954         -11.232           27.504
   68 (vir)     1          26.689          -3.169          -2.862          -8.836           29.494
   69 (vir)     1          26.997          -4.543          -3.028          -9.873           29.299
   70 (vir)     1          26.997          -4.544          -3.029          -9.873           29.297
   71 (vir)     1          26.997          -4.544          -3.029          -9.873           29.297
   72 (vir)     1          31.234          -3.143          -2.117          -8.029           34.003
   73 (vir)     1          31.234          -3.143          -2.116          -8.029           34.004
   74 (vir)     1          31.234          -3.140          -2.117          -8.029           34.005
   75 (vir)     1          32.540          -5.748          -4.419         -13.126           35.499
   76 (vir)     1          32.540          -5.747          -4.419         -13.126           35.500
   77 (vir)     1          32.540          -5.746          -4.419         -13.126           35.500
   78 (vir)     1          37.289          -3.635          -1.635          -8.545           40.564
   79 (vir)     1          39.194          -5.413          -2.642         -10.995           42.134
   80 (vir)     1          39.194          -5.410          -2.641         -10.995           42.137
   81 (vir)     1          39.194          -5.412          -2.643         -10.995           42.133
   82 (vir)     1          42.012          -3.190          -1.781          -9.396           46.438
   83 (vir)     1          42.012          -3.187          -1.780          -9.396           46.442
   84 (vir)     1          42.012          -3.199          -1.781          -9.396           46.429
   85 (vir)     1          42.792          -7.564          -3.219         -11.652           43.662
   86 (vir)     1          44.341          -5.777          -2.409         -11.359           47.513
   87 (vir)     1          44.341          -5.777          -2.409         -11.359           47.513
   88 (vir)     1          47.042          -7.772          -1.941         -10.041           47.371
   89 (vir)     1          47.042          -7.767          -1.943         -10.041           47.373
   90 (vir)     1          47.042          -7.777          -1.941         -10.041           47.364
   91 (vir)     1          47.784          -7.336          -2.626         -11.586           49.409
   92 (vir)     1          47.784          -7.331          -2.626         -11.586           49.414
   93 (vir)     1          49.068          -7.479          -2.534         -10.953           50.009
   94 (vir)     1          49.068          -7.481          -2.534         -10.953           50.006
   95 (vir)     1          49.068          -7.475          -2.534         -10.953           50.013
   96 (vir)     1          49.841          -0.648          -2.065         -10.231           57.359
   97 (vir)     1          49.841          -0.613          -2.065         -10.231           57.395
   98 (vir)     1          49.841          -0.559          -2.066         -10.231           57.448
   99 (vir)     1          51.422          -6.689          -1.646          -9.944           53.032
  100 (vir)     1          52.098           4.832          -3.971         -14.255           67.213
  101 (vir)     1          52.098           4.826          -3.969         -14.255           67.210
  102 (vir)     1          52.098           4.835          -3.971         -14.255           67.217
  103 (vir)     1          52.797           1.348          -3.170         -12.126           63.102
  104 (vir)     1          52.797           1.353          -3.171         -12.126           63.106
  105 (vir)     1          52.797           1.352          -3.170         -12.126           63.105
  106 (vir)     1          61.413           2.001          -2.847         -11.833           72.400
  107 (vir)     1          64.891           2.546          -4.473         -15.348           78.311
  108 (vir)     1          64.891           2.552          -4.474         -15.348           78.316
  109 (vir)     1          64.891           2.549          -4.476         -15.348           78.311
  110 (vir)     1          73.529           2.126          -5.791         -18.099           87.964
  111 (vir)     1          73.529           2.136          -5.792         -18.099           87.972
  112 (vir)     1          74.985           2.114          -3.988         -14.908           88.019
  113 (vir)     1          75.242           2.614          -5.389         -16.900           89.366
  114 (vir)     1          75.242           2.612          -5.379         -16.900           89.375
  115 (vir)     1          75.242           2.615          -5.386         -16.900           89.371
  116 (vir)     1          76.233           0.837          -3.515         -14.070           87.625
  117 (vir)     1          76.233           0.834          -3.514         -14.070           87.623
  118 (vir)     1          76.233           0.836          -3.518         -14.070           87.621
  119 (vir)     1          76.446           0.692          -6.446         -18.144           88.836
  120 (vir)     1          76.446           0.691          -6.438         -18.144           88.844
  121 (vir)     1          76.446           0.692          -6.455         -18.144           88.827
  122 (vir)     1          78.265           0.839          -4.649         -15.480           89.935
  123 (vir)     1          78.265           0.840          -4.644         -15.480           89.941
  124 (vir)     1          80.966           1.859          -3.368         -15.247           94.705
  125 (vir)     1          80.966           1.854          -3.368         -15.247           94.700
  126 (vir)     1          80.966           1.862          -3.371         -15.247           94.704
  127 (vir)     1          84.027           0.550          -5.299         -17.215           96.494
  128 (vir)     1          84.027           0.550          -5.290         -17.215           96.503
  129 (vir)     1          84.027           0.548          -5.295         -17.215           96.496
  130 (vir)     1          85.827           1.688          -4.556         -16.379           99.338
  131 (vir)     1          85.827           1.690          -4.554         -16.379           99.342
  132 (vir)     1          85.844           2.281          -5.219         -17.934          100.840
  133 (vir)     1          92.232           1.463          -5.692         -18.866          106.869
  134 (vir)     1          92.232           1.468          -5.696         -18.866          106.870
  135 (vir)     1          92.232           1.475          -5.704         -18.866          106.868
  136 (vir)     1          92.944           2.470          -6.068         -19.804          109.150
  137 (vir)     1          93.165           3.509          -3.994         -17.235          109.915
  138 (vir)     1          93.165           3.513          -3.994         -17.235          109.919
  139 (vir)     1          94.101           1.045          -6.437         -20.135          108.845
  140 (vir)     1          94.101           1.050          -6.435         -20.135          108.852
  141 (vir)     1          94.101           1.045          -6.445         -20.135          108.837
  142 (vir)     1          94.713           2.624          -5.511         -19.670          111.496
  143 (vir)     1          94.713           2.620          -5.509         -19.670          111.493
  144 (vir)     1          94.713           2.621          -5.506         -19.670          111.497
  145 (vir)     1         101.677           1.898          -4.907         -18.526          117.194
  146 (vir)     1         101.677           1.898          -4.902         -18.526          117.199
  147 (vir)     1         101.677           1.892          -4.895         -18.526          117.200
  148 (vir)     1         103.828           1.799          -5.170         -19.575          120.032
  149 (vir)     1         103.828           1.800          -5.174         -19.575          120.029
  150 (vir)     1         103.828           1.799          -5.173         -19.575          120.029
  151 (vir)     1         114.550           2.561          -5.473         -21.561          133.199
  152 (vir)     1         119.382           3.210          -5.336         -22.225          139.481
  153 (vir)     1         119.382           3.200          -5.315         -22.225          139.491
  154 (vir)     1         119.382           3.209          -5.368         -22.225          139.447
  155 (vir)     1         120.027           3.563          -5.181         -22.032          140.441
  156 (vir)     1         120.027           3.570          -5.172         -22.032          140.456
  157 (vir)     1         120.027           3.561          -5.220         -22.032          140.400
  158 (vir)     1         121.122           4.256          -5.099         -22.351          142.630
  159 (vir)     1         121.122           4.258          -5.099         -22.351          142.632
  160 (vir)     1         128.549           0.961          -4.734         -20.317          145.092
  161 (vir)     1         128.549           0.950          -4.716         -20.317          145.099
  162 (vir)     1         128.549           0.958          -4.727         -20.317          145.096
  163 (vir)     1         129.063           2.237          -4.363         -19.062          145.999
  164 (vir)     1         159.273           0.808          -3.478         -19.105          175.709
  165 (vir)     1         159.273           0.806          -3.473         -19.105          175.711
  166 (vir)     1         159.273           0.811          -3.476         -19.105          175.713
  167 (vir)     1         278.860           1.961          -0.936         -17.051          296.936
 
