 
  kpoint:       1             coordinate:     0.0000    0.0000    0.0000                  spin:  1
 
    n           k   ϵ_nk^DFT (eV)     Σ^c_nk (eV)     Σ^x_nk (eV)    v_nk^xc (eV)   ϵ_nk^G0W0 (eV)
 
    1 (occ)     1         -20.583           5.711         -21.106         -13.116          -22.862
    2 (occ)     1         -17.710           4.930         -19.231         -12.542          -19.469
    3 (occ)     1         -17.710           4.925         -19.235         -12.542          -19.479
    4 (occ)     1         -17.710           4.927         -19.233         -12.542          -19.474
    5 (occ)     1         -14.271           3.657         -18.369         -13.020          -15.963
    6 (occ)     1         -10.420           1.467         -15.797         -12.326          -12.423
    7 (occ)     1         -10.420           1.469         -15.797         -12.326          -12.421
    8 (occ)     1         -10.420           1.467         -15.795         -12.326          -12.422
    9 (occ)     1          -7.491           1.560         -14.272         -10.665           -9.538
   10 (occ)     1          -7.491           1.559         -14.271         -10.665           -9.538
   11 (occ)     1          -6.920           1.042         -13.980         -10.842           -9.017
   12 (occ)     1          -6.920           1.042         -13.980         -10.842           -9.017
   13 (occ)     1          -6.920           1.041         -13.981         -10.842           -9.018
   14 (occ)     1          -6.153           1.029         -14.328         -11.112           -8.341
   15 (occ)     1          -6.153           1.028         -14.328         -11.112           -8.341
   16 (occ)     1          -6.153           1.029         -14.330         -11.112           -8.342
   17 (vir)     1          -4.160          -1.822          -6.700         -10.941           -1.740
   18 (vir)     1          -2.266          -2.515          -6.414         -11.335            0.140
   19 (vir)     1          -2.266          -2.516          -6.413         -11.335            0.139
   20 (vir)     1          -2.266          -2.514          -6.412         -11.335            0.143
   21 (vir)     1          -0.244          -0.924          -0.987          -3.438            1.282
   22 (vir)     1           0.776          -0.891          -1.011          -3.340            2.214
   23 (vir)     1           0.776          -0.891          -1.011          -3.340            2.214
   24 (vir)     1           0.776          -0.891          -1.011          -3.340            2.214
   25 (vir)     1           1.474          -0.793          -1.094          -3.529            3.116
   26 (vir)     1           1.474          -0.793          -1.095          -3.529            3.116
   27 (vir)     1           1.590          -0.837          -1.360          -3.889            3.282
   28 (vir)     1           1.590          -0.838          -1.360          -3.889            3.281
   29 (vir)     1           1.590          -0.837          -1.360          -3.889            3.282
   30 (vir)     1           2.624          -0.731          -0.924          -3.265            4.234
   31 (vir)     1           2.624          -0.729          -0.924          -3.265            4.235
   32 (vir)     1           2.624          -0.731          -0.923          -3.265            4.235
   33 (vir)     1           2.888          -1.223          -1.415          -4.338            4.588
   34 (vir)     1           2.901          -1.306          -2.462          -6.052            5.185
   35 (vir)     1           2.901          -1.306          -2.461          -6.052            5.186
   36 (vir)     1           2.901          -1.306          -2.462          -6.052            5.185
   37 (vir)     1           3.699          -1.650          -4.086          -8.676            6.639
   38 (vir)     1           3.699          -1.651          -4.086          -8.676            6.638
   39 (vir)     1           3.711          -1.516          -2.650          -6.605            6.150
   40 (vir)     1           3.711          -1.516          -2.649          -6.605            6.152
   41 (vir)     1           3.711          -1.515          -2.649          -6.605            6.152
   42 (vir)     1           6.109          -1.146          -1.518          -4.544            7.989
   43 (vir)     1           6.109          -1.150          -1.519          -4.544            7.984
   44 (vir)     1           6.109          -1.147          -1.520          -4.544            7.985
   45 (vir)     1           6.504          -1.618          -3.797          -8.867            9.956
   46 (vir)     1           6.504          -1.613          -3.798          -8.867            9.961
   47 (vir)     1           6.504          -1.621          -3.797          -8.867            9.953
   48 (vir)     1           7.484          -2.052          -3.726          -8.820           10.527
   49 (vir)     1           7.484          -2.055          -3.726          -8.820           10.523
   50 (vir)     1           7.744          -2.410          -2.640          -7.401           10.096
   51 (vir)     1           7.744          -2.407          -2.639          -7.401           10.098
   52 (vir)     1           7.744          -2.412          -2.641          -7.401           10.092
   53 (vir)     1           9.675          -1.503          -2.262          -7.692           13.602
   54 (vir)     1           9.991          -2.899          -3.247          -8.588           12.433
   55 (vir)     1           9.991          -2.898          -3.246          -8.588           12.435
   56 (vir)     1           9.991          -2.899          -3.247          -8.588           12.432
   57 (vir)     1          10.265          -2.470          -2.437          -7.642           13.001
   58 (vir)     1          10.265          -2.467          -2.439          -7.642           13.001
   59 (vir)     1          10.265          -2.458          -2.436          -7.642           13.013
   60 (vir)     1          11.181          -2.253          -2.018          -6.716           13.626
   61 (vir)     1          11.181          -2.254          -2.019          -6.716           13.624
   62 (vir)     1          11.718          -2.578          -2.005          -6.924           14.059
   63 (vir)     1          11.718          -2.566          -2.007          -6.924           14.070
   64 (vir)     1          11.718          -2.571          -2.009          -6.924           14.063
   65 (vir)     1          11.857          -3.179          -1.865          -6.791           13.603
   66 (vir)     1          13.490          -1.227          -1.843          -6.706           17.125
   67 (vir)     1          13.594          -2.263          -1.628          -6.182           15.884
   68 (vir)     1          13.594          -2.262          -1.627          -6.182           15.888
   69 (vir)     1          13.594          -2.269          -1.628          -6.182           15.879
   70 (vir)     1          14.964          -2.499          -1.770          -6.762           17.458
   71 (vir)     1          14.964          -2.520          -1.769          -6.762           17.437
   72 (vir)     1          15.714          -2.622          -1.922          -7.215           18.386
   73 (vir)     1          15.714          -2.622          -1.923          -7.215           18.384
   74 (vir)     1          15.714          -2.616          -1.922          -7.215           18.391
   75 (vir)     1          17.760          -3.035          -2.230          -8.832           21.327
   76 (vir)     1          17.760          -3.031          -2.230          -8.832           21.331
   77 (vir)     1          17.760          -3.017          -2.232          -8.832           21.343
   78 (vir)     1          22.035          -3.537          -1.700          -7.279           24.076
   79 (vir)     1          22.035          -3.469          -1.700          -7.279           24.144
   80 (vir)     1          22.035          -3.558          -1.698          -7.279           24.057
   81 (vir)     1          22.447          -3.550          -1.619          -8.008           25.287
   82 (vir)     1          22.447          -3.541          -1.621          -8.008           25.294
   83 (vir)     1          22.447          -3.516          -1.619          -8.008           25.320
   84 (vir)     1          27.409           2.232          -2.126          -9.486           37.001
   85 (vir)     1          29.189          -0.354          -2.761         -10.684           36.758
   86 (vir)     1          29.189          -0.161          -2.763         -10.684           36.949
   87 (vir)     1          29.189          -0.263          -2.774         -10.684           36.835
   88 (vir)     1          30.372           1.440          -2.926         -11.522           40.408
   89 (vir)     1          30.372           1.467          -2.924         -11.522           40.437
   90 (vir)     1          31.952           1.572          -2.776         -10.973           41.720
   91 (vir)     1          31.952           1.540          -2.772         -10.973           41.693
   92 (vir)     1          31.952           1.554          -2.770         -10.973           41.709
   93 (vir)     1          32.451          -7.001          -2.548         -11.028           33.930
   94 (vir)     1          32.451          -6.975          -2.550         -11.028           33.955
   95 (vir)     1          32.451          -6.977          -2.568         -11.028           33.934
   96 (vir)     1          33.457          -0.517          -2.327         -10.809           41.422
   97 (vir)     1          33.457          -0.572          -2.330         -10.809           41.364
   98 (vir)     1          33.457          -0.517          -2.336         -10.809           41.413
   99 (vir)     1          34.080           3.301          -2.190         -10.430           45.621
  100 (vir)     1          34.414          -4.654          -2.300         -10.897           38.356
  101 (vir)     1          34.414          -4.598          -2.300         -10.897           38.412
  102 (vir)     1          38.840           2.391          -1.918         -10.656           49.968
  103 (vir)     1          38.840           2.392          -1.921         -10.656           49.967
  104 (vir)     1          38.840           2.412          -1.933         -10.656           49.975
  105 (vir)     1          41.163           2.602          -2.549         -12.891           54.107
  106 (vir)     1          41.163           2.594          -2.545         -12.891           54.102
  107 (vir)     1          41.163           2.607          -2.543         -12.891           54.118
  108 (vir)     1          43.335           0.926          -2.564         -12.464           54.161
  109 (vir)     1          43.335           0.929          -2.566         -12.464           54.162
  110 (vir)     1          43.335           0.934          -2.565         -12.464           54.168
  111 (vir)     1          44.647           2.455          -1.885         -11.678           56.896
  112 (vir)     1          45.578          -0.745          -2.370         -11.356           53.819
  113 (vir)     1          45.578          -0.747          -2.371         -11.356           53.816
  114 (vir)     1          45.758          -2.526          -2.080         -12.239           53.391
  115 (vir)     1          45.758          -2.570          -2.153         -12.239           53.274
  116 (vir)     1          45.758          -2.575          -2.158         -12.239           53.264
  117 (vir)     1          46.845          -1.000          -2.066         -12.393           56.172
  118 (vir)     1          46.845          -1.005          -2.080         -12.393           56.153
  119 (vir)     1          47.337           1.639          -1.999         -12.480           59.457
  120 (vir)     1          47.337           1.641          -1.998         -12.480           59.461
  121 (vir)     1          47.337           1.649          -2.021         -12.480           59.445
  122 (vir)     1          47.641           2.786          -2.078         -12.732           61.081
  123 (vir)     1          47.641           2.782          -2.079         -12.732           61.075
  124 (vir)     1          47.641           2.789          -2.078         -12.732           61.084
  125 (vir)     1          48.290           2.782          -2.372         -13.205           61.906
  126 (vir)     1          51.003           2.574          -1.883         -12.320           64.014
  127 (vir)     1          51.051          -1.378          -1.954         -12.429           60.148
  128 (vir)     1          51.051          -1.348          -1.960         -12.429           60.172
  129 (vir)     1          51.051          -1.379          -1.951         -12.429           60.150
  130 (vir)     1          52.459          -2.408          -2.588         -13.591           61.055
  131 (vir)     1          52.459          -2.372          -2.590         -13.591           61.089
  132 (vir)     1          53.555          -0.747          -1.671         -11.713           62.850
  133 (vir)     1          53.555          -0.761          -1.667         -11.713           62.841
  134 (vir)     1          53.555          -0.784          -1.643         -11.713           62.841
  135 (vir)     1          53.652          -3.154          -1.913         -12.511           61.096
  136 (vir)     1          53.652          -3.189          -1.912         -12.511           61.062
  137 (vir)     1          53.652          -3.162          -1.914         -12.511           61.088
  138 (vir)     1          64.381           1.170          -1.810         -12.856           76.598
  139 (vir)     1          64.381           1.225          -1.813         -12.856           76.649
  140 (vir)     1          64.381           1.192          -1.810         -12.856           76.619
  141 (vir)     1         109.562           0.986          -0.780          -7.371          117.139
  142 (vir)     1         109.562           0.987          -0.779          -7.371          117.142
  143 (vir)     1         109.562           0.987          -0.779          -7.371          117.142
  144 (vir)     1         109.684           1.153          -0.796          -7.363          117.403
  145 (vir)     1         217.512           3.837          -0.656         -12.106          232.799
 
