 
  kpoint:       1             coordinate:     0.0000    0.0000    0.0000                  spin:  1
 
    n           k   ϵ_nk^DFT (eV)     Σ^c_nk (eV)     Σ^x_nk (eV)    v_nk^xc (eV)   ϵ_nk^G0W0 (eV)
 
    1 (occ)     1         -26.780           9.139         -31.572         -19.664          -29.549
    2 (occ)     1         -21.360           7.280         -25.621         -15.840          -23.861
    3 (occ)     1         -18.762           6.021         -24.820         -15.910          -21.651
    4 (occ)     1         -18.319           5.914         -24.669         -15.872          -21.203
    5 (occ)     1         -15.646           4.268         -23.405         -16.051          -18.733
    6 (occ)     1         -14.844           4.111         -23.256         -16.046          -17.942
    7 (occ)     1         -13.663           3.178         -22.511         -16.188          -16.809
    8 (occ)     1         -12.237           2.952         -21.481         -15.347          -15.418
    9 (occ)     1         -11.549           2.932         -22.260         -16.330          -14.548
   10 (occ)     1         -10.863           2.366         -20.935         -15.311          -14.121
   11 (occ)     1         -10.287           2.297         -20.390         -15.074          -13.307
   12 (occ)     1         -10.186           3.047         -20.563         -14.978          -12.724
   13 (occ)     1          -9.383           2.706         -23.369         -17.458          -12.589
   14 (occ)     1          -8.713           1.785         -20.847         -15.955          -11.820
   15 (occ)     1          -8.206           1.825         -21.287         -16.328          -11.340
   16 (occ)     1          -8.195           2.323         -19.801         -14.969          -10.703
   17 (occ)     1          -6.348           0.376         -15.846         -13.152           -8.665
   18 (occ)     1          -5.625           0.685         -18.093         -15.029           -8.004
   19 (vir)     1          -1.345          -2.223          -7.651         -12.485            1.266
   20 (vir)     1          -0.699          -2.317          -7.829         -12.730            1.885
   21 (vir)     1          -0.529          -0.955          -1.688          -4.271            1.099
   22 (vir)     1          -0.161          -0.851          -1.365          -3.690            1.314
   23 (vir)     1           0.182          -0.646          -0.858          -2.717            1.395
   24 (vir)     1           0.583          -0.777          -1.148          -3.286            1.944
   25 (vir)     1           0.723          -0.596          -0.721          -2.428            1.834
   26 (vir)     1           0.857          -0.674          -0.948          -2.893            2.128
   27 (vir)     1           1.074          -0.678          -0.881          -2.860            2.374
   28 (vir)     1           1.376          -0.530          -0.561          -2.147            2.432
   29 (vir)     1           1.475          -0.520          -0.528          -2.082            2.510
   30 (vir)     1           1.652          -0.673          -0.907          -2.807            2.879
   31 (vir)     1           1.834          -0.544          -0.674          -2.404            3.021
   32 (vir)     1           2.453          -0.497          -0.586          -2.038            3.409
   33 (vir)     1           2.509          -0.445          -0.475          -1.808            3.398
   34 (vir)     1           2.575          -0.606          -0.849          -2.630            3.750
   35 (vir)     1           2.698          -0.594          -0.782          -2.603            3.925
   36 (vir)     1           2.807          -0.511          -0.606          -2.235            3.925
   37 (vir)     1           2.887          -1.158          -2.535          -5.282            4.476
   38 (vir)     1           2.965          -3.585          -4.427          -9.728            4.682
   39 (vir)     1           3.179          -0.709          -0.915          -2.837            4.392
   40 (vir)     1           3.255          -0.682          -0.885          -2.762            4.450
   41 (vir)     1           3.313          -0.458          -0.378          -1.845            4.321
   42 (vir)     1           3.435          -0.865          -1.340          -3.501            4.731
   43 (vir)     1           3.618          -1.103          -1.841          -4.463            5.138
   44 (vir)     1           3.896          -1.114          -1.905          -4.626            5.504
   45 (vir)     1           4.092          -1.087          -1.136          -3.150            5.019
   46 (vir)     1           4.529          -1.647          -2.540          -6.075            6.417
   47 (vir)     1           4.847          -1.786          -3.033          -6.817            6.846
   48 (vir)     1           5.166          -1.783          -3.003          -6.753            7.134
   49 (vir)     1           5.545          -1.479          -2.231          -5.562            7.397
   50 (vir)     1           5.617          -1.459          -1.840          -5.237            7.554
   51 (vir)     1           5.673          -1.535          -2.384          -5.762            7.516
   52 (vir)     1           5.995          -1.336          -1.580          -4.709            7.789
   53 (vir)     1           6.189          -1.740          -2.636          -6.586            8.400
   54 (vir)     1           6.338          -1.282          -1.319          -4.425            8.162
   55 (vir)     1           6.500          -1.660          -2.534          -6.379            8.684
   56 (vir)     1           6.929          -1.432          -1.460          -4.739            8.776
   57 (vir)     1           6.953          -2.112          -3.355          -7.737            9.222
   58 (vir)     1           7.159          -0.605          -0.563          -2.616            8.607
   59 (vir)     1           7.416          -0.802          -0.982          -3.343            8.975
   60 (vir)     1           7.664          -1.505          -1.237          -4.578            9.499
   61 (vir)     1           8.134          -2.818          -4.873         -10.441           10.885
   62 (vir)     1           8.200          -1.638          -1.163          -4.579            9.978
   63 (vir)     1           8.558          -1.121          -1.402          -4.295           10.329
   64 (vir)     1           8.636          -1.006          -0.841          -3.586           10.375
   65 (vir)     1           8.755          -2.098          -3.415          -7.856           11.098
   66 (vir)     1           9.152          -1.899          -1.489          -5.252           11.016
   67 (vir)     1           9.293          -2.529          -3.168          -8.026           11.622
   68 (vir)     1           9.368          -0.960          -0.766          -3.290           10.931
   69 (vir)     1           9.464          -2.812          -1.309          -5.245           10.589
   70 (vir)     1           9.592          -2.604          -2.646          -7.358           11.699
   71 (vir)     1          10.048          -2.175          -2.685          -7.166           12.354
   72 (vir)     1          10.578          -0.912          -1.776          -5.782           13.671
   73 (vir)     1          10.897          -2.531          -3.083          -8.096           13.378
   74 (vir)     1          11.285          -2.167          -2.218          -6.534           13.434
   75 (vir)     1          11.561          -2.056          -1.972          -5.918           13.451
   76 (vir)     1          11.790          -2.317          -2.464          -6.989           13.998
   77 (vir)     1          12.056          -1.649          -1.652          -5.274           14.029
   78 (vir)     1          12.649          -2.321          -2.434          -7.010           14.905
   79 (vir)     1          12.975          -2.245          -2.480          -7.060           15.309
   80 (vir)     1          13.751          -2.843          -3.284          -8.770           16.395
   81 (vir)     1          13.882          -3.002          -1.597          -6.478           15.760
   82 (vir)     1          14.387          -3.452          -3.286          -9.201           16.850
   83 (vir)     1          14.544          -1.823          -1.317          -6.173           17.578
   84 (vir)     1          14.722          -4.154          -1.725          -7.015           15.858
   85 (vir)     1          15.008          -3.463          -2.690          -8.354           17.209
   86 (vir)     1          15.162          -4.150          -3.599         -10.233           17.646
   87 (vir)     1          15.164          -4.050          -2.230          -7.933           16.818
   88 (vir)     1          15.297          -3.940          -3.418          -9.746           17.685
   89 (vir)     1          15.347          -3.802          -3.137          -9.267           17.674
   90 (vir)     1          15.639          -3.241          -2.796          -8.392           17.993
   91 (vir)     1          15.900          -2.894          -1.888          -7.188           18.307
   92 (vir)     1          16.030          -3.445          -2.956          -8.956           18.586
   93 (vir)     1          16.930          -3.153          -2.314          -7.863           19.325
   94 (vir)     1          17.062          -3.516          -2.974          -9.020           19.593
   95 (vir)     1          17.886          -2.952          -2.605          -8.115           20.444
   96 (vir)     1          18.383          -4.843          -3.830         -11.306           21.016
   97 (vir)     1          18.992          -3.189          -2.402          -8.186           21.588
   98 (vir)     1          19.293          -3.178          -2.201          -7.916           21.831
   99 (vir)     1          20.120          -3.113          -1.951          -7.457           22.513
  100 (vir)     1          20.271          -3.639          -2.602          -8.720           22.750
  101 (vir)     1          20.513          -2.811          -1.560          -6.729           22.872
  102 (vir)     1          20.844          -3.171          -2.021          -7.488           23.141
  103 (vir)     1          21.111          -3.656          -2.047          -7.909           23.318
  104 (vir)     1          21.254          -3.071          -1.745          -6.967           23.405
  105 (vir)     1          21.338          -2.682          -1.603          -6.513           23.565
  106 (vir)     1          21.580          -3.351          -1.709          -7.357           23.878
  107 (vir)     1          22.262          -3.987          -1.428          -6.821           23.668
  108 (vir)     1          22.573          -3.884          -2.311          -8.775           25.153
  109 (vir)     1          22.583          -4.461          -1.026          -6.340           23.436
  110 (vir)     1          22.669          -4.297          -0.973          -6.162           23.560
  111 (vir)     1          23.980          -4.212          -1.921          -8.160           26.006
  112 (vir)     1          24.771          -4.951          -2.058          -8.684           26.446
  113 (vir)     1          24.948          -3.855          -2.399          -8.800           27.495
  114 (vir)     1          25.598          -3.866          -1.993          -8.309           28.048
  115 (vir)     1          26.565          -3.683          -2.122          -8.116           28.876
  116 (vir)     1          26.795          -3.956          -1.787          -7.609           28.660
  117 (vir)     1          26.965          -4.152          -2.121          -8.582           29.274
  118 (vir)     1          26.971          -2.072          -3.249         -10.175           31.824
  119 (vir)     1          27.250          -3.706          -1.830          -7.574           29.288
  120 (vir)     1          27.626          -4.126          -2.170          -8.581           29.911
  121 (vir)     1          27.845           2.016          -3.278         -10.496           37.078
  122 (vir)     1          28.239          -4.033          -1.811          -7.794           30.189
  123 (vir)     1          28.403          -3.940          -2.389          -9.543           31.617
  124 (vir)     1          28.889          -3.752          -2.060          -8.099           31.175
  125 (vir)     1          29.424          -4.341          -1.883          -8.250           31.450
  126 (vir)     1          30.444          -6.977          -1.987          -8.938           30.418
  127 (vir)     1          30.508          -5.783          -1.704          -8.329           31.350
  128 (vir)     1          30.943          -5.096          -2.235          -9.163           32.775
  129 (vir)     1          30.997          -4.706          -2.102          -8.601           32.790
  130 (vir)     1          31.110          -5.136          -2.014          -8.725           32.683
  131 (vir)     1          31.715          -6.975          -2.127          -9.280           31.893
  132 (vir)     1          31.890          -4.939          -1.777          -7.953           33.126
  133 (vir)     1          33.438           2.214          -2.534         -10.123           43.241
  134 (vir)     1          34.054          -5.312          -2.146          -9.071           35.668
  135 (vir)     1          34.435          -7.145          -2.231          -9.300           34.359
  136 (vir)     1          34.875          -5.785          -1.838          -8.471           35.724
  137 (vir)     1          36.831          -5.413          -2.547          -9.560           38.431
  138 (vir)     1          37.188          -5.909          -1.647          -8.571           38.203
  139 (vir)     1          37.510          -6.202          -1.685          -8.781           38.404
  140 (vir)     1          38.224          -6.404          -1.348          -8.129           38.600
  141 (vir)     1          39.410          -8.160          -3.352         -11.694           39.592
  142 (vir)     1          39.418          -7.339          -2.065          -9.754           39.767
  143 (vir)     1          40.370          -7.876          -2.955         -11.049           40.588
  144 (vir)     1          41.075          -8.742          -3.480         -12.177           41.031
  145 (vir)     1          42.007          -8.520          -2.573         -10.580           41.494
  146 (vir)     1          42.551          -8.586          -2.208          -9.828           41.585
  147 (vir)     1          44.236          -9.106          -3.245         -12.544           44.428
  148 (vir)     1          44.390          -8.152          -2.604         -11.091           44.724
  149 (vir)     1          44.691          -7.866          -2.750         -10.865           44.940
  150 (vir)     1          46.093          -9.244          -2.617         -10.675           44.906
  151 (vir)     1          47.372         -11.051          -3.284         -12.220           45.257
  152 (vir)     1          49.123          -8.761          -2.787         -11.061           48.635
  153 (vir)     1          49.437          -9.874          -3.509         -13.496           49.551
  154 (vir)     1          49.955          -8.955          -2.807         -11.590           49.783
  155 (vir)     1          50.364          -9.055          -2.716         -11.153           49.747
  156 (vir)     1          50.864          -5.125          -2.513         -11.177           54.403
  157 (vir)     1          50.876          -9.407          -3.175         -12.474           50.768
  158 (vir)     1          51.672         -10.385          -2.593         -11.345           50.039
  159 (vir)     1          52.442          -9.374          -2.838         -12.102           52.333
  160 (vir)     1          53.201           4.340          -2.758         -11.803           66.586
  161 (vir)     1          53.459          -8.792          -2.082         -10.588           53.174
  162 (vir)     1          54.480           6.022          -2.939         -12.293           69.856
  163 (vir)     1          54.808           4.131          -2.632         -12.160           68.467
  164 (vir)     1          56.440           3.255          -2.640         -12.316           69.371
  165 (vir)     1          57.180           3.567          -2.694         -12.437           70.490
  166 (vir)     1          57.217           4.797          -3.224         -13.355           72.145
  167 (vir)     1          58.287           4.257          -2.681         -12.115           71.978
  168 (vir)     1          59.948           4.181          -3.174         -13.301           74.257
  169 (vir)     1          60.200           3.252          -2.721         -12.767           73.498
  170 (vir)     1          60.667           3.301          -2.515         -12.642           74.095
  171 (vir)     1          61.580           5.213          -3.032         -13.382           77.144
  172 (vir)     1          62.339           3.836          -3.352         -14.179           77.003
  173 (vir)     1          62.427           4.635          -2.898         -13.249           77.413
  174 (vir)     1          62.703           4.982          -2.772         -13.257           78.171
  175 (vir)     1          62.797           2.843          -3.043         -13.982           76.579
  176 (vir)     1          63.549           1.033          -3.027         -14.232           75.788
  177 (vir)     1          64.400           3.477          -2.831         -13.139           78.186
  178 (vir)     1          65.275           4.569          -2.562         -12.745           80.027
  179 (vir)     1          65.965           3.357          -2.175         -11.714           78.860
  180 (vir)     1          66.444           3.053          -2.325         -12.438           79.609
  181 (vir)     1          67.105           4.000          -2.480         -13.409           82.034
  182 (vir)     1          67.554           3.126          -2.408         -13.154           81.426
  183 (vir)     1          68.497           4.237          -2.700         -13.905           83.940
  184 (vir)     1          68.929           3.135          -2.376         -12.499           82.187
  185 (vir)     1          69.252           4.320          -2.535         -13.758           84.795
  186 (vir)     1          69.542           4.317          -2.938         -14.227           85.148
  187 (vir)     1          70.275           3.797          -2.148         -13.215           85.140
  188 (vir)     1          70.647           4.541          -2.689         -13.782           86.280
  189 (vir)     1          71.286           4.104          -2.195         -13.447           86.642
  190 (vir)     1          72.082           3.639          -2.216         -12.509           86.014
  191 (vir)     1          72.296           5.331          -1.823         -12.991           88.795
  192 (vir)     1          72.516           4.792          -2.491         -13.955           88.771
  193 (vir)     1          73.266           4.733          -1.956         -13.193           89.237
  194 (vir)     1          73.917           3.841          -1.945         -12.551           88.364
  195 (vir)     1          74.396           3.748          -2.241         -12.600           88.502
  196 (vir)     1          74.735           4.050          -2.287         -13.132           89.630
  197 (vir)     1          75.728           3.572          -2.093         -13.145           90.352
  198 (vir)     1          75.949           3.743          -2.305         -13.283           90.669
  199 (vir)     1          77.794           3.281          -1.999         -12.574           91.650
  200 (vir)     1          77.810           3.152          -2.179         -13.261           92.043
  201 (vir)     1          78.422           3.022          -2.107         -13.137           92.475
  202 (vir)     1          78.491           3.824          -2.574         -13.879           93.620
  203 (vir)     1          80.558           3.722          -2.806         -14.287           95.762
  204 (vir)     1          81.959           3.535          -2.484         -13.840           96.850
  205 (vir)     1          82.932           4.042          -2.391         -14.200           98.783
  206 (vir)     1          84.592           3.073          -2.214         -13.369           98.821
  207 (vir)     1          85.617           3.551          -2.697         -14.617          101.088
  208 (vir)     1          88.689           3.006          -2.133         -13.501          103.063
  209 (vir)     1          89.624           2.944          -2.676         -15.012          104.904
  210 (vir)     1          90.527           3.059          -2.355         -14.312          105.543
  211 (vir)     1          91.506           2.936          -2.473         -14.645          106.614
  212 (vir)     1          92.274           2.056          -1.896         -13.220          105.654
  213 (vir)     1          92.528           2.246          -1.910         -13.276          106.140
  214 (vir)     1          92.794           3.090          -2.537         -14.794          108.142
  215 (vir)     1          93.766           3.058          -2.609         -15.021          109.235
  216 (vir)     1          94.292           3.044          -2.588         -14.605          109.352
  217 (vir)     1         100.746           3.105          -2.411         -15.106          116.547
  218 (vir)     1         103.211           2.427          -1.960         -14.019          117.698
  219 (vir)     1         104.351           2.569          -2.049         -14.313          119.184
  220 (vir)     1         104.761           2.799          -2.254         -14.888          120.194
  221 (vir)     1         106.260           1.418          -1.670         -13.346          119.355
  222 (vir)     1         110.640           2.330          -2.077         -14.496          125.390
  223 (vir)     1         111.156           1.559          -1.559         -13.359          124.515
  224 (vir)     1         115.675           2.267          -2.175         -14.894          130.661
  225 (vir)     1         126.473           1.175          -2.059         -16.048          141.637
  226 (vir)     1         126.813           1.796          -1.876         -14.708          141.441
  227 (vir)     1         129.363           1.845          -1.855         -14.674          144.027
  228 (vir)     1         129.908           3.261          -3.919         -19.959          149.209
  229 (vir)     1         131.654           2.228          -2.349         -16.373          147.907
  230 (vir)     1         136.981           3.511          -3.200         -18.745          156.038
  231 (vir)     1         140.622           4.178          -2.909         -18.211          160.102
  232 (vir)     1         153.683           2.775          -1.910         -16.285          170.832
  233 (vir)     1         156.977           2.786          -1.783         -15.947          173.928
  234 (vir)     1         162.326           2.604          -1.707         -15.980          179.202
  235 (vir)     1         164.197           2.570          -1.658         -15.874          180.983
  236 (vir)     1         166.334           2.475          -1.612         -15.768          182.964
  237 (vir)     1         166.796           2.455          -1.614         -15.871          183.507
  238 (vir)     1         179.074           1.141          -2.125         -17.002          195.092
  239 (vir)     1         181.154           1.694          -4.446         -21.590          199.992
  240 (vir)     1         181.615           1.567          -5.232         -23.272          201.221
  241 (vir)     1         183.238           1.664          -5.096         -23.310          203.116
  242 (vir)     1         192.856           1.896          -4.351         -22.708          213.109
  243 (vir)     1         194.182           1.856          -4.448         -22.846          214.437
  244 (vir)     1         204.079           5.727          -1.175         -13.208          221.839
  245 (vir)     1         235.246           6.324          -1.309         -14.728          254.990
  246 (vir)     1         236.092           1.170          -3.093         -21.755          255.923
  247 (vir)     1         238.122           1.098          -3.135         -21.876          257.961
  248 (vir)     1         239.829           2.713          -1.834         -16.959          257.667
  249 (vir)     1         240.351           1.059          -3.217         -22.113          260.305
  250 (vir)     1         240.877           1.241          -2.855         -21.003          260.266
  251 (vir)     1         241.597           1.883          -2.358         -18.873          259.995
  252 (vir)     1         242.965           3.165          -1.919         -17.285          261.496
  253 (vir)     1         244.399           2.819          -0.979         -13.951          260.190
  254 (vir)     1         244.849           3.546          -1.801         -16.984          263.578
  255 (vir)     1         246.438           2.728          -1.984         -17.502          264.684
  256 (vir)     1         247.997           2.173          -2.283         -18.619          266.506
  257 (vir)     1         281.363           4.777          -2.497         -19.029          302.671
 
