 
  kpoint:       1             coordinate:     0.0000    0.0000    0.0000                  spin:  1
 
    n           k   ϵ_nk^DFT (eV)     Σ^c_nk (eV)     Σ^x_nk (eV)    v_nk^xc (eV)   ϵ_nk^G0W0 (eV)
 
    1 (occ)     1         -16.953           5.513         -20.179         -12.842          -18.777
    2 (occ)     1         -11.575           2.569         -16.130         -11.483          -13.653
    3 (occ)     1          -7.185           0.625         -14.952         -11.400          -10.112
    4 (occ)     1          -7.051          -0.040         -13.227         -10.424           -9.895
    5 (occ)     1          -7.051          -0.041         -13.229         -10.424           -9.896
    6 (vir)     1          -3.353          -1.225          -5.540          -9.768           -0.350
    7 (vir)     1          -3.353          -1.224          -5.540          -9.768           -0.350
    8 (vir)     1           0.752          -1.651          -3.449          -7.738            3.391
    9 (vir)     1           0.921          -1.092          -1.762          -4.967            3.033
   10 (vir)     1           2.122          -1.586          -1.851          -5.460            4.144
   11 (vir)     1           2.122          -1.572          -1.853          -5.460            4.156
   12 (vir)     1           2.692          -1.480          -2.156          -5.831            4.887
   13 (vir)     1           2.692          -1.465          -2.156          -5.831            4.902
   14 (vir)     1           3.507          -1.507          -1.671          -5.096            5.425
   15 (vir)     1           3.710          -1.567          -1.549          -5.062            5.657
   16 (vir)     1           4.687          -2.312          -1.333          -5.186            6.227
   17 (vir)     1           4.687          -2.314          -1.333          -5.186            6.226
   18 (vir)     1           4.951          -1.943          -0.969          -4.631            6.671
   19 (vir)     1           4.951          -1.965          -0.970          -4.631            6.647
   20 (vir)     1           5.084          -1.654          -1.115          -4.595            6.911
   21 (vir)     1           5.084          -1.654          -1.115          -4.595            6.910
   22 (vir)     1           7.446          -1.883          -1.775          -5.930            9.718
   23 (vir)     1           8.118          -0.811          -0.455          -3.766           10.618
   24 (vir)     1           8.118          -0.876          -0.455          -3.766           10.551
   25 (vir)     1           9.113          -1.523          -0.898          -4.494           11.186
   26 (vir)     1           9.279          -1.678          -0.559          -3.925           10.967
   27 (vir)     1           9.279          -1.659          -0.558          -3.925           10.987
   28 (vir)     1           9.699          -1.679          -0.966          -4.784           11.839
   29 (vir)     1           9.699          -1.609          -0.963          -4.784           11.911
   30 (vir)     1          10.050          -3.091          -2.317          -7.789           12.432
   31 (vir)     1          10.278          -4.536          -2.287          -7.746           11.200
   32 (vir)     1          10.278          -4.509          -2.287          -7.746           11.228
   33 (vir)     1          11.190          -1.449          -0.308          -3.567           13.000
   34 (vir)     1          11.190          -1.451          -0.308          -3.567           12.998
   35 (vir)     1          13.937          -4.842          -2.151          -9.062           16.006
   36 (vir)     1          13.937           0.729          -2.155          -9.062           21.574
   37 (vir)     1          14.740          -5.466          -1.606          -7.448           15.116
   38 (vir)     1          14.740          -5.133          -1.604          -7.448           15.450
   39 (vir)     1          15.366          -2.563          -0.767          -4.947           16.982
   40 (vir)     1          16.387          -4.451          -1.104          -6.398           17.230
   41 (vir)     1          16.387          -4.475          -1.105          -6.398           17.205
   42 (vir)     1          16.398          -2.907          -1.050          -5.955           18.397
   43 (vir)     1          16.398          -2.898          -1.048          -5.955           18.407
   44 (vir)     1          17.384          -4.952          -1.958          -8.105           18.578
   45 (vir)     1          17.897          -2.837          -0.977          -5.354           19.437
   46 (vir)     1          19.084          -8.298          -2.659         -10.858           18.985
   47 (vir)     1          19.084          -8.292          -2.658         -10.858           18.993
   48 (vir)     1          26.960          -8.268          -1.509          -8.238           25.422
   49 (vir)     1          26.960          -8.254          -1.509          -8.238           25.435
   50 (vir)     1          27.481         -11.616          -3.142         -12.399           25.123
   51 (vir)     1          28.116          -8.924          -1.307          -7.862           25.747
   52 (vir)     1          28.116          -8.919          -1.307          -7.862           25.753
   53 (vir)     1          29.165          -9.835          -1.906          -9.571           26.995
   54 (vir)     1          34.689           1.252          -0.691          -6.109           41.360
   55 (vir)     1          34.689           1.217          -0.698          -6.109           41.317
   56 (vir)     1          40.288           2.683          -1.393          -9.696           51.274
   57 (vir)     1         102.318          -6.562          -0.715          -8.036          103.078
   58 (vir)     1         104.210          -5.722          -0.689          -8.074          105.873
 
