 
  kpoint:       1             coordinate:     0.0000    0.0000    0.0000                  spin:  1
 
    n           k   ϵ_nk^DFT (eV)     Σ^c_nk (eV)     Σ^x_nk (eV)    v_nk^xc (eV)   ϵ_nk^G0W0 (eV)
 
    1 (occ)     1         -28.314           8.680         -31.367         -19.979          -31.021
    2 (occ)     1         -13.445           3.207         -23.955         -16.583          -17.610
    3 (occ)     1         -11.599           0.415         -21.259         -16.485          -15.959
    4 (occ)     1         -11.599           0.427         -21.307         -16.485          -15.995
    5 (occ)     1         -10.258           2.065         -23.446         -17.099          -14.540
    6 (vir)     1          -1.897          -1.793          -8.497         -15.135            2.948
    7 (vir)     1          -1.897          -1.797          -8.487         -15.135            2.955
    8 (vir)     1           2.338          -0.162          -0.222          -1.527            3.481
    9 (vir)     1           2.668          -0.108          -0.186          -1.543            3.917
   10 (vir)     1           2.668          -0.109          -0.186          -1.543            3.915
   11 (vir)     1           2.833          -0.282          -0.584          -2.058            4.025
   12 (vir)     1           2.833          -0.278          -0.585          -2.058            4.028
   13 (vir)     1           3.602          -0.570          -1.160          -3.877            5.749
   14 (vir)     1           5.383          -0.363          -0.553          -2.670            7.137
   15 (vir)     1           5.383          -0.362          -0.555          -2.670            7.136
   16 (vir)     1           5.723          -0.261          -0.397          -2.225            7.290
   17 (vir)     1           6.453          -0.131          -0.072          -1.438            7.688
   18 (vir)     1           6.453          -0.138          -0.073          -1.438            7.680
   19 (vir)     1           8.114          -1.254          -2.178          -6.809           11.491
   20 (vir)     1           8.114          -1.247          -2.193          -6.809           11.482
   21 (vir)     1           9.352          -1.363          -2.587          -7.123           12.525
   22 (vir)     1          15.123          -1.719          -4.075         -10.012           19.340
   23 (vir)     1          15.508          -2.937          -2.221          -8.376           18.725
   24 (vir)     1          15.508          -2.891          -2.214          -8.376           18.779
   25 (vir)     1          16.627          -1.940          -2.611          -7.470           19.547
   26 (vir)     1          18.173          -4.573          -7.441         -17.183           23.342
   27 (vir)     1          29.170          -4.479          -5.381         -14.015           33.324
   28 (vir)     1          29.170          -4.530          -5.375         -14.015           33.279
   29 (vir)     1          32.755          -9.453          -5.164         -14.388           32.526
   30 (vir)     1          32.755          -8.891          -5.195         -14.388           33.058
   31 (vir)     1          39.018           1.984          -3.187         -12.449           50.264
   32 (vir)     1          39.018           2.059          -3.194         -12.449           50.332
   33 (vir)     1          39.432          -1.286          -1.421          -8.070           44.795
   34 (vir)     1          39.432          -1.303          -1.425          -8.070           44.774
   35 (vir)     1          40.496          -1.512          -0.963          -6.968           44.989
   36 (vir)     1          40.496          -1.523          -0.968          -6.968           44.972
   37 (vir)     1          45.235           4.692          -3.111         -12.142           58.958
   38 (vir)     1          49.328          -9.778          -2.863         -11.969           48.655
   39 (vir)     1          51.288          -9.175          -2.403         -11.530           51.240
   40 (vir)     1          51.288          -9.416          -2.389         -11.530           51.014
   41 (vir)     1          51.934         -10.063          -2.695         -12.452           51.628
   42 (vir)     1          55.747           5.112          -3.192         -13.917           71.585
   43 (vir)     1          58.891          -4.646          -2.271         -12.097           64.071
   44 (vir)     1          58.891          -4.706          -2.267         -12.097           64.016
   45 (vir)     1          63.474          -5.602          -3.947         -13.560           67.485
   46 (vir)     1          65.742         -11.708          -1.610         -11.097           63.521
   47 (vir)     1          65.742         -11.682          -1.606         -11.097           63.552
   48 (vir)     1          66.695           1.451          -3.238         -13.850           78.758
   49 (vir)     1          66.695           1.405          -3.209         -13.850           78.741
   50 (vir)     1          71.377           3.131          -2.995         -15.868           87.382
   51 (vir)     1          71.377           3.404          -3.026         -15.868           87.624
   52 (vir)     1          76.939           2.361          -2.369         -13.261           90.191
   53 (vir)     1          76.939           2.553          -2.353         -13.261           90.399
   54 (vir)     1          88.553           4.530          -3.584         -16.988          106.488
   55 (vir)     1         110.397           1.863          -3.542         -18.309          127.026
   56 (vir)     1         112.705           2.001          -3.028         -16.793          128.471
   57 (vir)     1         112.705           1.923          -2.954         -16.793          128.466
   58 (vir)     1         230.209           1.599          -1.787         -16.090          246.112
 
