 
  kpoint:       1             coordinate:     0.0000    0.0000    0.0000                  spin:  1
 
    n           k   ϵ_nk^DFT (eV)     Σ^c_nk (eV)     Σ^x_nk (eV)    v_nk^xc (eV)   ϵ_nk^G0W0 (eV)
 
    1 (occ)     1         -50.572           4.393         -43.872         -28.293          -61.759
    2 (occ)     1         -24.526          10.435         -37.882         -23.477          -28.497
    3 (occ)     1          -6.351           4.180         -29.670         -21.686          -10.155
    4 (occ)     1          -6.065           4.029         -28.498         -20.916           -9.617
    5 (occ)     1          -6.065           4.029         -28.498         -20.916           -9.617
    6 (vir)     1          -1.616          -0.209          -0.531          -2.681            0.325
    7 (vir)     1           0.368          -0.058          -0.939          -2.558            1.928
    8 (vir)     1           0.368          -0.058          -0.939          -2.558            1.928
    9 (vir)     1           1.042          -0.127          -0.339          -1.874            2.450
   10 (vir)     1           3.477          -0.046          -0.378          -1.511            4.564
   11 (vir)     1           3.477          -0.046          -0.378          -1.511            4.564
   12 (vir)     1           3.663          -0.130          -0.498          -2.026            5.061
   13 (vir)     1           3.730          -0.025          -0.006          -0.896            4.595
   14 (vir)     1           3.731          -0.025          -0.006          -0.895            4.595
   15 (vir)     1           4.698          -0.267          -0.615          -3.138            6.954
   16 (vir)     1           5.172          -0.411          -1.507          -5.239            8.493
   17 (vir)     1           5.172          -0.411          -1.507          -5.239            8.493
   18 (vir)     1           9.750          -0.862          -3.368          -7.709           13.229
   19 (vir)     1          13.180          -1.359          -3.369          -7.966           16.418
   20 (vir)     1          19.611          -3.226          -4.571         -11.108           22.922
   21 (vir)     1          19.611          -3.226          -4.571         -11.108           22.922
   22 (vir)     1          21.047          -1.050          -3.163          -8.648           25.481
   23 (vir)     1          22.917          -1.432          -2.460          -8.325           27.350
   24 (vir)     1          22.919          -1.432          -2.460          -8.323           27.350
   25 (vir)     1          26.063          -1.944          -2.688          -8.847           30.278
   26 (vir)     1          26.063          -1.944          -2.688          -8.847           30.278
   27 (vir)     1          26.081          -2.410          -2.916          -8.989           29.743
   28 (vir)     1          45.573           1.529          -2.633         -10.510           54.979
   29 (vir)     1          47.043          -2.756          -1.571          -9.066           51.782
   30 (vir)     1          47.043          -2.756          -1.571          -9.066           51.782
   31 (vir)     1          47.451          -4.262          -1.660          -9.348           50.877
   32 (vir)     1          47.451          -4.262          -1.660          -9.348           50.878
   33 (vir)     1          47.962          -4.220          -1.773          -9.502           51.470
   34 (vir)     1          47.962          -4.220          -1.773          -9.502           51.470
   35 (vir)     1          55.059           1.184          -3.856         -12.978           65.366
   36 (vir)     1          82.283           1.476          -7.433         -19.737           96.064
   37 (vir)     1          82.283           1.476          -7.433         -19.737           96.064
   38 (vir)     1          84.068           1.111          -7.390         -19.672           97.461
   39 (vir)     1          84.068           1.111          -7.390         -19.672           97.461
   40 (vir)     1          91.027           0.771          -7.050         -20.418          105.166
   41 (vir)     1          94.558           0.423          -2.864         -12.082          104.200
   42 (vir)     1         106.733           1.431          -6.228         -23.119          125.055
   43 (vir)     1         106.733           1.431          -6.228         -23.119          125.055
   44 (vir)     1         134.639           1.014          -5.668         -22.551          152.535
 
