 
  kpoint:       1             coordinate:     0.0000    0.0000    0.0000                  spin:  1
 
    n           k   ϵ_nk^DFT (eV)     Σ^c_nk (eV)     Σ^x_nk (eV)    v_nk^xc (eV)   ϵ_nk^G0W0 (eV)
 
    1 (occ)     1         -25.490           8.554         -31.624         -19.830          -28.729
    2 (occ)     1         -13.278           1.541         -24.471         -17.938          -18.270
    3 (occ)     1          -9.335           2.140         -25.138         -18.287          -14.046
    4 (occ)     1          -7.294           2.202         -25.273         -18.534          -11.830
    5 (vir)     1           0.189          -0.276          -0.907          -2.796            1.802
    6 (vir)     1           2.950          -1.132          -3.852          -8.694            6.660
    7 (vir)     1           3.730          -0.830          -2.777          -6.525            6.648
    8 (vir)     1           5.022          -0.034          -0.063          -0.731            5.655
    9 (vir)     1           6.037          -0.365          -1.236          -4.457            8.892
   10 (vir)     1           6.614          -0.295          -1.434          -4.258            9.143
   11 (vir)     1           7.275          -0.368          -0.964          -4.442           10.385
   12 (vir)     1           8.324          -0.641          -1.469          -5.429           11.643
   13 (vir)     1           8.662          -0.515          -1.652          -4.639           11.134
   14 (vir)     1          12.506          -1.097          -3.378          -8.091           16.122
   15 (vir)     1          13.005          -1.104          -2.533          -7.289           16.657
   16 (vir)     1          14.127          -2.105          -4.296         -10.753           18.480
   17 (vir)     1          21.206          -3.035          -3.440         -10.599           25.330
   18 (vir)     1          22.474          -1.898          -2.963          -9.174           26.787
   19 (vir)     1          23.070          -1.833          -3.270          -9.840           27.807
   20 (vir)     1          29.952          -2.489          -4.508         -11.694           34.650
   21 (vir)     1          36.206          -1.950          -4.640         -12.613           42.230
   22 (vir)     1          37.575          -3.557          -4.031         -12.122           42.109
   23 (vir)     1          38.333          -2.590          -2.560          -9.221           42.404
   24 (vir)     1          43.154           0.948          -4.959         -13.723           52.865
   25 (vir)     1          49.020           3.525          -2.424         -11.110           61.232
   26 (vir)     1          51.218           2.503          -3.857         -13.253           63.117
   27 (vir)     1          52.205           2.097          -3.569         -12.269           63.002
   28 (vir)     1          56.033           2.433          -2.803         -11.952           67.614
   29 (vir)     1          62.626           2.080          -3.350         -13.483           74.839
   30 (vir)     1          72.712           4.182          -3.399         -13.605           87.101
   31 (vir)     1         113.476           3.428          -3.174         -17.373          131.103
   32 (vir)     1         115.351           3.916          -3.282         -18.178          134.163
   33 (vir)     1         119.101           2.641          -3.225         -17.802          136.319
   34 (vir)     1         146.226           2.602          -2.854         -18.328          164.302
   35 (vir)     1         150.559           2.972          -2.332         -17.416          168.615
   36 (vir)     1         175.674           1.514          -5.574         -23.509          195.122
   37 (vir)     1         176.924           1.494          -5.299         -23.378          196.498
   38 (vir)     1         178.357           1.625          -5.415         -23.551          198.118
   39 (vir)     1         179.757           1.679          -5.057         -23.082          199.460
   40 (vir)     1         185.884           1.795          -4.888         -23.216          206.007
   41 (vir)     1         224.876           1.186          -3.236         -20.632          243.459
   42 (vir)     1         225.282           1.153          -3.172         -20.653          243.916
   43 (vir)     1         225.630           1.140          -3.320         -20.687          244.137
   44 (vir)     1         225.682           1.036          -3.360         -20.779          244.137
   45 (vir)     1         225.869           1.136          -3.349         -20.694          244.350
   46 (vir)     1         226.625           1.124          -3.256         -20.761          245.253
   47 (vir)     1         226.671           1.233          -3.274         -20.710          245.340
 
