 
  kpoint:       1             coordinate:     0.0000    0.0000    0.0000                  spin:  1
 
    n           k   ϵ_nk^DFT (eV)     Σ^c_nk (eV)     Σ^x_nk (eV)    v_nk^xc (eV)   ϵ_nk^G0W0 (eV)
 
    1 (occ)     1         -23.013           6.328         -24.917         -15.652          -25.951
    2 (occ)     1          -9.238           1.511         -18.469         -13.568          -12.628
    3 (occ)     1          -9.238           1.510         -18.468         -13.568          -12.627
    4 (occ)     1          -9.238           1.510         -18.468         -13.568          -12.627
    5 (vir)     1           0.970          -0.290          -1.350          -4.704            4.034
    6 (vir)     1           2.213          -0.101          -0.676          -2.692            4.128
    7 (vir)     1           2.213          -0.101          -0.676          -2.692            4.128
    8 (vir)     1           2.213          -0.101          -0.676          -2.692            4.128
    9 (vir)     1           6.310          -0.033          -0.062          -1.458            7.673
   10 (vir)     1           6.310          -0.034          -0.062          -1.458            7.673
   11 (vir)     1           6.310          -0.034          -0.062          -1.458            7.673
   12 (vir)     1           6.310          -0.033          -0.062          -1.458            7.673
   13 (vir)     1           6.310          -0.033          -0.062          -1.458            7.673
   14 (vir)     1           6.310          -0.034          -0.062          -1.458            7.673
   15 (vir)     1           6.310          -0.033          -0.062          -1.458            7.673
   16 (vir)     1           7.125          -0.102          -1.432          -4.012            9.603
   17 (vir)     1           7.125          -0.102          -1.432          -4.012            9.603
   18 (vir)     1           7.125          -0.102          -1.432          -4.012            9.604
   19 (vir)     1           7.125          -0.102          -1.433          -4.012            9.603
   20 (vir)     1           7.125          -0.102          -1.432          -4.012            9.603
   21 (vir)     1          12.778          -0.764          -2.103          -6.614           16.525
   22 (vir)     1          12.778          -0.764          -2.104          -6.614           16.524
   23 (vir)     1          12.778          -0.764          -2.103          -6.614           16.525
   24 (vir)     1          30.224           2.581          -2.479          -9.877           40.203
   25 (vir)     1          30.224           2.575          -2.478          -9.877           40.198
   26 (vir)     1          30.224           2.579          -2.478          -9.877           40.201
   27 (vir)     1          30.224           2.660          -2.454          -9.877           40.307
   28 (vir)     1          30.224           2.672          -2.456          -9.877           40.317
   29 (vir)     1          57.154           0.570          -0.805          -5.542           62.460
 
