 
  kpoint:       1             coordinate:     0.0000    0.0000    0.0000                  spin:  1
 
    n           k   ϵ_nk^DFT (eV)     Σ^c_nk (eV)     Σ^x_nk (eV)    v_nk^xc (eV)   ϵ_nk^G0W0 (eV)
 
    1 (occ)     1         -21.196           7.821         -26.382         -16.751          -23.007
    2 (occ)     1         -12.308           2.841         -17.967         -12.674          -14.761
    3 (occ)     1          -8.274           0.387         -16.849         -13.324          -11.412
    4 (occ)     1          -8.274           0.393         -16.875         -13.324          -11.432
    5 (occ)     1          -7.699           2.101         -20.496         -15.260          -10.835
    6 (vir)     1          -3.336          -1.330          -6.768         -11.728            0.295
    7 (vir)     1          -3.336          -1.327          -6.780         -11.728            0.286
    8 (vir)     1           0.147          -1.207          -3.334          -7.491            3.096
    9 (vir)     1           2.082          -0.821          -0.790          -3.232            3.703
   10 (vir)     1           2.082          -0.816          -0.790          -3.232            3.708
   11 (vir)     1           2.416          -0.795          -1.107          -3.670            4.183
   12 (vir)     1           3.252          -0.479          -0.540          -2.314            4.547
   13 (vir)     1           3.252          -0.474          -0.533          -2.314            4.559
   14 (vir)     1           4.019          -0.907          -1.083          -3.879            5.909
   15 (vir)     1           4.171          -1.068          -1.246          -4.471            6.328
   16 (vir)     1           4.171          -1.066          -1.246          -4.471            6.330
   17 (vir)     1           4.707          -1.285          -0.784          -3.277            5.916
   18 (vir)     1           4.707          -1.306          -0.787          -3.277            5.891
   19 (vir)     1           5.088          -1.785          -1.260          -4.932            6.974
   20 (vir)     1           5.088          -1.774          -1.270          -4.932            6.976
   21 (vir)     1           6.260          -1.317          -1.388          -4.918            8.473
   22 (vir)     1           7.962          -1.942          -2.700          -7.516           10.836
   23 (vir)     1           8.759          -0.680          -0.292          -3.384           11.171
   24 (vir)     1           8.759          -0.664          -0.296          -3.384           11.183
   25 (vir)     1           8.845          -0.991          -0.819          -4.242           11.277
   26 (vir)     1           8.845          -1.004          -0.818          -4.242           11.264
   27 (vir)     1          10.421          -1.576          -1.922          -6.250           13.173
   28 (vir)     1          11.039          -1.528          -0.760          -4.333           13.084
   29 (vir)     1          11.039          -1.518          -0.758          -4.333           13.095
   30 (vir)     1          12.946          -1.394          -1.458          -5.493           15.586
   31 (vir)     1          14.359          -2.209          -2.106          -9.010           19.055
   32 (vir)     1          14.359          -2.051          -2.082          -9.010           19.236
   33 (vir)     1          14.395          -8.417          -3.645         -11.467           13.800
   34 (vir)     1          14.395          -8.516          -3.588         -11.467           13.758
   35 (vir)     1          21.129          -4.403          -1.775          -7.935           22.886
   36 (vir)     1          21.129          -4.504          -1.773          -7.935           22.788
   37 (vir)     1          24.634          -6.517          -1.487          -8.032           24.662
   38 (vir)     1          24.634          -6.656          -1.488          -8.032           24.522
   39 (vir)     1          25.050          -7.955          -3.860         -12.394           25.629
   40 (vir)     1          28.852          -9.093          -2.645         -11.797           28.912
   41 (vir)     1          39.034           4.020          -2.629         -10.956           51.382
   42 (vir)     1          39.915           0.403          -4.429         -14.287           50.176
   43 (vir)     1          39.915           0.292          -4.428         -14.287           50.066
   44 (vir)     1          47.252           3.879          -3.814         -13.946           61.263
   45 (vir)     1          47.252           3.871          -3.778         -13.946           61.291
   46 (vir)     1          49.360          -2.517          -1.551          -9.620           54.912
   47 (vir)     1          49.360          -1.976          -1.569          -9.620           55.435
   48 (vir)     1          52.082           2.464          -2.525         -11.519           63.540
   49 (vir)     1          53.475           1.909          -1.995         -10.910           64.299
   50 (vir)     1          53.475           3.050          -1.943         -10.910           65.492
   51 (vir)     1          54.193           1.499          -2.576         -12.217           65.333
   52 (vir)     1          54.193           1.527          -2.605         -12.217           65.331
   53 (vir)     1          59.010           2.126          -4.031         -14.982           72.086
   54 (vir)     1          69.134           3.663          -1.889         -13.448           84.356
   55 (vir)     1          69.134           4.069          -2.074         -13.448           84.577
   56 (vir)     1          70.078           3.766          -2.226         -13.927           85.545
   57 (vir)     1         103.402          -9.003          -0.495          -8.081          101.984
   58 (vir)     1         154.771           2.000          -1.591         -13.384          168.564
 
