 
  kpoint:       1             coordinate:     0.0000    0.0000    0.0000                  spin:  1
 
    n           k   ϵ_nk^DFT (eV)     Σ^c_nk (eV)     Σ^x_nk (eV)    v_nk^xc (eV)   ϵ_nk^G0W0 (eV)
 
    1 (occ)     1         -26.780           9.133         -31.575         -19.664          -29.558
    2 (occ)     1         -21.360           7.283         -25.620         -15.840          -23.856
    3 (occ)     1         -18.762           6.026         -24.819         -15.910          -21.645
    4 (occ)     1         -18.319           5.917         -24.668         -15.872          -21.198
    5 (occ)     1         -15.646           4.267         -23.404         -16.051          -18.732
    6 (occ)     1         -14.844           4.112         -23.255         -16.046          -17.941
    7 (occ)     1         -13.663           3.176         -22.510         -16.188          -16.809
    8 (occ)     1         -12.237           2.953         -21.481         -15.347          -15.417
    9 (occ)     1         -11.549           2.932         -22.259         -16.330          -14.545
   10 (occ)     1         -10.863           2.364         -20.935         -15.311          -14.123
   11 (occ)     1         -10.287           2.286         -20.390         -15.074          -13.317
   12 (occ)     1         -10.186           3.051         -20.563         -14.978          -12.720
   13 (occ)     1          -9.383           2.703         -23.369         -17.458          -12.591
   14 (occ)     1          -8.713           1.786         -20.846         -15.955          -11.819
   15 (occ)     1          -8.206           1.824         -21.286         -16.328          -11.340
   16 (occ)     1          -8.195           2.325         -19.799         -14.969          -10.700
   17 (occ)     1          -6.348           0.375         -15.844         -13.152           -8.664
   18 (occ)     1          -5.625           0.684         -18.092         -15.029           -8.004
   19 (vir)     1          -1.345          -2.223          -7.650         -12.485            1.267
   20 (vir)     1          -0.699          -2.318          -7.828         -12.730            1.886
   21 (vir)     1          -0.529          -0.955          -1.688          -4.271            1.099
   22 (vir)     1          -0.161          -0.850          -1.365          -3.690            1.315
   23 (vir)     1           0.182          -0.644          -0.858          -2.717            1.397
   24 (vir)     1           0.583          -0.775          -1.148          -3.286            1.947
   25 (vir)     1           0.723          -0.594          -0.721          -2.428            1.836
   26 (vir)     1           0.857          -0.672          -0.948          -2.893            2.129
   27 (vir)     1           1.074          -0.677          -0.881          -2.860            2.375
   28 (vir)     1           1.376          -0.526          -0.561          -2.147            2.436
   29 (vir)     1           1.475          -0.516          -0.528          -2.082            2.513
   30 (vir)     1           1.652          -0.670          -0.907          -2.807            2.882
   31 (vir)     1           1.834          -0.540          -0.674          -2.404            3.025
   32 (vir)     1           2.453          -0.492          -0.586          -2.038            3.414
   33 (vir)     1           2.509          -0.439          -0.475          -1.808            3.403
   34 (vir)     1           2.575          -0.602          -0.849          -2.630            3.754
   35 (vir)     1           2.698          -0.591          -0.782          -2.603            3.928
   36 (vir)     1           2.807          -0.508          -0.606          -2.235            3.928
   37 (vir)     1           2.887          -1.152          -2.535          -5.282            4.482
   38 (vir)     1           2.965          -3.583          -4.425          -9.728            4.686
   39 (vir)     1           3.179          -0.702          -0.915          -2.837            4.398
   40 (vir)     1           3.255          -0.675          -0.885          -2.762            4.456
   41 (vir)     1           3.313          -0.454          -0.378          -1.845            4.325
   42 (vir)     1           3.435          -0.859          -1.340          -3.501            4.737
   43 (vir)     1           3.618          -1.094          -1.841          -4.463            5.146
   44 (vir)     1           3.896          -1.107          -1.905          -4.626            5.510
   45 (vir)     1           4.092          -1.083          -1.136          -3.150            5.023
   46 (vir)     1           4.529          -1.640          -2.540          -6.075            6.424
   47 (vir)     1           4.847          -1.779          -3.033          -6.817            6.852
   48 (vir)     1           5.166          -1.777          -3.002          -6.753            7.140
   49 (vir)     1           5.545          -1.473          -2.231          -5.562            7.403
   50 (vir)     1           5.617          -1.455          -1.840          -5.237            7.559
   51 (vir)     1           5.673          -1.529          -2.384          -5.762            7.522
   52 (vir)     1           5.995          -1.330          -1.580          -4.709            7.794
   53 (vir)     1           6.189          -1.734          -2.635          -6.586            8.406
   54 (vir)     1           6.338          -1.279          -1.319          -4.425            8.165
   55 (vir)     1           6.500          -1.655          -2.534          -6.379            8.689
   56 (vir)     1           6.929          -1.428          -1.460          -4.739            8.780
   57 (vir)     1           6.953          -2.110          -3.355          -7.737            9.225
   58 (vir)     1           7.159          -0.600          -0.563          -2.616            8.612
   59 (vir)     1           7.416          -0.798          -0.982          -3.343            8.978
   60 (vir)     1           7.664          -1.502          -1.237          -4.578            9.503
   61 (vir)     1           8.134          -2.815          -4.872         -10.441           10.888
   62 (vir)     1           8.200          -1.635          -1.163          -4.579            9.980
   63 (vir)     1           8.558          -1.119          -1.402          -4.295           10.332
   64 (vir)     1           8.636          -1.000          -0.842          -3.586           10.381
   65 (vir)     1           8.755          -2.094          -3.414          -7.856           11.103
   66 (vir)     1           9.152          -1.895          -1.490          -5.252           11.019
   67 (vir)     1           9.293          -2.523          -3.167          -8.026           11.628
   68 (vir)     1           9.368          -0.953          -0.767          -3.290           10.937
   69 (vir)     1           9.464          -2.801          -1.309          -5.245           10.599
   70 (vir)     1           9.592          -2.598          -2.646          -7.358           11.706
   71 (vir)     1          10.048          -2.170          -2.685          -7.166           12.359
   72 (vir)     1          10.578          -0.893          -1.777          -5.782           13.690
   73 (vir)     1          10.897          -2.528          -3.083          -8.096           13.382
   74 (vir)     1          11.285          -2.163          -2.218          -6.534           13.438
   75 (vir)     1          11.561          -2.052          -1.972          -5.918           13.455
   76 (vir)     1          11.790          -2.311          -2.464          -6.989           14.004
   77 (vir)     1          12.056          -1.643          -1.653          -5.274           14.034
   78 (vir)     1          12.649          -2.316          -2.434          -7.010           14.909
   79 (vir)     1          12.975          -2.242          -2.482          -7.060           15.311
   80 (vir)     1          13.751          -2.840          -3.284          -8.770           16.397
   81 (vir)     1          13.882          -2.992          -1.597          -6.478           15.770
   82 (vir)     1          14.387          -3.450          -3.286          -9.201           16.852
   83 (vir)     1          14.544          -1.828          -1.317          -6.173           17.572
   84 (vir)     1          14.722          -4.133          -1.725          -7.015           15.878
   85 (vir)     1          15.008          -3.462          -2.690          -8.354           17.210
   86 (vir)     1          15.162          -4.142          -3.597         -10.233           17.655
   87 (vir)     1          15.164          -4.036          -2.230          -7.933           16.832
   88 (vir)     1          15.297          -3.928          -3.419          -9.746           17.696
   89 (vir)     1          15.347          -3.799          -3.138          -9.267           17.676
   90 (vir)     1          15.639          -3.236          -2.795          -8.392           17.999
   91 (vir)     1          15.900          -2.890          -1.889          -7.188           18.309
   92 (vir)     1          16.030          -3.441          -2.955          -8.956           18.590
   93 (vir)     1          16.930          -3.149          -2.316          -7.863           19.328
   94 (vir)     1          17.062          -3.511          -2.972          -9.020           19.598
   95 (vir)     1          17.886          -2.947          -2.605          -8.115           20.449
   96 (vir)     1          18.383          -4.834          -3.829         -11.306           21.026
   97 (vir)     1          18.992          -3.187          -2.403          -8.186           21.589
   98 (vir)     1          19.293          -3.174          -2.201          -7.916           21.835
   99 (vir)     1          20.120          -3.109          -1.951          -7.457           22.517
  100 (vir)     1          20.271          -3.636          -2.602          -8.720           22.753
  101 (vir)     1          20.513          -2.805          -1.561          -6.729           22.876
  102 (vir)     1          20.844          -3.165          -2.021          -7.488           23.146
  103 (vir)     1          21.111          -3.652          -2.048          -7.909           23.320
  104 (vir)     1          21.254          -3.053          -1.746          -6.967           23.422
  105 (vir)     1          21.338          -2.679          -1.605          -6.513           23.567
  106 (vir)     1          21.580          -3.340          -1.709          -7.357           23.889
  107 (vir)     1          22.262          -3.955          -1.429          -6.821           23.700
  108 (vir)     1          22.573          -3.880          -2.311          -8.775           25.157
  109 (vir)     1          22.583          -4.406          -1.028          -6.340           23.490
  110 (vir)     1          22.669          -4.274          -0.975          -6.162           23.582
  111 (vir)     1          23.980          -4.211          -1.922          -8.160           26.007
  112 (vir)     1          24.771          -4.949          -2.058          -8.684           26.448
  113 (vir)     1          24.948          -3.846          -2.399          -8.800           27.504
  114 (vir)     1          25.598          -3.862          -1.993          -8.309           28.051
  115 (vir)     1          26.565          -3.673          -2.126          -8.116           28.882
  116 (vir)     1          26.795          -3.942          -1.790          -7.609           28.671
  117 (vir)     1          26.965          -4.144          -2.121          -8.582           29.283
  118 (vir)     1          26.971          -2.041          -3.250         -10.175           31.855
  119 (vir)     1          27.250          -3.702          -1.832          -7.574           29.291
  120 (vir)     1          27.626          -4.122          -2.171          -8.581           29.914
  121 (vir)     1          27.845           2.109          -3.281         -10.496           37.169
  122 (vir)     1          28.239          -4.021          -1.814          -7.794           30.197
  123 (vir)     1          28.403          -3.946          -2.389          -9.543           31.611
  124 (vir)     1          28.889          -3.746          -2.063          -8.099           31.178
  125 (vir)     1          29.424          -4.341          -1.886          -8.250           31.448
  126 (vir)     1          30.444          -7.020          -1.988          -8.938           30.373
  127 (vir)     1          30.508          -5.787          -1.705          -8.329           31.345
  128 (vir)     1          30.943          -5.099          -2.238          -9.163           32.768
  129 (vir)     1          30.997          -4.703          -2.105          -8.601           32.790
  130 (vir)     1          31.110          -5.126          -2.017          -8.725           32.691
  131 (vir)     1          31.715          -6.968          -2.129          -9.280           31.897
  132 (vir)     1          31.890          -4.925          -1.780          -7.953           33.137
  133 (vir)     1          33.438           2.245          -2.535         -10.123           43.271
  134 (vir)     1          34.054          -5.308          -2.149          -9.071           35.669
  135 (vir)     1          34.435          -7.111          -2.233          -9.300           34.392
  136 (vir)     1          34.875          -5.778          -1.840          -8.471           35.729
  137 (vir)     1          36.831          -5.408          -2.551          -9.560           38.433
  138 (vir)     1          37.188          -5.910          -1.651          -8.571           38.198
  139 (vir)     1          37.510          -6.201          -1.688          -8.781           38.402
  140 (vir)     1          38.224          -6.395          -1.352          -8.129           38.606
  141 (vir)     1          39.410          -8.139          -3.354         -11.694           39.611
  142 (vir)     1          39.418          -7.338          -2.068          -9.754           39.766
  143 (vir)     1          40.370          -7.865          -2.958         -11.049           40.596
  144 (vir)     1          41.075          -8.732          -3.481         -12.177           41.039
  145 (vir)     1          42.007          -8.527          -2.575         -10.580           41.485
  146 (vir)     1          42.551          -8.597          -2.211          -9.828           41.571
  147 (vir)     1          44.236          -9.105          -3.248         -12.544           44.427
  148 (vir)     1          44.390          -8.162          -2.608         -11.091           44.710
  149 (vir)     1          44.691          -7.859          -2.754         -10.865           44.943
  150 (vir)     1          46.093          -9.232          -2.623         -10.675           44.912
  151 (vir)     1          47.372         -11.049          -3.288         -12.220           45.255
  152 (vir)     1          49.123          -8.740          -2.793         -11.061           48.650
  153 (vir)     1          49.437          -9.860          -3.510         -13.496           49.564
  154 (vir)     1          49.955          -8.802          -2.812         -11.590           49.930
  155 (vir)     1          50.364          -8.996          -2.720         -11.153           49.802
  156 (vir)     1          50.864           4.325          -2.518         -11.177           63.849
  157 (vir)     1          50.876          -9.397          -3.184         -12.474           50.770
  158 (vir)     1          51.672         -10.294          -2.598         -11.345           50.126
  159 (vir)     1          52.442          -9.334          -2.843         -12.102           52.367
  160 (vir)     1          53.201           4.353          -2.762         -11.803           66.596
  161 (vir)     1          53.459          -8.598          -2.089         -10.588           53.360
  162 (vir)     1          54.480           6.068          -2.952         -12.293           69.889
  163 (vir)     1          54.808           4.130          -2.635         -12.160           68.463
  164 (vir)     1          56.440           3.279          -2.650         -12.316           69.385
  165 (vir)     1          57.180           3.591          -2.702         -12.437           70.506
  166 (vir)     1          57.217           4.806          -3.228         -13.355           72.150
  167 (vir)     1          58.287           4.264          -2.689         -12.115           71.976
  168 (vir)     1          59.948           4.191          -3.186         -13.301           74.255
  169 (vir)     1          60.200           3.287          -2.731         -12.767           73.522
  170 (vir)     1          60.667           3.323          -2.518         -12.642           74.115
  171 (vir)     1          61.580           5.207          -3.041         -13.382           77.128
  172 (vir)     1          62.339           3.840          -3.360         -14.179           76.999
  173 (vir)     1          62.427           4.647          -2.906         -13.249           77.418
  174 (vir)     1          62.703           4.989          -2.776         -13.257           78.173
  175 (vir)     1          62.797           2.875          -3.048         -13.982           76.606
  176 (vir)     1          63.549           1.014          -3.034         -14.232           75.761
  177 (vir)     1          64.400           3.494          -2.834         -13.139           78.200
  178 (vir)     1          65.275           4.580          -2.565         -12.745           80.034
  179 (vir)     1          65.965           3.360          -2.181         -11.714           78.857
  180 (vir)     1          66.444           3.092          -2.331         -12.438           79.643
  181 (vir)     1          67.105           4.017          -2.482         -13.409           82.049
  182 (vir)     1          67.554           3.142          -2.415         -13.154           81.435
  183 (vir)     1          68.497           4.241          -2.703         -13.905           83.940
  184 (vir)     1          68.929           3.161          -2.383         -12.499           82.207
  185 (vir)     1          69.252           4.321          -2.538         -13.758           84.793
  186 (vir)     1          69.542           4.353          -2.945         -14.227           85.177
  187 (vir)     1          70.275           3.730          -2.150         -13.215           85.071
  188 (vir)     1          70.647           4.554          -2.694         -13.782           86.289
  189 (vir)     1          71.286           4.090          -2.197         -13.447           86.626
  190 (vir)     1          72.082           3.649          -2.223         -12.509           86.017
  191 (vir)     1          72.296           5.342          -1.824         -12.991           88.805
  192 (vir)     1          72.516           4.788          -2.494         -13.955           88.764
  193 (vir)     1          73.266           4.705          -1.958         -13.193           89.207
  194 (vir)     1          73.917           3.858          -1.951         -12.551           88.375
  195 (vir)     1          74.396           3.795          -2.255         -12.600           88.536
  196 (vir)     1          74.735           4.044          -2.293         -13.132           89.617
  197 (vir)     1          75.728           3.534          -2.099         -13.145           90.308
  198 (vir)     1          75.949           3.746          -2.310         -13.283           90.668
  199 (vir)     1          77.794           3.294          -2.002         -12.574           91.660
  200 (vir)     1          77.810           3.169          -2.187         -13.261           92.053
  201 (vir)     1          78.422           3.034          -2.115         -13.137           92.478
  202 (vir)     1          78.491           3.824          -2.576         -13.879           93.618
  203 (vir)     1          80.558           3.735          -2.811         -14.287           95.769
  204 (vir)     1          81.959           3.549          -2.490         -13.840           96.858
  205 (vir)     1          82.932           4.060          -2.394         -14.200           98.798
  206 (vir)     1          84.592           3.063          -2.219         -13.369           98.805
  207 (vir)     1          85.617           3.556          -2.704         -14.617          101.085
  208 (vir)     1          88.689           3.017          -2.134         -13.501          103.073
  209 (vir)     1          89.624           2.957          -2.684         -15.012          104.909
  210 (vir)     1          90.527           3.068          -2.360         -14.312          105.546
  211 (vir)     1          91.506           2.956          -2.476         -14.645          106.632
  212 (vir)     1          92.274           2.066          -1.916         -13.220          105.643
  213 (vir)     1          92.528           2.230          -1.936         -13.276          106.098
  214 (vir)     1          92.794           3.081          -2.544         -14.794          108.126
  215 (vir)     1          93.766           3.073          -2.618         -15.021          109.241
  216 (vir)     1          94.292           3.063          -2.602         -14.605          109.358
  217 (vir)     1         100.746           3.136          -2.416         -15.106          116.573
  218 (vir)     1         103.211           2.432          -1.978         -14.019          117.684
  219 (vir)     1         104.351           2.594          -2.064         -14.313          119.194
  220 (vir)     1         104.761           2.816          -2.259         -14.888          120.207
  221 (vir)     1         106.260           1.467          -1.690         -13.346          119.384
  222 (vir)     1         110.640           2.351          -2.108         -14.496          125.380
  223 (vir)     1         111.156           1.534          -1.593         -13.359          124.456
  224 (vir)     1         115.675           2.272          -2.182         -14.894          130.658
  225 (vir)     1         126.473           1.232          -2.102         -16.048          141.652
  226 (vir)     1         126.813           1.797          -1.883         -14.708          141.435
  227 (vir)     1         129.363           1.872          -1.861         -14.674          144.047
  228 (vir)     1         129.908           3.247          -3.919         -19.959          149.195
  229 (vir)     1         131.654           2.245          -2.364         -16.373          147.909
  230 (vir)     1         136.981           3.567          -3.207         -18.745          156.087
  231 (vir)     1         140.622           4.226          -2.928         -18.211          160.131
  232 (vir)     1         153.683           2.778          -1.914         -16.285          170.831
  233 (vir)     1         156.977           2.793          -1.787         -15.947          173.929
  234 (vir)     1         162.326           2.609          -1.710         -15.980          179.205
  235 (vir)     1         164.197           2.574          -1.662         -15.874          180.984
  236 (vir)     1         166.334           2.482          -1.615         -15.768          182.968
  237 (vir)     1         166.796           2.463          -1.619         -15.871          183.511
  238 (vir)     1         179.074           1.179          -2.148         -17.002          195.107
  239 (vir)     1         181.154           1.698          -4.486         -21.590          199.957
  240 (vir)     1         181.615           1.540          -5.273         -23.272          201.154
  241 (vir)     1         183.238           1.670          -5.169         -23.310          203.050
  242 (vir)     1         192.856           1.926          -4.579         -22.708          212.910
  243 (vir)     1         194.182           1.799          -4.601         -22.846          214.227
  244 (vir)     1         204.079           5.739          -1.188         -13.208          221.839
  245 (vir)     1         235.246           6.266          -1.359         -14.728          254.881
  246 (vir)     1         236.092           1.185          -3.679         -21.755          255.353
  247 (vir)     1         238.122           1.092          -3.705         -21.876          257.385
  248 (vir)     1         239.829           2.731          -2.038         -16.959          257.481
  249 (vir)     1         240.351           1.050          -3.784         -22.113          259.730
  250 (vir)     1         240.877           1.236          -3.402         -21.003          259.714
  251 (vir)     1         241.597           1.908          -2.607         -18.873          259.771
  252 (vir)     1         242.965           3.203          -2.072         -17.285          261.381
  253 (vir)     1         244.399           2.821          -0.995         -13.951          260.176
  254 (vir)     1         244.849           3.578          -1.944         -16.984          263.468
  255 (vir)     1         246.438           2.758          -2.124         -17.502          264.574
  256 (vir)     1         247.997           2.200          -2.428         -18.619          266.389
  257 (vir)     1         281.363           4.750          -2.548         -19.029          302.593
 
