 
  kpoint:       1             coordinate:     0.0000    0.0000    0.0000                  spin:  1
 
    n           k   ϵ_nk^DFT (eV)     Σ^c_nk (eV)     Σ^x_nk (eV)    v_nk^xc (eV)   ϵ_nk^G0W0 (eV)
 
    1 (occ)     1         -22.027           8.577         -25.125         -15.650          -22.925
    2 (occ)     1         -18.660           6.476         -24.441         -15.674          -20.951
    3 (occ)     1         -14.501           3.653         -21.470         -14.606          -17.712
    4 (occ)     1         -12.141           2.562         -19.965         -14.379          -15.165
    5 (occ)     1         -11.121           2.006         -20.605         -15.306          -14.414
    6 (occ)     1          -9.479           1.314         -19.153         -14.403          -12.915
    7 (occ)     1          -9.043           1.916         -18.112         -13.346          -11.893
    8 (occ)     1          -7.513           1.666         -18.977         -14.121          -10.703
    9 (occ)     1          -6.413           0.512         -16.936         -13.489           -9.348
   10 (vir)     1          -1.420          -2.015          -6.513         -11.671            1.723
   11 (vir)     1          -0.380          -1.824          -5.139          -9.780            2.437
   12 (vir)     1          -0.099          -0.887          -1.814          -4.469            1.669
   13 (vir)     1           0.300          -0.630          -0.970          -3.036            1.735
   14 (vir)     1           0.568          -0.588          -0.797          -2.776            1.958
   15 (vir)     1           0.887          -0.434          -0.555          -2.114            2.011
   16 (vir)     1           1.436          -0.393          -0.450          -1.928            2.522
   17 (vir)     1           1.678          -0.508          -0.845          -2.621            2.947
   18 (vir)     1           1.763          -0.425          -0.573          -2.029            2.795
   19 (vir)     1           1.874          -0.593          -1.076          -3.051            3.255
   20 (vir)     1           1.912          -0.370          -0.471          -1.986            3.058
   21 (vir)     1           3.012          -0.823          -1.592          -4.104            4.701
   22 (vir)     1           3.293          -0.958          -1.608          -4.586            5.314
   23 (vir)     1           3.387          -0.917          -1.596          -4.163            5.037
   24 (vir)     1           4.005          -0.949          -1.364          -3.971            5.663
   25 (vir)     1           4.144          -0.836          -1.474          -4.348            6.182
   26 (vir)     1           4.470          -0.786          -1.126          -3.803            6.361
   27 (vir)     1           4.589          -0.936          -1.628          -4.435            6.460
   28 (vir)     1           4.890          -0.830          -1.152          -3.648            6.555
   29 (vir)     1           5.205          -0.908          -1.574          -4.357            7.080
   30 (vir)     1           5.559          -1.274          -1.996          -5.448            7.737
   31 (vir)     1           5.613          -1.202          -1.617          -4.718            7.511
   32 (vir)     1           5.679          -0.864          -1.187          -4.075            7.704
   33 (vir)     1           5.921          -1.305          -1.967          -5.454            8.104
   34 (vir)     1           6.329          -1.045          -1.526          -4.646            8.403
   35 (vir)     1           6.374          -1.160          -1.391          -4.603            8.426
   36 (vir)     1           6.750          -1.235          -1.458          -4.654            8.710
   37 (vir)     1           7.829          -1.209          -1.169          -4.257            9.708
   38 (vir)     1           7.912          -1.239          -1.527          -4.764            9.911
   39 (vir)     1           7.920          -1.692          -1.460          -5.272           10.040
   40 (vir)     1           8.100          -1.677          -1.253          -4.819            9.988
   41 (vir)     1           8.704          -1.346          -1.472          -4.901           10.787
   42 (vir)     1           9.401          -1.542          -1.475          -5.058           11.443
   43 (vir)     1           9.920          -1.237          -1.340          -5.048           12.390
   44 (vir)     1          10.066          -1.482          -1.226          -4.898           12.255
   45 (vir)     1          10.198          -0.630          -0.699          -4.087           12.956
   46 (vir)     1          10.715          -1.226          -0.543          -3.841           12.787
   47 (vir)     1          10.827          -1.483          -1.669          -5.658           13.333
   48 (vir)     1          12.002          -1.732          -1.625          -5.847           14.492
   49 (vir)     1          12.026          -1.645          -1.299          -5.369           14.452
   50 (vir)     1          12.246          -1.989          -1.640          -6.020           14.637
   51 (vir)     1          12.528          -1.946          -1.836          -6.376           15.122
   52 (vir)     1          12.895          -1.817          -1.802          -6.103           15.380
   53 (vir)     1          13.808          -2.490          -2.114          -6.976           16.181
   54 (vir)     1          13.921          -2.693          -2.856          -8.497           16.869
   55 (vir)     1          14.610          -1.966          -1.680          -6.170           17.134
   56 (vir)     1          14.992          -3.243          -2.914          -8.816           17.651
   57 (vir)     1          15.127          -4.001          -3.714         -10.695           18.107
   58 (vir)     1          15.731          -3.887          -3.601         -10.220           18.463
   59 (vir)     1          16.360          -3.306          -2.587          -8.462           18.929
   60 (vir)     1          16.772          -2.636          -1.323          -5.960           18.773
   61 (vir)     1          17.460          -4.155          -3.316         -10.292           20.281
   62 (vir)     1          18.384          -3.500          -2.437          -8.264           20.711
   63 (vir)     1          19.099          -2.832          -1.420          -6.560           21.407
   64 (vir)     1          19.226          -5.482          -3.146         -10.333           20.930
   65 (vir)     1          19.770          -4.593          -2.847          -9.555           21.885
   66 (vir)     1          20.968          -3.021          -1.271          -6.429           23.105
   67 (vir)     1          21.256          -3.101          -1.230          -6.366           23.291
   68 (vir)     1          21.813          -0.887          -1.500          -7.425           26.851
   69 (vir)     1          23.644          -6.232          -1.959          -8.126           23.580
   70 (vir)     1          24.658          -5.228          -1.413          -6.810           24.827
   71 (vir)     1          26.067          -4.915          -1.756          -7.881           27.278
   72 (vir)     1          26.208          -2.833          -1.369          -7.243           29.248
   73 (vir)     1          26.961          -3.079          -1.557          -7.688           30.013
   74 (vir)     1          27.357          -4.026          -1.805          -7.595           29.122
   75 (vir)     1          29.421          -4.537          -1.945          -8.097           31.036
   76 (vir)     1          31.060          -3.765          -0.861          -5.788           32.222
   77 (vir)     1          31.343          -5.157          -3.648         -11.718           34.255
   78 (vir)     1          32.676          -2.934          -2.985         -10.655           37.413
   79 (vir)     1          32.884          -7.619          -2.477         -10.115           32.903
   80 (vir)     1          34.436          -6.991          -2.207          -9.633           34.871
   81 (vir)     1          36.384          -2.053          -2.541          -9.973           41.763
   82 (vir)     1          36.668           2.717          -2.544         -10.893           47.734
   83 (vir)     1          39.180          -1.113          -2.651         -11.877           47.294
   84 (vir)     1          39.466          -8.424          -2.194          -9.910           38.759
   85 (vir)     1          39.587           2.920          -2.662         -10.937           50.783
   86 (vir)     1          42.112          -1.513          -2.111         -10.682           49.169
   87 (vir)     1          43.716          -0.709          -1.545          -8.664           50.126
   88 (vir)     1          44.396         -12.316          -2.927         -12.755           41.907
   89 (vir)     1          45.965           4.668          -2.271         -10.917           59.279
   90 (vir)     1          46.884           3.523          -1.944         -10.090           58.554
   91 (vir)     1          51.992           3.629          -2.725         -12.435           65.331
   92 (vir)     1          56.020           3.293          -2.380         -12.204           69.138
   93 (vir)     1          58.572           4.143          -2.907         -13.530           73.338
   94 (vir)     1          59.728           3.578          -2.353         -12.268           73.221
   95 (vir)     1          61.991           3.902          -2.509         -13.592           76.976
   96 (vir)     1          63.168           3.553          -2.440         -13.002           77.283
   97 (vir)     1          63.251           3.149          -2.552         -13.204           77.053
   98 (vir)     1          64.419           3.152          -2.757         -13.919           78.733
   99 (vir)     1          68.088           2.478          -2.400         -13.347           81.512
  100 (vir)     1          70.290           3.291          -2.228         -13.366           84.719
  101 (vir)     1          72.144           3.305          -2.152         -13.161           86.457
  102 (vir)     1          72.166           3.178          -1.878         -13.250           86.716
  103 (vir)     1          74.678           2.487          -2.219         -13.592           88.538
  104 (vir)     1          79.390           2.881          -2.222         -13.789           93.837
  105 (vir)     1          84.270           2.173          -2.396         -14.092           98.138
  106 (vir)     1          87.556           2.236          -2.453         -14.317          101.656
  107 (vir)     1          97.779           1.726          -2.484         -15.383          112.405
  108 (vir)     1         111.719           1.653          -2.164         -15.082          126.289
  109 (vir)     1         147.895           7.208          -0.699         -11.081          165.485
  110 (vir)     1         155.814           2.351          -1.769         -16.176          172.572
  111 (vir)     1         162.741           2.481          -1.640         -15.867          179.450
  112 (vir)     1         164.175           2.431          -1.609         -15.817          180.814
  113 (vir)     1         219.896           8.570          -0.793         -12.905          240.579
  114 (vir)     1         241.728           3.371          -0.703         -13.432          257.828
 
