 
  kpoint:       1             coordinate:     0.0000    0.0000    0.0000                  spin:  1
 
    n           k   ϵ_nk^DFT (eV)     Σ^c_nk (eV)     Σ^x_nk (eV)    v_nk^xc (eV)   ϵ_nk^G0W0 (eV)
 
    1 (occ)     1         -34.452          11.039         -33.754         -21.023          -36.144
    2 (occ)     1         -27.541           9.583         -32.107         -21.163          -28.902
    3 (occ)     1         -19.283           6.495         -30.165         -20.506          -22.447
    4 (occ)     1         -14.842           3.628         -24.747         -18.948          -17.013
    5 (occ)     1         -14.601           3.163         -27.064         -20.416          -18.087
    6 (occ)     1         -14.370           4.228         -27.042         -19.752          -17.432
    7 (occ)     1          -9.055           0.100         -22.570         -19.188          -12.336
    8 (occ)     1          -8.007           2.991         -26.426         -20.129          -11.313
    9 (occ)     1          -7.821           2.619         -25.958         -20.043          -11.118
   10 (vir)     1          -6.022          -0.591         -14.759         -20.208           -1.164
   11 (vir)     1           0.279          -3.339         -11.601         -19.925            5.264
   12 (vir)     1           2.497          -3.607         -10.866         -19.313            7.337
   13 (vir)     1           9.294          -2.682          -4.073         -10.613           13.152
   14 (vir)     1           9.310          -2.226          -3.412          -9.563           13.235
   15 (vir)     1          11.693          -3.369          -4.033         -11.576           15.867
   16 (vir)     1          13.603          -2.474          -5.057         -12.380           18.451
   17 (vir)     1          14.865          -2.492          -4.090         -11.282           19.566
   18 (vir)     1          15.764          -0.598          -3.688         -11.340           22.818
   19 (vir)     1          15.856          -2.753          -3.491         -10.315           19.927
   20 (vir)     1          17.471          -3.624          -3.155         -10.502           21.194
   21 (vir)     1          19.360          -2.752          -3.598         -10.742           23.752
   22 (vir)     1          19.668          -2.791          -4.228         -11.341           23.990
   23 (vir)     1          26.870          -4.416          -5.178         -13.854           31.130
   24 (vir)     1          27.212          -2.048          -5.468         -14.082           33.779
   25 (vir)     1          28.483           0.463          -5.821         -14.812           37.937
   26 (vir)     1          34.099          -4.823          -5.553         -15.090           38.812
   27 (vir)     1          34.383           1.290          -5.018         -14.049           44.704
   28 (vir)     1          38.055           1.056          -5.063         -14.558           48.605
   29 (vir)     1          38.665           2.304          -4.848         -14.678           50.798
   30 (vir)     1          41.867          -0.500          -4.195         -14.604           51.776
   31 (vir)     1          43.945           4.080          -4.255         -14.801           58.571
   32 (vir)     1          48.521           2.388          -4.533         -15.158           61.533
   33 (vir)     1          51.710           2.430          -2.977         -13.188           64.351
   34 (vir)     1          52.740           3.016          -3.634         -14.292           66.415
   35 (vir)     1          56.405           2.232          -4.763         -17.485           71.359
   36 (vir)     1          58.093           3.664          -3.901         -15.092           72.947
   37 (vir)     1          61.298           2.680          -5.482         -18.549           77.045
   38 (vir)     1          62.325           2.746          -3.969         -15.574           76.676
   39 (vir)     1          68.155           2.704          -4.226         -16.307           82.939
   40 (vir)     1          75.258           2.453          -2.920         -14.648           89.439
   41 (vir)     1          93.685         -10.053          -1.885         -12.783           94.530
   42 (vir)     1         100.338           1.912          -2.087         -15.133          115.296
   43 (vir)     1         106.083           3.093          -2.377         -16.991          123.790
   44 (vir)     1         116.925           8.419          -2.436         -16.608          139.515
   45 (vir)     1         118.383           7.578          -2.436         -18.088          141.614
   46 (vir)     1         118.599           7.216          -2.613         -17.465          140.668
   47 (vir)     1         125.362           8.018          -2.942         -18.988          149.426
   48 (vir)     1         125.511           6.288          -2.745         -18.907          147.960
   49 (vir)     1         125.581           7.123          -2.510         -18.980          149.174
   50 (vir)     1         168.595           0.980          -4.762         -22.967          187.779
   51 (vir)     1         168.856           0.981          -5.434         -22.809          187.212
   52 (vir)     1         171.393           0.714          -4.253         -23.054          190.909
   53 (vir)     1         172.666           0.765          -5.684         -23.233          190.980
   54 (vir)     1         173.911           0.237          -4.454         -23.018          192.712
   55 (vir)     1         174.146           1.447          -4.525         -23.175          194.243
   56 (vir)     1         174.608           1.148          -5.128         -23.084          193.712
   57 (vir)     1         175.122           1.057          -3.665         -23.047          195.562
   58 (vir)     1         175.264           1.993          -4.456         -22.384          195.185
   59 (vir)     1         178.026           0.940          -3.503         -22.532          197.995
   60 (vir)     1         179.441           0.806          -3.744         -22.789          199.292
   61 (vir)     1         179.706           1.314          -5.600         -22.817          198.236
   62 (vir)     1         180.008           1.398          -4.895         -23.301          199.812
   63 (vir)     1         183.712           1.922          -4.125         -22.590          204.098
   64 (vir)     1         184.477           1.987          -5.138         -22.079          203.405
   65 (vir)     1         195.883           1.192          -2.311         -18.227          212.991
   66 (vir)     1         196.622          -0.364          -2.612         -18.428          212.074
   67 (vir)     1         198.935           1.128          -2.796         -18.995          216.263
   68 (vir)     1         200.019           1.801          -2.554         -18.973          218.240
   69 (vir)     1         204.038           0.960          -2.520         -19.503          221.981
   70 (vir)     1         205.863           0.889          -2.639         -19.327          223.440
   71 (vir)     1         209.403           0.781          -2.445         -19.497          227.236
   72 (vir)     1         214.555           0.881          -2.975         -20.737          233.198
   73 (vir)     1         226.049           0.328          -2.799         -20.825          244.404
   74 (vir)     1         226.177           1.469          -2.714         -20.837          245.768
   75 (vir)     1         228.151           0.674          -2.695         -20.842          246.972
   76 (vir)     1         228.773           0.795          -2.367         -20.777          247.978
   77 (vir)     1         234.739           1.007          -2.628         -20.556          253.674
   78 (vir)     1         237.538          -0.481          -2.870         -21.587          255.773
   79 (vir)     1         237.859           0.771          -2.502         -20.295          256.423
   80 (vir)     1         238.219           0.942          -2.695         -21.643          258.110
   81 (vir)     1         240.590           1.907          -2.915         -22.083          261.665
   82 (vir)     1         242.011           0.274          -2.933         -21.692          261.043
   83 (vir)     1         244.906           0.504          -2.532         -21.860          264.737
   84 (vir)     1         245.246           2.395          -2.734         -22.186          267.092
   85 (vir)     1         246.160           0.416          -2.897         -22.004          265.683
   86 (vir)     1         246.296           0.964          -1.970         -18.888          264.177
   87 (vir)     1         248.083           0.662          -2.756         -21.953          267.942
 
