 
  kpoint:       1             coordinate:     0.0000    0.0000    0.0000                  spin:  1
 
    n           k   ϵ_nk^DFT (eV)     Σ^c_nk (eV)     Σ^x_nk (eV)    v_nk^xc (eV)   ϵ_nk^G0W0 (eV)
 
    1 (occ)     1         -23.237           6.320         -23.251         -14.305          -25.863
    2 (occ)     1         -20.616           5.574         -22.508         -14.447          -23.102
    3 (occ)     1         -20.616           5.568         -22.503         -14.447          -23.103
    4 (occ)     1         -20.616           5.574         -22.504         -14.447          -23.098
    5 (occ)     1         -15.563           4.041         -20.319         -14.324          -17.517
    6 (occ)     1         -11.650           1.952         -17.590         -13.498          -13.790
    7 (occ)     1         -11.650           1.957         -17.598         -13.498          -13.794
    8 (occ)     1         -11.650           1.953         -17.584         -13.498          -13.784
    9 (occ)     1          -8.302           1.917         -16.649         -12.291          -10.743
   10 (occ)     1          -8.302           1.919         -16.654         -12.291          -10.746
   11 (occ)     1          -7.753           1.400         -16.291         -12.461          -10.183
   12 (occ)     1          -7.753           1.396         -16.281         -12.461          -10.177
   13 (occ)     1          -7.753           1.399         -16.288         -12.461          -10.181
   14 (occ)     1          -6.878           1.469         -16.885         -12.903           -9.391
   15 (occ)     1          -6.878           1.473         -16.891         -12.903           -9.393
   16 (occ)     1          -6.878           1.466         -16.879         -12.903           -9.388
   17 (vir)     1          -3.515          -2.028          -7.512         -12.333           -0.723
   18 (vir)     1          -1.886          -2.587          -6.840         -12.142            0.829
   19 (vir)     1          -1.886          -2.588          -6.838         -12.142            0.830
   20 (vir)     1          -1.886          -2.587          -6.850         -12.142            0.818
   21 (vir)     1           0.791          -1.408          -1.611          -4.875            2.648
   22 (vir)     1           0.907          -0.825          -0.981          -3.212            2.314
   23 (vir)     1           0.907          -0.822          -0.981          -3.212            2.317
   24 (vir)     1           0.907          -0.827          -0.980          -3.212            2.313
   25 (vir)     1           1.474          -0.651          -0.752          -2.699            2.770
   26 (vir)     1           1.474          -0.654          -0.752          -2.699            2.767
   27 (vir)     1           1.578          -0.803          -1.160          -3.437            3.052
   28 (vir)     1           1.578          -0.804          -1.158          -3.437            3.052
   29 (vir)     1           1.578          -0.802          -1.158          -3.437            3.055
   30 (vir)     1           3.532          -1.780          -2.669          -6.722            5.805
   31 (vir)     1           3.532          -1.781          -2.665          -6.722            5.809
   32 (vir)     1           3.532          -1.780          -2.669          -6.722            5.805
   33 (vir)     1           4.097          -1.595          -3.325          -7.577            6.754
   34 (vir)     1           4.097          -1.596          -3.322          -7.577            6.756
   35 (vir)     1           4.299          -1.569          -2.641          -6.548            6.636
   36 (vir)     1           4.299          -1.572          -2.642          -6.548            6.633
   37 (vir)     1           4.299          -1.568          -2.640          -6.548            6.638
   38 (vir)     1           5.503          -1.785          -2.090          -6.074            7.703
   39 (vir)     1           5.503          -1.783          -2.095          -6.074            7.699
   40 (vir)     1           5.503          -1.785          -2.093          -6.074            7.700
   41 (vir)     1           5.778          -1.574          -2.247          -6.290            8.247
   42 (vir)     1           5.778          -1.573          -2.249          -6.290            8.246
   43 (vir)     1           5.778          -1.575          -2.247          -6.290            8.246
   44 (vir)     1           6.627          -2.659          -2.247          -6.891            8.613
   45 (vir)     1           6.842          -1.605          -2.615          -6.726            9.348
   46 (vir)     1           6.842          -1.607          -2.614          -6.726            9.348
   47 (vir)     1           7.968          -2.737          -2.072          -6.710            9.869
   48 (vir)     1           7.968          -2.744          -2.073          -6.710            9.861
   49 (vir)     1           7.968          -1.680          -2.077          -6.710           10.921
   50 (vir)     1           8.012          -1.892          -0.691          -4.290            9.719
   51 (vir)     1           8.588          -1.924          -1.383          -5.332           10.613
   52 (vir)     1           8.588          -1.923          -1.383          -5.332           10.615
   53 (vir)     1           8.588          -1.925          -1.383          -5.332           10.612
   54 (vir)     1           9.517          -2.323          -1.572          -5.819           11.441
   55 (vir)     1           9.560          -1.850          -1.236          -5.057           11.531
   56 (vir)     1           9.560          -1.850          -1.236          -5.057           11.530
   57 (vir)     1           9.931          -2.124          -1.765          -5.835           11.876
   58 (vir)     1           9.931          -2.108          -1.769          -5.835           11.889
   59 (vir)     1           9.931          -2.113          -1.766          -5.835           11.886
   60 (vir)     1          10.538          -1.678          -0.835          -4.583           12.607
   61 (vir)     1          10.538          -1.682          -0.835          -4.583           12.603
   62 (vir)     1          10.538          -1.679          -0.834          -4.583           12.607
   63 (vir)     1          11.487          -2.309          -1.230          -5.534           13.483
   64 (vir)     1          11.487          -2.306          -1.231          -5.534           13.485
   65 (vir)     1          11.487          -2.306          -1.231          -5.534           13.485
   66 (vir)     1          11.813          -2.136          -2.083          -6.722           14.316
   67 (vir)     1          11.813          -2.139          -2.082          -6.722           14.314
   68 (vir)     1          12.428          -1.841          -0.949          -4.909           14.547
   69 (vir)     1          12.428          -1.846          -0.948          -4.909           14.544
   70 (vir)     1          12.428          -1.852          -0.950          -4.909           14.535
   71 (vir)     1          13.161          -2.572          -1.764          -6.558           15.383
   72 (vir)     1          13.161          -2.567          -1.764          -6.558           15.388
   73 (vir)     1          13.161          -2.570          -1.761          -6.558           15.388
   74 (vir)     1          13.744          -1.749          -1.359          -5.503           16.139
   75 (vir)     1          13.744          -1.763          -1.361          -5.503           16.123
   76 (vir)     1          13.744          -1.766          -1.360          -5.503           16.122
   77 (vir)     1          14.175          -1.524          -1.384          -5.682           16.948
   78 (vir)     1          14.175          -1.529          -1.384          -5.682           16.944
   79 (vir)     1          14.175          -1.525          -1.383          -5.682           16.948
   80 (vir)     1          15.354          -1.886          -0.433          -4.218           17.252
   81 (vir)     1          16.080          -2.703          -2.421          -7.797           18.753
   82 (vir)     1          16.080          -2.693          -2.424          -7.797           18.760
   83 (vir)     1          16.264          -3.556          -0.910          -5.096           16.895
   84 (vir)     1          16.869          -3.626          -2.306          -7.605           18.543
   85 (vir)     1          16.869          -3.698          -2.309          -7.605           18.467
   86 (vir)     1          16.869          -3.689          -2.313          -7.605           18.473
   87 (vir)     1          16.996          -3.332          -1.250          -5.651           18.065
   88 (vir)     1          16.996          -3.269          -1.256          -5.651           18.122
   89 (vir)     1          16.996          -3.361          -1.246          -5.651           18.040
   90 (vir)     1          17.883          -3.847          -2.179          -7.872           19.729
   91 (vir)     1          17.883          -3.822          -2.176          -7.872           19.758
   92 (vir)     1          17.883          -3.803          -2.182          -7.872           19.770
   93 (vir)     1          19.684          -4.367          -1.612          -6.900           20.605
   94 (vir)     1          20.984          -3.707          -2.335          -8.154           23.097
   95 (vir)     1          20.984          -3.725          -2.347          -8.154           23.066
   96 (vir)     1          20.984          -3.703          -2.342          -8.154           23.093
   97 (vir)     1          21.312          -8.750          -3.285         -11.088           20.364
   98 (vir)     1          24.775           0.442          -3.595         -11.949           33.571
   99 (vir)     1          24.775           0.488          -3.597         -11.949           33.615
  100 (vir)     1          24.775           0.611          -3.605         -11.949           33.730
  101 (vir)     1          26.645          -4.617          -3.416         -11.254           29.867
  102 (vir)     1          26.645          -4.521          -3.411         -11.254           29.968
  103 (vir)     1          26.645           2.310          -3.414         -11.254           36.794
  104 (vir)     1          27.361          -5.800          -2.207          -8.964           28.318
  105 (vir)     1          27.361          -5.812          -2.210          -8.964           28.303
  106 (vir)     1          27.361          -5.819          -2.210          -8.964           28.297
  107 (vir)     1          29.099          -7.826          -3.339         -11.266           29.201
  108 (vir)     1          29.099          -7.840          -3.333         -11.266           29.193
  109 (vir)     1          29.845          -9.269          -3.052         -11.409           28.933
  110 (vir)     1          30.742          -4.760          -3.037         -11.054           33.999
  111 (vir)     1          30.742          -4.425          -3.034         -11.054           34.337
  112 (vir)     1          30.742          -4.907          -3.053         -11.054           33.837
  113 (vir)     1          31.120           1.434          -3.183         -11.623           40.994
  114 (vir)     1          31.120           1.485          -3.173         -11.623           41.055
  115 (vir)     1          31.120           1.353          -3.182         -11.623           40.914
  116 (vir)     1          31.269          -0.346          -2.997         -11.532           39.458
  117 (vir)     1          31.269          -0.243          -3.004         -11.532           39.554
  118 (vir)     1          33.927           1.453          -2.287          -9.954           43.046
  119 (vir)     1          33.927           1.405          -2.277          -9.954           43.009
  120 (vir)     1          33.927           1.412          -2.296          -9.954           42.997
  121 (vir)     1          41.417          -3.095          -3.746         -14.135           48.712
  122 (vir)     1          41.417          -5.588          -3.816         -14.135           46.148
  123 (vir)     1          43.012           3.193          -3.054         -13.389           56.539
  124 (vir)     1          43.012           2.772          -2.977         -13.389           56.195
  125 (vir)     1          43.012           2.743          -3.011         -13.389           56.133
  126 (vir)     1          52.774           3.272          -2.618         -13.829           67.256
  127 (vir)     1          52.774           3.174          -2.597         -13.829           67.179
  128 (vir)     1          52.774           3.083          -2.609         -13.829           67.077
  129 (vir)     1          71.881           3.711          -1.868         -12.093           85.817
  130 (vir)     1          71.881           3.737          -1.875         -12.093           85.837
  131 (vir)     1          71.881           3.697          -1.891         -12.093           85.780
  132 (vir)     1          72.706           4.063          -1.854         -12.089           87.005
  133 (vir)     1          72.706           4.101          -1.851         -12.089           87.045
  134 (vir)     1          76.889           3.132          -1.668         -11.831           90.184
  135 (vir)     1          76.889           2.929          -1.659         -11.831           89.991
  136 (vir)     1          76.889           3.026          -1.657         -11.831           90.089
  137 (vir)     1          77.859           3.657          -1.345         -11.787           91.956
  138 (vir)     1          80.423           2.524          -1.617         -12.737           94.067
  139 (vir)     1          80.423           2.533          -1.600         -12.737           94.092
  140 (vir)     1          80.423           2.538          -1.597         -12.737           94.102
  141 (vir)     1         105.427         -10.541          -0.616          -8.518          102.789
  142 (vir)     1         110.960         -12.729          -0.658          -8.825          106.399
  143 (vir)     1         110.960         -12.736          -0.660          -8.825          106.389
  144 (vir)     1         110.960         -12.708          -0.656          -8.825          106.421
  145 (vir)     1         219.212           4.886          -0.600         -12.061          235.559
 
