 
  kpoint:       1             coordinate:     0.0000    0.0000    0.0000                  spin:  1
 
    n           k   ϵ_nk^DFT (eV)     Σ^c_nk (eV)     Σ^x_nk (eV)    v_nk^xc (eV)   ϵ_nk^G0W0 (eV)
 
    1 (occ)     1         -21.238           7.522         -25.195         -15.403          -23.508
    2 (occ)     1         -19.444           5.815         -24.354         -15.183          -22.800
    3 (occ)     1         -18.325           8.084         -24.317         -15.496          -19.063
    4 (occ)     1         -17.773           7.685         -24.023         -15.382          -18.729
    5 (occ)     1         -15.519           3.786         -22.808         -15.105          -19.437
    6 (occ)     1         -14.826           4.831         -22.459         -15.226          -17.228
    7 (occ)     1         -14.091           4.430         -22.114         -15.137          -16.639
    8 (occ)     1         -12.481           3.313         -20.411         -14.406          -15.173
    9 (occ)     1         -11.394           2.892         -20.697         -15.090          -14.109
   10 (occ)     1         -11.092           2.866         -20.316         -14.493          -14.049
   11 (occ)     1         -10.415           2.393         -19.846         -14.518          -13.350
   12 (occ)     1         -10.224           2.406         -20.229         -14.934          -13.114
   13 (occ)     1         -10.025           2.330         -20.190         -14.925          -12.960
   14 (occ)     1          -9.632           2.203         -19.216         -14.483          -12.163
   15 (occ)     1          -8.962           1.950         -19.310         -14.448          -11.874
   16 (occ)     1          -8.570           2.072         -17.771         -13.516          -10.752
   17 (occ)     1          -8.393           1.613         -19.494         -14.685          -11.588
   18 (occ)     1          -7.909           1.535         -19.567         -14.961          -10.981
   19 (occ)     1          -7.902           1.570         -19.916         -15.480          -10.768
   20 (occ)     1          -6.209           0.352         -15.598         -13.047           -8.409
   21 (occ)     1          -5.987           0.264         -15.796         -13.341           -8.178
   22 (vir)     1          -1.139          -2.409          -7.444         -12.381            1.389
   23 (vir)     1          -1.118          -2.353          -7.372         -12.196            1.353
   24 (vir)     1          -0.357          -0.908          -1.438          -3.822            1.120
   25 (vir)     1          -0.058          -0.797          -1.187          -3.362            1.319
   26 (vir)     1           0.038          -0.726          -0.987          -2.974            1.298
   27 (vir)     1           0.254          -0.697          -0.873          -2.838            1.522
   28 (vir)     1           0.604          -0.694          -0.884          -2.800            1.827
   29 (vir)     1           0.657          -0.649          -0.803          -2.636            1.841
   30 (vir)     1           0.862          -0.749          -0.898          -2.921            2.135
   31 (vir)     1           0.965          -0.557          -0.534          -2.154            2.028
   32 (vir)     1           1.202          -0.575          -0.656          -2.312            2.284
   33 (vir)     1           1.257          -0.764          -0.945          -3.021            2.568
   34 (vir)     1           1.455          -0.663          -0.701          -2.562            2.654
   35 (vir)     1           1.651          -0.714          -0.820          -2.713            2.831
   36 (vir)     1           1.841          -0.557          -0.594          -2.236            2.926
   37 (vir)     1           1.984          -0.519          -0.560          -2.095            2.999
   38 (vir)     1           2.280          -0.666          -0.761          -2.708            3.562
   39 (vir)     1           2.340          -0.774          -0.914          -2.947            3.599
   40 (vir)     1           2.406          -2.629          -3.353          -7.575            4.000
   41 (vir)     1           2.614          -0.951          -1.118          -3.249            3.794
   42 (vir)     1           2.661          -0.592          -0.595          -2.264            3.738
   43 (vir)     1           2.713          -0.896          -1.302          -3.554            4.070
   44 (vir)     1           2.920          -1.262          -1.747          -4.371            4.282
   45 (vir)     1           3.055          -0.715          -1.023          -2.951            4.267
   46 (vir)     1           3.176          -1.054          -1.391          -3.798            4.530
   47 (vir)     1           3.353          -0.862          -1.180          -3.300            4.611
   48 (vir)     1           3.497          -0.792          -1.015          -3.184            4.874
   49 (vir)     1           3.534          -1.069          -1.372          -3.767            4.860
   50 (vir)     1           3.641          -0.908          -1.275          -3.471            4.929
   51 (vir)     1           3.853          -0.703          -0.663          -2.467            4.954
   52 (vir)     1           4.014          -1.410          -1.875          -4.648            5.377
   53 (vir)     1           4.133          -1.256          -2.013          -5.026            5.891
   54 (vir)     1           4.228          -1.625          -2.729          -6.269            6.143
   55 (vir)     1           4.330          -1.353          -2.048          -5.083            6.012
   56 (vir)     1           4.415          -1.438          -1.995          -5.224            6.206
   57 (vir)     1           4.427          -1.403          -2.192          -5.420            6.253
   58 (vir)     1           4.739          -1.220          -2.062          -5.041            6.497
   59 (vir)     1           4.895          -1.668          -2.458          -5.930            6.700
   60 (vir)     1           5.249          -1.730          -2.300          -5.845            7.064
   61 (vir)     1           5.428          -1.790          -2.859          -6.800            7.579
   62 (vir)     1           5.452          -1.236          -1.307          -4.166            7.075
   63 (vir)     1           5.475          -1.279          -1.526          -4.505            7.175
   64 (vir)     1           5.766          -1.220          -1.492          -4.289            7.343
   65 (vir)     1           5.793          -1.279          -1.745          -4.648            7.417
   66 (vir)     1           6.078          -1.349          -1.479          -4.585            7.835
   67 (vir)     1           6.133          -1.656          -2.200          -5.812            8.088
   68 (vir)     1           6.247          -1.626          -2.237          -5.786            8.170
   69 (vir)     1           6.433          -1.400          -1.740          -4.983            8.275
   70 (vir)     1           6.643          -1.228          -1.499          -4.415            8.331
   71 (vir)     1           6.731          -1.304          -1.075          -4.011            8.364
   72 (vir)     1           6.925          -1.125          -1.375          -4.161            8.586
   73 (vir)     1           7.024          -1.307          -1.422          -4.670            8.963
   74 (vir)     1           7.275          -2.181          -2.989          -7.288            9.393
   75 (vir)     1           7.282          -1.660          -2.244          -5.825            9.203
   76 (vir)     1           7.423          -1.552          -1.854          -5.227            9.245
   77 (vir)     1           7.810          -2.136          -2.898          -7.215            9.991
   78 (vir)     1           7.945          -1.897          -2.052          -5.866            9.863
   79 (vir)     1           8.301          -2.008          -2.389          -6.407           10.311
   80 (vir)     1           8.360          -2.410          -3.062          -7.648           10.535
   81 (vir)     1           8.498          -1.651          -1.206          -4.618           10.259
   82 (vir)     1           8.916          -2.195          -1.651          -5.580           10.650
   83 (vir)     1           9.074          -2.316          -2.906          -7.358           11.210
   84 (vir)     1           9.145          -1.710          -1.643          -5.160           10.952
   85 (vir)     1           9.362          -1.791          -1.131          -4.523           10.964
   86 (vir)     1           9.419          -1.668          -1.797          -5.363           11.317
   87 (vir)     1           9.836          -0.823          -1.516          -4.966           12.463
   88 (vir)     1           9.917          -2.572          -2.778          -7.437           12.004
   89 (vir)     1           9.936          -2.023          -1.915          -5.788           11.786
   90 (vir)     1          10.416          -2.129          -1.557          -5.543           12.273
   91 (vir)     1          10.986          -3.146          -2.785          -7.902           12.956
   92 (vir)     1          10.991          -1.766          -1.657          -5.260           12.829
   93 (vir)     1          11.087          -1.445          -0.797          -4.064           12.910
   94 (vir)     1          11.329          -2.235          -1.676          -5.835           13.254
   95 (vir)     1          11.550          -3.443          -3.163          -8.693           13.637
   96 (vir)     1          11.585          -1.830          -1.280          -4.591           13.065
   97 (vir)     1          11.794          -2.190          -1.809          -6.045           13.840
   98 (vir)     1          12.314          -2.298          -1.907          -6.120           14.230
   99 (vir)     1          12.394          -0.676          -1.796          -6.144           16.067
  100 (vir)     1          12.423          -2.410          -2.211          -6.697           14.499
  101 (vir)     1          12.663          -2.273          -2.014          -6.236           14.611
  102 (vir)     1          12.981          -0.236          -2.034          -6.823           17.533
  103 (vir)     1          13.056          -2.744          -2.482          -7.611           15.442
  104 (vir)     1          13.621          -2.723          -2.280          -7.214           15.832
  105 (vir)     1          13.978          -3.499          -2.793          -8.269           15.955
  106 (vir)     1          14.079          -2.863          -2.547          -7.730           16.398
  107 (vir)     1          14.224          -3.067          -1.868          -6.744           16.033
  108 (vir)     1          14.378          -2.962          -1.772          -6.599           16.244
  109 (vir)     1          14.630          -3.636          -2.947          -8.898           16.946
  110 (vir)     1          14.828          -1.904          -1.656          -6.683           17.951
  111 (vir)     1          14.848          -3.420          -2.147          -7.511           16.793
  112 (vir)     1          15.110          -3.216          -2.249          -7.600           17.245
  113 (vir)     1          15.171          -4.012          -3.165          -9.469           17.462
  114 (vir)     1          15.352          -4.135          -3.184          -9.534           17.567
  115 (vir)     1          15.581          -3.684          -2.413          -7.942           17.427
  116 (vir)     1          15.599          -3.967          -1.835          -7.092           16.889
  117 (vir)     1          15.770          -4.694          -3.428         -10.288           17.936
  118 (vir)     1          16.205          -3.814          -2.101          -7.532           17.821
  119 (vir)     1          16.247          -3.052          -1.933          -7.164           18.426
  120 (vir)     1          16.623          -3.443          -2.574          -8.435           19.041
  121 (vir)     1          16.912          -2.517          -1.299          -5.730           18.826
  122 (vir)     1          17.689          -4.410          -3.041          -9.776           20.014
  123 (vir)     1          17.905          -3.471          -2.213          -7.877           20.097
  124 (vir)     1          18.115          -3.375          -2.692          -8.523           20.571
  125 (vir)     1          18.392          -3.446          -1.960          -7.457           20.442
  126 (vir)     1          18.880          -3.521          -1.911          -7.355           20.803
  127 (vir)     1          19.237          -3.335          -2.035          -7.619           21.486
  128 (vir)     1          19.613          -3.019          -1.545          -6.557           21.606
  129 (vir)     1          19.790          -3.491          -1.916          -7.473           21.856
  130 (vir)     1          19.927          -3.480          -1.862          -7.418           22.004
  131 (vir)     1          20.189          -3.537          -1.984          -7.559           22.227
  132 (vir)     1          20.279          -3.096          -1.540          -6.698           22.340
  133 (vir)     1          20.313          -4.423          -2.546          -9.138           22.481
  134 (vir)     1          20.574          -2.985          -1.611          -6.647           22.625
  135 (vir)     1          21.070          -3.673          -2.073          -7.787           23.111
  136 (vir)     1          21.124          -4.043          -2.190          -8.324           23.215
  137 (vir)     1          22.067          -3.585          -1.956          -7.698           24.223
  138 (vir)     1          22.170          -3.722          -2.011          -7.826           24.263
  139 (vir)     1          22.205          -3.698          -1.594          -7.340           24.253
  140 (vir)     1          22.356          -3.878          -1.561          -7.292           24.210
  141 (vir)     1          22.589          -4.093          -1.459          -7.097           24.135
  142 (vir)     1          22.743          -3.185          -1.542          -6.736           24.753
  143 (vir)     1          23.256          -3.898          -1.928          -7.799           25.229
  144 (vir)     1          23.436          -3.463          -1.298          -6.651           25.326
  145 (vir)     1          23.849          -4.723          -1.480          -7.454           25.100
  146 (vir)     1          24.059          -3.894          -1.608          -7.306           25.864
  147 (vir)     1          24.231          -3.902          -1.518          -6.994           25.805
  148 (vir)     1          24.984          -4.194          -1.604          -7.509           26.695
  149 (vir)     1          25.488          -1.642          -2.027          -8.261           30.079
  150 (vir)     1          25.595          -4.892          -1.680          -7.810           26.833
  151 (vir)     1          25.781          -4.227          -2.115          -8.458           27.897
  152 (vir)     1          26.206          -1.726          -1.526          -7.357           30.311
  153 (vir)     1          26.356          -3.989          -1.381          -7.030           28.016
  154 (vir)     1          27.280          -0.577          -1.789          -7.691           32.605
  155 (vir)     1          27.665          -4.521          -1.350          -7.063           28.857
  156 (vir)     1          27.822          -0.689          -2.079          -8.687           33.742
  157 (vir)     1          27.947          -0.996          -1.635          -7.718           33.034
  158 (vir)     1          28.080          -4.543          -1.770          -7.760           29.527
  159 (vir)     1          28.517          -3.344          -2.353          -9.201           32.021
  160 (vir)     1          28.643           0.482          -1.816          -8.072           35.382
  161 (vir)     1          29.395          -2.088          -2.064          -8.690           33.933
  162 (vir)     1          29.650           0.505          -1.765          -8.300           36.690
  163 (vir)     1          29.836          -4.836          -1.881          -7.813           30.932
  164 (vir)     1          30.196           1.197          -1.758          -8.073           37.707
  165 (vir)     1          30.828          -5.667          -1.716          -7.959           31.404
  166 (vir)     1          30.829          -5.471          -1.641          -7.693           31.410
  167 (vir)     1          31.264          -5.507          -1.645          -7.841           31.952
  168 (vir)     1          31.496          -6.594          -2.108          -8.846           31.639
  169 (vir)     1          32.294          -5.348          -1.980          -8.345           33.310
  170 (vir)     1          32.719          -6.055          -1.705          -8.108           33.066
  171 (vir)     1          32.793          -7.313          -1.947          -8.659           32.192
  172 (vir)     1          33.668          -8.685          -1.678          -8.231           31.536
  173 (vir)     1          34.467          -6.453          -2.091          -8.839           34.763
  174 (vir)     1          34.633          -6.537          -1.498          -7.833           34.432
  175 (vir)     1          35.037          -6.292          -2.039          -8.976           35.682
  176 (vir)     1          35.414          -8.276          -2.002          -9.265           34.401
  177 (vir)     1          35.585          -6.088          -2.119          -8.908           36.285
  178 (vir)     1          36.612          -7.438          -2.073          -9.493           36.594
  179 (vir)     1          37.161          -7.027          -1.562          -8.026           36.598
  180 (vir)     1          38.066          -8.121          -1.548          -8.435           36.832
  181 (vir)     1          38.286          -7.473          -2.142          -9.681           38.352
  182 (vir)     1          38.365          -9.376          -2.367         -10.387           37.010
  183 (vir)     1          38.682          -8.983          -1.808          -9.022           36.913
  184 (vir)     1          39.460          -8.065          -2.024          -9.614           38.985
  185 (vir)     1          40.081         -10.190          -2.294         -10.154           37.751
  186 (vir)     1          40.300          -9.080          -2.330          -9.864           38.754
  187 (vir)     1          40.628          -9.582          -2.115         -10.089           39.021
  188 (vir)     1          40.820         -10.028          -2.611         -10.638           38.819
  189 (vir)     1          41.447          -9.637          -2.549         -10.849           40.110
  190 (vir)     1          41.957          -9.444          -2.650         -11.012           40.876
  191 (vir)     1          42.693         -10.084          -2.212         -10.103           40.500
  192 (vir)     1          43.340         -10.961          -2.262          -9.959           40.076
  193 (vir)     1          43.491          -8.034          -2.592         -10.916           43.782
  194 (vir)     1          44.964         -11.147          -2.338         -10.829           42.307
  195 (vir)     1          45.255          -9.906          -2.216         -10.383           43.515
  196 (vir)     1          46.905          -5.423          -2.442         -10.823           49.863
  197 (vir)     1          47.080          -8.370          -2.381         -10.799           47.128
  198 (vir)     1          47.569           4.633          -2.342         -10.851           60.711
  199 (vir)     1          48.327         -11.267          -2.854         -11.688           45.893
  200 (vir)     1          48.876          -5.045          -2.676         -11.601           52.756
  201 (vir)     1          49.286         -11.147          -2.232         -10.731           46.639
  202 (vir)     1          49.437          -3.908          -2.303         -11.083           54.310
  203 (vir)     1          50.792          -8.697          -2.434         -11.414           51.075
  204 (vir)     1          51.507         -12.071          -2.222         -10.928           48.142
  205 (vir)     1          51.681           4.045          -2.294         -11.494           64.925
  206 (vir)     1          51.934           4.135          -2.560         -11.684           65.193
  207 (vir)     1          51.964           4.105          -2.693         -11.945           65.321
  208 (vir)     1          52.687           4.290          -2.412         -11.489           66.055
  209 (vir)     1          52.998           3.919          -2.248         -11.196           65.864
  210 (vir)     1          53.920           4.890          -2.538         -11.941           68.213
  211 (vir)     1          53.926           4.136          -2.384         -11.341           67.019
  212 (vir)     1          54.262         -10.235          -2.680         -12.113           53.460
  213 (vir)     1          54.581          -8.651          -2.438         -11.399           54.891
  214 (vir)     1          55.666           3.848          -2.245         -11.628           68.897
  215 (vir)     1          56.662           5.034          -2.605         -12.654           71.745
  216 (vir)     1          57.149         -10.276          -2.409         -12.002           56.467
  217 (vir)     1          57.513           4.829          -2.609         -12.492           72.226
  218 (vir)     1          57.812           2.152          -2.525         -12.223           69.662
  219 (vir)     1          59.244           5.607          -2.645         -12.621           74.827
  220 (vir)     1          59.438           4.282          -2.624         -12.751           73.848
  221 (vir)     1          59.496           5.029          -2.579         -12.584           74.529
  222 (vir)     1          59.824           2.586          -2.675         -12.951           72.686
  223 (vir)     1          60.665           4.073          -1.963         -11.276           74.051
  224 (vir)     1          61.013           3.589          -2.562         -12.657           74.698
  225 (vir)     1          61.501           2.597          -2.580         -12.766           74.283
  226 (vir)     1          61.533           4.682          -2.444         -12.566           76.336
  227 (vir)     1          61.985           3.838          -2.509         -12.719           76.032
  228 (vir)     1          63.284           4.972          -2.582         -13.211           78.885
  229 (vir)     1          63.496           4.057          -2.552         -12.855           77.855
  230 (vir)     1          63.822           4.393          -2.667         -13.225           78.773
  231 (vir)     1          64.052           3.907          -2.376         -12.822           78.405
  232 (vir)     1          64.514           3.786          -2.524         -13.132           78.907
  233 (vir)     1          65.352           4.698          -2.618         -13.466           80.898
  234 (vir)     1          65.494           3.415          -2.435         -12.918           79.392
  235 (vir)     1          65.700           3.708          -2.334         -12.635           79.708
  236 (vir)     1          66.884           3.919          -2.467         -12.942           81.278
  237 (vir)     1          66.980           4.251          -2.270         -12.675           81.635
  238 (vir)     1          67.620           3.415          -2.451         -13.554           82.137
  239 (vir)     1          67.719           4.152          -2.735         -14.248           83.384
  240 (vir)     1          68.145           3.396          -2.009         -12.360           81.892
  241 (vir)     1          68.934           4.386          -2.554         -13.860           84.626
  242 (vir)     1          69.159           4.014          -2.124         -12.601           83.650
  243 (vir)     1          69.828           3.670          -2.393         -13.429           84.535
  244 (vir)     1          70.182           4.139          -2.015         -12.767           85.074
  245 (vir)     1          70.390           3.954          -2.053         -12.858           85.148
  246 (vir)     1          70.767           4.383          -2.120         -13.272           86.302
  247 (vir)     1          71.881           4.533          -2.059         -13.189           87.544
  248 (vir)     1          71.982           3.946          -2.388         -13.630           87.169
  249 (vir)     1          72.342           3.821          -2.012         -12.768           86.919
  250 (vir)     1          72.666           5.043          -1.833         -13.058           88.934
  251 (vir)     1          73.121           3.822          -2.278         -13.179           87.844
  252 (vir)     1          73.122           3.723          -2.036         -12.834           87.642
  253 (vir)     1          73.484           4.210          -1.944         -12.894           88.644
  254 (vir)     1          74.331           4.513          -2.052         -13.336           90.127
  255 (vir)     1          74.712           4.167          -1.864         -12.789           89.804
  256 (vir)     1          74.954           3.893          -2.108         -13.051           89.789
  257 (vir)     1          75.050           4.020          -2.024         -13.230           90.277
  258 (vir)     1          75.636           3.729          -2.117         -12.937           90.185
  259 (vir)     1          75.964           3.668          -2.251         -13.407           90.788
  260 (vir)     1          76.332           3.695          -2.172         -13.209           91.065
  261 (vir)     1          77.108           3.874          -2.111         -13.127           91.998
  262 (vir)     1          78.105           3.713          -1.998         -13.065           92.885
  263 (vir)     1          78.151           3.318          -2.106         -13.283           92.646
  264 (vir)     1          78.197           4.154          -2.054         -13.426           93.723
  265 (vir)     1          78.913           3.567          -1.920         -12.904           93.464
  266 (vir)     1          79.320           3.667          -1.958         -13.087           94.116
  267 (vir)     1          80.463           3.167          -2.075         -12.914           94.468
  268 (vir)     1          80.621           3.234          -1.920         -12.448           94.382
  269 (vir)     1          81.996           3.271          -2.059         -13.222           96.430
  270 (vir)     1          82.509           3.635          -2.257         -13.865           97.751
  271 (vir)     1          83.019           3.609          -2.168         -13.706           98.166
  272 (vir)     1          83.906           3.345          -2.120         -13.589           98.720
  273 (vir)     1          85.863           3.103          -1.895         -13.050          100.122
  274 (vir)     1          86.971           2.434          -1.930         -12.990          100.465
  275 (vir)     1          87.645           2.998          -2.177         -13.799          102.265
  276 (vir)     1          88.987           3.339          -2.004         -13.532          103.855
  277 (vir)     1          89.710           2.895          -1.857         -13.313          104.062
  278 (vir)     1          89.876           3.269          -2.703         -15.313          105.755
  279 (vir)     1          92.198           3.046          -2.457         -14.793          107.580
  280 (vir)     1          92.239           3.096          -2.453         -14.751          107.633
  281 (vir)     1          92.914           2.873          -2.283         -14.290          107.794
  282 (vir)     1          93.690           2.732          -2.303         -14.342          108.461
  283 (vir)     1          94.151           2.788          -1.978         -13.679          108.640
  284 (vir)     1          96.336           2.117          -1.831         -13.333          109.955
  285 (vir)     1          98.686           2.293          -1.624         -12.653          112.008
  286 (vir)     1          99.735           2.196          -1.608         -12.664          112.986
  287 (vir)     1         101.248           2.832          -2.333         -15.043          116.789
  288 (vir)     1         101.802           2.556          -2.130         -14.612          116.839
  289 (vir)     1         103.516           3.012          -2.089         -14.636          119.075
  290 (vir)     1         104.401           2.699          -2.092         -14.701          119.709
  291 (vir)     1         106.745           2.633          -1.906         -14.102          121.573
  292 (vir)     1         106.775           2.697          -2.009         -14.401          121.864
  293 (vir)     1         108.065           1.551          -1.686         -13.727          121.657
  294 (vir)     1         110.844           2.273          -1.888         -14.223          125.451
  295 (vir)     1         113.457           2.152          -1.867         -14.228          127.970
  296 (vir)     1         114.397           2.224          -1.835         -14.290          129.077
  297 (vir)     1         115.626           1.749          -1.596         -13.810          129.589
  298 (vir)     1         118.356           2.405          -1.842         -14.469          133.388
  299 (vir)     1         121.061           1.945          -1.757         -14.116          135.365
  300 (vir)     1         127.466           1.451          -2.063         -15.957          142.811
  301 (vir)     1         129.614           1.991          -1.777         -14.534          144.362
  302 (vir)     1         130.248           2.064          -1.720         -14.391          144.983
  303 (vir)     1         135.139           1.793          -2.103         -15.699          150.527
  304 (vir)     1         156.708           2.544          -1.713         -15.889          173.428
  305 (vir)     1         162.460           2.632          -1.663         -15.931          179.361
  306 (vir)     1         162.519           2.673          -1.717         -16.086          179.562
  307 (vir)     1         163.424           2.542          -1.656         -15.869          180.178
  308 (vir)     1         163.724           2.446          -1.634         -15.821          180.356
  309 (vir)     1         164.820           2.714          -1.640         -15.904          181.798
  310 (vir)     1         165.403           2.566          -1.620         -15.827          182.176
  311 (vir)     1         165.800           2.710          -1.659         -16.010          182.861
  312 (vir)     1         166.569           2.540          -1.592         -15.854          183.371
  313 (vir)     1         166.690           2.549          -1.552         -15.699          183.386
  314 (vir)     1         182.272           1.235          -1.488         -15.637          197.657
  315 (vir)     1         212.046           7.198          -0.740         -12.587          231.091
  316 (vir)     1         239.321          10.692          -0.747         -13.309          262.575
  317 (vir)     1         240.535           8.505          -0.728         -13.344          261.657
  318 (vir)     1         241.918          12.100          -0.604         -13.406          266.820
  319 (vir)     1         242.162          12.500          -0.551         -13.461          267.572
  320 (vir)     1         244.353          12.854          -0.568         -13.590          270.229
  321 (vir)     1         244.774           9.698          -0.746         -13.613          267.339
  322 (vir)     1         246.614          10.523          -0.659         -13.588          270.066
 
