 
  kpoint:       1             coordinate:     0.0000    0.0000    0.0000                  spin:  1
 
    n           k   ϵ_nk^DFT (eV)     Σ^c_nk (eV)     Σ^x_nk (eV)    v_nk^xc (eV)   ϵ_nk^G0W0 (eV)
 
    1 (occ)     1         -19.783           7.493         -23.694         -14.806          -21.178
    2 (occ)     1         -17.262           5.622         -20.579         -13.407          -18.812
    3 (occ)     1         -14.276           3.722         -20.845         -14.191          -17.208
    4 (occ)     1         -11.726           2.555         -19.822         -14.295          -14.699
    5 (occ)     1         -10.646           1.969         -19.500         -14.528          -13.649
    6 (occ)     1          -8.612           0.899         -17.092         -13.278          -11.527
    7 (occ)     1          -8.000           1.208         -15.853         -12.088          -10.556
    8 (occ)     1          -6.428           0.763         -14.353         -10.888           -9.130
    9 (occ)     1          -6.021           0.416         -14.571         -11.565           -8.612
   10 (vir)     1          -1.643          -1.822          -5.965         -10.590            1.161
   11 (vir)     1          -1.520          -2.240          -6.279         -11.392            1.353
   12 (vir)     1          -0.192          -0.718          -1.028          -3.244            1.305
   13 (vir)     1           0.302          -0.671          -0.920          -2.992            1.702
   14 (vir)     1           0.385          -0.632          -0.862          -2.975            1.866
   15 (vir)     1           0.934          -0.482          -0.596          -2.231            2.087
   16 (vir)     1           1.386          -0.410          -0.573          -2.187            2.590
   17 (vir)     1           1.577          -0.461          -0.664          -2.358            2.810
   18 (vir)     1           1.682          -0.476          -0.733          -2.407            2.880
   19 (vir)     1           1.743          -0.561          -0.835          -2.777            3.124
   20 (vir)     1           1.900          -0.384          -0.491          -2.150            3.175
   21 (vir)     1           2.557          -0.736          -1.460          -4.081            4.443
   22 (vir)     1           2.801          -0.759          -1.271          -3.735            4.506
   23 (vir)     1           3.176          -0.607          -0.927          -3.088            4.730
   24 (vir)     1           3.310          -1.029          -1.811          -4.577            5.047
   25 (vir)     1           3.751          -0.985          -1.594          -4.375            5.547
   26 (vir)     1           4.066          -0.876          -1.315          -3.719            5.593
   27 (vir)     1           4.906          -0.945          -1.445          -4.217            6.733
   28 (vir)     1           5.071          -1.363          -1.993          -5.344            7.059
   29 (vir)     1           5.239          -1.269          -1.923          -5.222            7.269
   30 (vir)     1           5.471          -0.962          -2.376          -5.955            8.088
   31 (vir)     1           5.903          -1.292          -1.661          -4.944            7.895
   32 (vir)     1           6.005          -0.935          -1.251          -4.127            7.946
   33 (vir)     1           6.248          -1.242          -2.263          -5.896            8.639
   34 (vir)     1           6.350          -1.187          -2.100          -5.889            8.952
   35 (vir)     1           6.633          -1.556          -1.989          -5.669            8.757
   36 (vir)     1           7.201          -1.265          -2.067          -5.616            9.484
   37 (vir)     1           8.004          -1.582          -2.036          -5.945           10.332
   38 (vir)     1           8.145          -2.133          -1.309          -5.013            9.716
   39 (vir)     1           8.446          -2.136          -1.921          -6.090           10.479
   40 (vir)     1           8.488          -1.428          -1.849          -5.196           10.408
   41 (vir)     1           9.555          -1.873          -1.354          -5.207           11.535
   42 (vir)     1          10.807          -1.969          -1.722          -5.967           13.084
   43 (vir)     1          10.850          -0.769          -1.136          -4.782           13.727
   44 (vir)     1          11.147          -2.143          -1.778          -6.249           13.476
   45 (vir)     1          12.420          -2.726          -2.052          -6.944           14.585
   46 (vir)     1          12.728          -1.235          -1.463          -5.825           15.855
   47 (vir)     1          13.187          -2.519          -2.012          -6.763           15.419
   48 (vir)     1          14.073          -2.864          -2.195          -7.359           16.373
   49 (vir)     1          14.527          -3.864          -3.175          -9.352           16.840
   50 (vir)     1          14.857          -2.916          -2.306          -7.678           17.314
   51 (vir)     1          14.931          -1.615          -0.976          -5.225           17.565
   52 (vir)     1          15.430          -2.686          -2.015          -7.068           17.798
   53 (vir)     1          16.002          -3.428          -2.352          -7.997           18.219
   54 (vir)     1          16.793          -4.297          -2.889          -9.289           18.896
   55 (vir)     1          17.247          -3.319          -2.179          -7.946           19.695
   56 (vir)     1          18.516          -1.483          -1.244          -5.968           21.757
   57 (vir)     1          18.603          -2.459          -0.993          -5.911           21.062
   58 (vir)     1          18.901          -2.946          -1.733          -6.795           21.018
   59 (vir)     1          19.502          -3.523          -0.997          -5.597           20.578
   60 (vir)     1          19.894          -3.368          -1.573          -7.125           22.078
   61 (vir)     1          21.423          -2.997          -1.318          -6.505           23.614
   62 (vir)     1          21.854          -3.082          -1.171          -6.880           24.481
   63 (vir)     1          24.474          -4.280          -1.630          -7.400           25.963
   64 (vir)     1          25.452          -0.798          -1.709          -7.982           30.927
   65 (vir)     1          25.716          -4.758          -1.207          -6.478           26.229
   66 (vir)     1          27.610          -4.786          -1.659          -7.311           28.477
   67 (vir)     1          27.632          -1.328          -3.450         -11.564           34.418
   68 (vir)     1          29.228          -7.786          -2.534          -9.409           28.318
   69 (vir)     1          31.090          -9.126          -2.704         -10.534           29.794
   70 (vir)     1          31.395          -8.641          -2.242          -9.177           29.690
   71 (vir)     1          31.784           2.438          -2.903         -11.308           42.627
   72 (vir)     1          34.158          -4.547          -3.177         -11.372           37.807
   73 (vir)     1          34.629          -7.024          -2.532         -10.630           35.703
   74 (vir)     1          34.814          -8.231          -2.958         -11.070           34.695
   75 (vir)     1          35.274          -5.973          -2.288         -10.279           37.292
   76 (vir)     1          35.883         -10.717          -3.319         -12.249           34.095
   77 (vir)     1          37.994           3.348          -2.418         -10.499           49.422
   78 (vir)     1          39.280          -8.457          -2.193          -9.758           38.388
   79 (vir)     1          40.339           2.059          -1.601          -9.094           49.891
   80 (vir)     1          41.054         -10.474          -2.845         -12.125           39.860
   81 (vir)     1          41.746          -4.358          -2.782         -11.494           46.100
   82 (vir)     1          43.876           4.064          -2.321         -11.312           56.932
   83 (vir)     1          45.202          -9.224          -2.527         -11.675           45.125
   84 (vir)     1          46.573           3.790          -2.054         -11.107           59.416
   85 (vir)     1          46.802           2.935          -2.463         -12.295           59.569
   86 (vir)     1          47.784           3.294          -2.310         -11.736           60.504
   87 (vir)     1          48.006           2.714          -2.475         -12.356           60.600
   88 (vir)     1          49.630           1.682          -2.008         -11.433           60.737
   89 (vir)     1          52.082           1.123          -2.150         -11.872           62.927
   90 (vir)     1          52.801           3.166          -2.288         -11.785           65.465
   91 (vir)     1          53.430           3.063          -2.604         -12.373           66.261
   92 (vir)     1          58.040           3.069          -2.399         -12.179           70.889
   93 (vir)     1          58.728           4.404          -2.567         -13.099           73.664
   94 (vir)     1          59.975           3.321          -2.398         -12.251           73.149
   95 (vir)     1          62.458           3.612          -2.388         -12.926           76.607
   96 (vir)     1          63.442           3.530          -2.615         -13.526           77.883
   97 (vir)     1          63.585           3.782          -2.516         -13.132           77.983
   98 (vir)     1          65.377           3.098          -2.484         -13.053           79.045
   99 (vir)     1          68.871           2.753          -1.984         -11.735           81.375
  100 (vir)     1          70.282           3.111          -2.278         -13.336           84.452
  101 (vir)     1          71.860           3.989          -2.310         -13.778           87.317
  102 (vir)     1          72.073           3.116          -2.013         -13.365           86.541
  103 (vir)     1          76.007           3.236          -2.251         -13.545           90.538
  104 (vir)     1          78.347           2.846          -2.369         -13.913           92.737
  105 (vir)     1          85.248           2.166          -2.322         -14.040           99.132
  106 (vir)     1          86.814           2.485          -2.616         -14.723          101.406
  107 (vir)     1          95.014           1.376          -2.579         -15.152          108.963
  108 (vir)     1         111.699           1.629          -1.814         -12.969          124.482
  109 (vir)     1         114.163           1.435          -1.158          -9.574          124.014
  110 (vir)     1         156.203           2.388          -1.758         -16.007          172.840
  111 (vir)     1         162.505           2.512          -1.660         -15.841          179.198
  112 (vir)     1         163.972           2.547          -1.632         -15.832          180.719
  113 (vir)     1         198.602           4.258          -0.935         -12.204          214.129
  114 (vir)     1         240.496          11.040          -0.887         -13.383          264.033
 
