 
  kpoint:       1             coordinate:     0.0000    0.0000    0.0000                  spin:  1
 
    n           k   ϵ_nk^DFT (eV)     Σ^c_nk (eV)     Σ^x_nk (eV)    v_nk^xc (eV)   ϵ_nk^G0W0 (eV)
 
    1 (occ)     1         -14.096           3.979         -17.484         -11.051          -16.549
    2 (occ)     1         -12.466           3.077         -17.265         -11.371          -15.282
    3 (occ)     1          -8.895           1.363         -15.568         -11.044          -12.055
    4 (occ)     1          -8.894           1.365         -15.574         -11.044          -12.060
    5 (occ)     1          -8.249           1.186         -15.880         -11.513          -11.430
    6 (occ)     1          -8.248           1.188         -15.888         -11.512          -11.436
    7 (occ)     1          -7.312           0.632         -14.087         -10.695          -10.072
    8 (vir)     1          -0.637          -1.688          -3.871          -8.133            1.936
    9 (vir)     1          -0.637          -1.689          -3.869          -8.132            1.937
   10 (vir)     1          -0.574          -1.019          -1.527          -4.424            1.304
   11 (vir)     1          -0.510          -1.305          -2.340          -5.716            1.560
   12 (vir)     1           0.255          -1.307          -1.951          -5.482            2.479
   13 (vir)     1           0.255          -1.308          -1.951          -5.482            2.478
   14 (vir)     1           0.834          -1.517          -2.406          -6.270            3.180
   15 (vir)     1           0.923          -0.755          -1.184          -3.420            2.405
   16 (vir)     1           0.938          -0.528          -0.581          -2.336            2.165
   17 (vir)     1           0.938          -0.529          -0.581          -2.336            2.164
   18 (vir)     1           1.882          -0.592          -0.657          -2.588            3.221
   19 (vir)     1           1.882          -0.593          -0.658          -2.588            3.220
   20 (vir)     1           2.323          -1.166          -1.518          -4.846            4.485
   21 (vir)     1           2.323          -1.162          -1.518          -4.846            4.489
   22 (vir)     1           2.527          -1.429          -2.153          -5.328            4.273
   23 (vir)     1           3.316          -1.092          -1.421          -4.121            4.924
   24 (vir)     1           4.113          -0.755          -0.866          -2.987            5.478
   25 (vir)     1           4.113          -0.758          -0.863          -2.987            5.479
   26 (vir)     1           5.251          -0.897          -0.706          -3.151            6.799
   27 (vir)     1           5.269          -1.158          -1.419          -4.419            7.110
   28 (vir)     1           5.436          -0.895          -0.831          -3.314            7.024
   29 (vir)     1           5.436          -0.883          -0.829          -3.314            7.038
   30 (vir)     1           5.600          -1.355          -1.364          -4.808            7.690
   31 (vir)     1           5.600          -1.361          -1.365          -4.808            7.682
   32 (vir)     1           6.058          -0.975          -1.079          -3.824            7.829
   33 (vir)     1           6.058          -0.961          -1.076          -3.824            7.846
   34 (vir)     1           6.241          -2.081          -1.536          -5.454            8.078
   35 (vir)     1           6.414          -1.195          -0.949          -4.155            8.424
   36 (vir)     1           6.414          -1.220          -0.950          -4.154            8.398
   37 (vir)     1           6.886          -1.610          -1.075          -4.438            8.639
   38 (vir)     1           6.998          -0.928          -1.045          -3.689            8.713
   39 (vir)     1           6.998          -0.929          -1.049          -3.690            8.710
   40 (vir)     1           7.013          -1.571          -0.993          -4.938            9.387
   41 (vir)     1           7.849          -1.717          -1.063          -4.748            9.816
   42 (vir)     1           7.849          -1.714          -1.064          -4.748            9.819
   43 (vir)     1           8.376          -1.588          -0.958          -4.918           10.750
   44 (vir)     1           9.104          -1.884          -0.770          -4.671           11.122
   45 (vir)     1           9.515          -1.923          -1.188          -5.164           11.568
   46 (vir)     1           9.516          -1.925          -1.188          -5.164           11.567
   47 (vir)     1          10.080          -2.175          -1.268          -5.469           12.106
   48 (vir)     1          10.362          -2.851          -1.502          -6.423           12.432
   49 (vir)     1          10.362          -2.868          -1.505          -6.423           12.412
   50 (vir)     1          11.025          -2.563          -1.544          -6.193           13.111
   51 (vir)     1          11.510          -2.540          -1.480          -6.244           13.734
   52 (vir)     1          12.491          -1.276          -0.330          -3.516           14.402
   53 (vir)     1          12.665          -2.198          -0.908          -4.936           14.495
   54 (vir)     1          12.665          -2.158          -0.905          -4.935           14.537
   55 (vir)     1          12.675          -2.217          -0.955          -5.344           14.846
   56 (vir)     1          12.676          -2.227          -0.954          -5.345           14.840
   57 (vir)     1          13.437          -2.220          -0.845          -5.028           15.401
   58 (vir)     1          14.150          -2.874          -1.047          -5.826           16.056
   59 (vir)     1          14.150          -2.882          -1.045          -5.826           16.049
   60 (vir)     1          15.071          -3.729          -1.950          -8.145           17.537
   61 (vir)     1          15.385          -3.214          -1.477          -6.988           17.682
   62 (vir)     1          15.385          -3.186          -1.476          -6.988           17.712
   63 (vir)     1          15.389          -3.483          -1.234          -6.770           17.443
   64 (vir)     1          15.390          -3.505          -1.235          -6.771           17.422
   65 (vir)     1          16.433          -3.229          -1.206          -6.017           18.015
   66 (vir)     1          16.703          -2.286          -0.596          -4.640           18.461
   67 (vir)     1          16.704          -2.356          -0.598          -4.640           18.390
   68 (vir)     1          18.842          -1.874          -0.595          -4.605           20.978
   69 (vir)     1          20.700          -5.442          -1.450          -7.953           21.761
   70 (vir)     1          20.700          -5.435          -1.450          -7.953           21.767
   71 (vir)     1          20.864          -4.306          -1.145          -7.126           22.539
   72 (vir)     1          20.864          -4.343          -1.145          -7.126           22.501
   73 (vir)     1          21.312          -4.021          -0.989          -5.870           22.171
   74 (vir)     1          22.850          -6.391          -2.302          -9.780           23.937
   75 (vir)     1          22.852          -6.422          -2.305          -9.781           23.906
   76 (vir)     1          23.714           3.331          -1.761          -8.066           33.351
   77 (vir)     1          23.840          -7.547          -2.340         -10.504           24.457
   78 (vir)     1          24.782          -7.228          -2.099          -9.994           25.449
   79 (vir)     1          24.784          -7.248          -2.099          -9.995           25.432
   80 (vir)     1          31.522          -8.815          -1.243          -8.328           29.791
   81 (vir)     1          32.659          -9.219          -1.140          -8.519           30.821
   82 (vir)     1          32.968          -8.756          -1.328          -8.910           31.793
   83 (vir)     1          32.970          -8.762          -1.330          -8.911           31.788
   84 (vir)     1          33.781           2.878          -1.330          -8.669           43.998
   85 (vir)     1          33.781           2.862          -1.333          -8.670           43.980
   86 (vir)     1          39.425           2.280          -1.113          -8.450           49.041
   87 (vir)     1          45.686           2.628          -1.864         -10.571           57.022
   88 (vir)     1          45.689           2.533          -1.867         -10.571           56.927
   89 (vir)     1          46.833           2.316          -2.139         -10.714           57.724
   90 (vir)     1          47.759           2.433          -1.920         -10.719           58.991
   91 (vir)     1          47.762           2.427          -1.922         -10.719           58.987
   92 (vir)     1          51.488           2.122          -1.714         -10.227           62.123
   93 (vir)     1          51.720           2.346          -1.892         -10.871           63.044
   94 (vir)     1          51.721           2.379          -1.881         -10.871           63.090
   95 (vir)     1          51.898           2.116          -1.888         -11.011           63.138
   96 (vir)     1          52.073           2.082          -2.094         -11.204           63.266
   97 (vir)     1          52.741           2.283          -1.989         -11.009           64.045
   98 (vir)     1          52.742           2.219          -1.978         -11.010           63.992
   99 (vir)     1          52.836           1.749          -1.829         -10.692           63.447
  100 (vir)     1          55.356           2.142          -1.826         -10.966           66.638
  101 (vir)     1          67.651           1.681          -1.838         -12.089           79.583
  102 (vir)     1          67.661           1.575          -1.833         -12.089           79.492
  103 (vir)     1          68.755           1.620          -1.833         -12.005           80.547
  104 (vir)     1          68.766           1.520          -1.827         -12.005           80.464
  105 (vir)     1          86.726          -8.067          -0.372          -6.896           85.183
  106 (vir)     1          93.275         -12.069          -0.346          -7.217           88.078
  107 (vir)     1         141.084           1.848          -1.882         -16.220          157.271
  108 (vir)     1         143.126           1.921          -1.799         -15.960          159.207
  109 (vir)     1         144.576           1.823          -1.822         -16.116          160.693
  110 (vir)     1         144.579           1.816          -1.823         -16.116          160.688
  111 (vir)     1         144.931           1.813          -1.828         -16.144          161.060
  112 (vir)     1         144.934           1.807          -1.829         -16.144          161.055
 
