 
  kpoint:       1             coordinate:     0.0000    0.0000    0.0000                  spin:  1
 
    n           k   ϵ_nk^DFT (eV)     Σ^c_nk (eV)     Σ^x_nk (eV)    v_nk^xc (eV)   ϵ_nk^G0W0 (eV)
 
    1 (occ)     1         -16.712           5.518         -18.697         -11.985          -17.906
    2 (occ)     1         -12.279           3.044         -15.702         -11.237          -13.701
    3 (occ)     1          -6.639           0.251         -13.789         -10.787           -9.390
    4 (occ)     1          -6.307          -0.339         -12.126          -9.727           -9.044
    5 (occ)     1          -6.307          -0.337         -12.134          -9.727           -9.050
    6 (vir)     1          -3.223          -0.956          -5.334          -9.259           -0.253
    7 (vir)     1          -3.223          -0.957          -5.336          -9.259           -0.256
    8 (vir)     1           0.583          -1.436          -3.821          -7.951            3.277
    9 (vir)     1           1.491          -1.067          -1.537          -4.631            3.518
   10 (vir)     1           2.456          -1.039          -1.542          -4.824            4.699
   11 (vir)     1           2.456          -1.037          -1.543          -4.824            4.701
   12 (vir)     1           3.526          -1.889          -1.815          -5.388            5.209
   13 (vir)     1           3.526          -1.891          -1.816          -5.388            5.206
   14 (vir)     1           4.298          -1.484          -1.067          -4.361            6.108
   15 (vir)     1           4.916          -1.684          -0.790          -4.111            6.553
   16 (vir)     1           4.916          -1.689          -0.790          -4.111            6.547
   17 (vir)     1           5.016          -1.385          -0.980          -4.235            6.887
   18 (vir)     1           5.016          -1.386          -0.981          -4.235            6.885
   19 (vir)     1           5.342          -2.024          -1.865          -5.994            7.446
   20 (vir)     1           6.088          -2.354          -1.618          -5.991            8.107
   21 (vir)     1           6.088          -2.354          -1.619          -5.991            8.106
   22 (vir)     1           7.794          -2.075          -2.269          -6.861           10.311
   23 (vir)     1           9.804          -1.855          -1.413          -5.777           12.312
   24 (vir)     1          10.183          -1.825          -0.849          -5.237           12.746
   25 (vir)     1          10.183          -1.823          -0.849          -5.237           12.749
   26 (vir)     1          11.016          -2.296          -1.666          -6.465           13.518
   27 (vir)     1          11.016          -2.302          -1.665          -6.465           13.514
   28 (vir)     1          11.065          -2.627          -1.034          -5.469           12.874
   29 (vir)     1          11.065          -2.630          -1.034          -5.469           12.871
   30 (vir)     1          11.729           1.762          -2.706          -8.151           18.937
   31 (vir)     1          11.729           1.768          -2.706          -8.151           18.942
   32 (vir)     1          12.334          -4.561          -2.213          -7.695           13.256
   33 (vir)     1          13.874          -1.956          -1.711          -7.379           17.587
   34 (vir)     1          13.874          -1.984          -1.710          -7.379           17.559
   35 (vir)     1          14.042          -3.099          -0.725          -5.431           15.649
   36 (vir)     1          14.042          -3.099          -0.725          -5.431           15.648
   37 (vir)     1          14.692          -5.907          -1.984          -7.917           14.718
   38 (vir)     1          14.692          -5.901          -1.984          -7.917           14.725
   39 (vir)     1          15.683          -4.841          -1.754          -7.366           16.454
   40 (vir)     1          15.683          -4.832          -1.756          -7.366           16.460
   41 (vir)     1          17.147          -4.827          -1.623          -7.121           17.817
   42 (vir)     1          18.843          -5.250          -1.087          -6.664           19.170
   43 (vir)     1          19.183           1.795          -1.103          -6.844           26.719
   44 (vir)     1          19.183           1.812          -1.106          -6.844           26.733
   45 (vir)     1          20.851          -5.674          -0.951          -6.615           20.841
   46 (vir)     1          20.851          -5.722          -0.949          -6.615           20.795
   47 (vir)     1          22.917           2.222          -2.141          -9.111           32.109
   48 (vir)     1          31.028          -8.726          -2.037         -10.070           30.335
   49 (vir)     1          31.756           2.244          -1.581          -8.905           41.325
   50 (vir)     1          31.756           2.302          -1.577          -8.905           41.386
   51 (vir)     1          75.474           5.309          -1.077          -9.723           89.429
   52 (vir)     1          75.762         -12.595          -0.889          -9.209           71.487
   53 (vir)     1          75.762         -12.508          -0.882          -9.209           71.581
   54 (vir)     1          78.274           5.023          -0.922          -9.432           91.807
   55 (vir)     1          78.274           4.914          -0.918          -9.432           91.703
   56 (vir)     1          83.750           4.724          -0.846          -9.201           96.829
   57 (vir)     1         102.918           5.626          -0.632          -7.419          115.331
   58 (vir)     1         103.855           5.855          -0.645          -7.572          116.638
 
