 
  kpoint:       1             coordinate:     0.0000    0.0000    0.0000                  spin:  1
 
    n           k   ϵ_nk^DFT (eV)     Σ^c_nk (eV)     Σ^x_nk (eV)    v_nk^xc (eV)   ϵ_nk^G0W0 (eV)
 
    1 (occ)     1         -29.082          10.047         -30.998         -19.205          -30.828
    2 (occ)     1         -26.626           9.234         -32.105         -20.466          -29.031
    3 (occ)     1         -15.769           4.592         -24.879         -17.180          -18.875
    4 (occ)     1         -12.381           2.468         -21.070         -15.623          -15.360
    5 (occ)     1         -12.123           3.251         -23.128         -16.609          -15.391
    6 (occ)     1         -12.111           3.609         -26.157         -19.125          -15.534
    7 (occ)     1          -9.424           1.420         -23.332         -18.670          -12.667
    8 (occ)     1          -8.752           2.405         -24.957         -19.125          -12.180
    9 (occ)     1          -8.049           1.652         -22.706         -17.562          -11.541
   10 (vir)     1          -4.342          -1.204         -10.586         -15.541           -0.592
   11 (vir)     1          -0.247          -1.790          -6.199         -11.430            3.195
   12 (vir)     1           0.683          -1.474          -5.709         -10.382            3.882
   13 (vir)     1           2.069          -0.972          -1.551          -4.780            4.325
   14 (vir)     1           2.514          -0.827          -1.073          -3.967            4.582
   15 (vir)     1           3.687          -1.302          -2.254          -6.243            6.375
   16 (vir)     1           3.999          -1.355          -3.115          -7.374            6.903
   17 (vir)     1           4.539          -1.366          -3.144          -7.349            7.378
   18 (vir)     1           4.627          -1.440          -3.340          -7.753            7.600
   19 (vir)     1           4.874          -1.538          -1.955          -5.807            7.188
   20 (vir)     1           6.079          -1.021          -1.591          -5.130            8.597
   21 (vir)     1           6.111          -1.290          -2.437          -6.322            8.706
   22 (vir)     1          10.634          -3.202          -3.484         -10.026           13.974
   23 (vir)     1          11.472          -2.269          -2.555          -8.378           15.026
   24 (vir)     1          11.698          -1.455          -1.801          -6.625           15.067
   25 (vir)     1          11.857          -1.641          -2.362          -7.464           15.317
   26 (vir)     1          12.140          -2.457          -2.996          -9.457           16.144
   27 (vir)     1          12.300          -3.048          -1.844          -7.477           14.886
   28 (vir)     1          12.870          -2.408          -2.823          -8.784           16.423
   29 (vir)     1          15.222          -3.046          -2.184          -8.090           18.082
   30 (vir)     1          16.327          -3.323          -4.120         -10.960           19.844
   31 (vir)     1          16.349          -4.573          -3.526         -10.690           18.939
   32 (vir)     1          17.467          -3.902          -4.219         -11.379           20.725
   33 (vir)     1          17.972          -4.383          -2.257          -8.607           19.938
   34 (vir)     1          18.004          -3.057          -3.277          -9.665           21.335
   35 (vir)     1          18.520          -3.741          -2.848          -9.706           21.636
   36 (vir)     1          22.082          -3.194          -2.926          -9.561           25.523
   37 (vir)     1          24.090          -4.019          -3.065         -10.184           27.190
   38 (vir)     1          24.745          -4.213          -3.236         -10.432           27.728
   39 (vir)     1          25.699          -4.089          -3.715         -11.176           29.071
   40 (vir)     1          25.980          -4.806          -2.981         -10.136           28.329
   41 (vir)     1          29.737          -7.134          -3.831         -12.791           31.563
   42 (vir)     1          29.974          -8.829          -5.267         -15.872           31.750
   43 (vir)     1          39.543           4.144          -5.121         -14.097           52.663
   44 (vir)     1          42.289           2.351          -5.151         -14.378           53.867
   45 (vir)     1          44.521           2.978          -4.885         -14.085           56.699
   46 (vir)     1          45.139           2.780          -5.026         -14.600           57.493
   47 (vir)     1          45.322           2.995          -4.987         -14.676           58.006
   48 (vir)     1          46.255           3.623          -4.831         -14.353           59.400
   49 (vir)     1          50.919           2.412          -4.528         -15.290           64.094
   50 (vir)     1          52.153           2.191          -4.790         -15.242           64.796
   51 (vir)     1          55.795           2.743          -4.477         -15.294           69.355
   52 (vir)     1          56.507           2.195          -4.736         -14.865           68.830
   53 (vir)     1          68.613           1.987          -3.548         -13.991           81.043
   54 (vir)     1          72.561           1.877          -4.442         -16.248           86.244
   55 (vir)     1          76.973           1.373          -2.382         -11.587           87.551
   56 (vir)     1         119.497           3.647          -3.540         -18.638          138.242
   57 (vir)     1         122.454           3.608          -3.518         -18.888          141.432
   58 (vir)     1         124.409           3.744          -3.418         -19.303          144.037
   59 (vir)     1         124.998           3.690          -3.344         -19.085          144.430
   60 (vir)     1         125.279           3.215          -3.404         -18.951          144.041
   61 (vir)     1         125.875           2.985          -3.887         -20.290          145.264
   62 (vir)     1         173.915           1.181          -5.234         -23.418          193.279
   63 (vir)     1         174.477           1.265          -5.255         -23.306          193.793
   64 (vir)     1         174.613           1.177          -5.110         -23.092          193.772
   65 (vir)     1         174.659           1.266          -5.304         -23.250          193.871
   66 (vir)     1         179.594           1.461          -5.041         -23.415          199.429
   67 (vir)     1         180.334           1.517          -5.287         -23.385          199.950
   68 (vir)     1         180.526           1.490          -4.889         -23.231          200.358
   69 (vir)     1         180.745           1.557          -4.865         -22.822          200.259
   70 (vir)     1         182.162           1.481          -5.123         -23.103          201.622
   71 (vir)     1         182.571           1.489          -4.928         -22.934          202.065
   72 (vir)     1         217.478           0.454          -3.259         -19.920          234.593
   73 (vir)     1         217.517           0.652          -3.272         -19.928          234.825
   74 (vir)     1         226.167           0.691          -3.452         -20.872          244.277
   75 (vir)     1         226.683           0.835          -3.501         -21.028          245.045
   76 (vir)     1         228.539           0.806          -3.621         -21.327          247.051
   77 (vir)     1         228.902           0.802          -3.545         -21.206          247.366
   78 (vir)     1         230.210           1.000          -3.327         -20.930          248.812
   79 (vir)     1         231.780           0.820          -3.325         -20.954          250.228
   80 (vir)     1         232.429           0.781          -3.546         -21.413          251.076
   81 (vir)     1         233.941           0.627          -3.550         -21.541          252.559
   82 (vir)     1         234.149           0.911          -3.600         -21.607          253.067
   83 (vir)     1         234.318           0.984          -3.659         -21.758          253.401
   84 (vir)     1         236.531           0.492          -3.503         -21.563          255.083
   85 (vir)     1         237.054           0.484          -3.583         -21.717          255.672
   86 (vir)     1         253.240           3.300          -2.113         -19.025          273.451
   87 (vir)     1         255.477           3.197          -2.300         -19.640          276.015
 
