 
  kpoint:       1             coordinate:     0.0000    0.0000    0.0000                  spin:  1
 
    n           k   ϵ_nk^DFT (eV)     Σ^c_nk (eV)     Σ^x_nk (eV)    v_nk^xc (eV)   ϵ_nk^G0W0 (eV)
 
    1 (occ)     1         -26.016           8.849         -28.078         -17.186          -28.059
    2 (occ)     1         -24.483           8.485         -27.812         -17.191          -26.619
    3 (occ)     1         -23.416           7.944         -27.638         -17.382          -25.728
    4 (occ)     1         -22.217           7.422         -27.641         -17.730          -24.706
    5 (occ)     1         -21.394           7.399         -27.668         -17.943          -23.720
    6 (occ)     1         -18.985           5.922         -25.080         -16.490          -21.653
    7 (occ)     1         -16.590           4.415         -23.904         -16.597          -19.482
    8 (occ)     1         -16.150           4.362         -23.751         -16.569          -18.970
    9 (occ)     1         -15.652           4.058         -23.671         -16.765          -18.501
   10 (occ)     1         -14.457           3.400         -22.840         -16.590          -17.307
   11 (occ)     1         -13.714           3.025         -22.774         -16.695          -16.768
   12 (occ)     1         -12.740           2.800         -22.296         -16.474          -15.761
   13 (occ)     1         -12.362           2.719         -22.964         -17.505          -15.103
   14 (occ)     1         -11.552           3.754         -19.756         -14.306          -13.248
   15 (occ)     1         -11.266           2.484         -21.935         -16.591          -14.126
   16 (occ)     1         -10.830           2.328         -21.965         -16.760          -13.706
   17 (occ)     1         -10.198           2.272         -21.396         -16.182          -13.140
   18 (occ)     1          -9.968           3.069         -19.576         -14.695          -11.780
   19 (occ)     1          -8.839           2.435         -19.119         -14.770          -10.753
   20 (occ)     1          -7.536           3.192         -22.098         -16.410          -10.033
   21 (occ)     1          -7.293           1.740         -19.665         -15.809           -9.409
   22 (occ)     1          -6.697           2.677         -21.768         -16.592           -9.197
   23 (occ)     1          -6.673           0.949         -18.090         -15.062           -8.752
   24 (occ)     1          -5.845           2.444         -21.597         -16.688           -8.310
   25 (occ)     1          -5.526           0.468         -17.654         -15.107           -7.604
   26 (vir)     1          -1.700          -2.473          -9.118         -14.073            0.781
   27 (vir)     1          -1.014          -2.794          -9.064         -14.359            1.487
   28 (vir)     1          -0.572          -1.045          -1.498          -4.016            0.901
   29 (vir)     1          -0.349          -1.041          -1.733          -4.257            1.134
   30 (vir)     1          -0.292          -3.152          -8.267         -13.826            2.114
   31 (vir)     1           0.182          -0.780          -0.965          -2.948            1.385
   32 (vir)     1           0.464          -0.846          -1.007          -3.107            1.718
   33 (vir)     1           0.497          -0.891          -1.188          -3.391            1.809
   34 (vir)     1           0.537          -0.632          -0.573          -2.216            1.547
   35 (vir)     1           0.876          -0.791          -0.977          -3.007            2.115
   36 (vir)     1           1.148          -0.571          -0.707          -2.249            2.118
   37 (vir)     1           1.372          -0.542          -0.529          -2.016            2.316
   38 (vir)     1           1.421          -0.711          -0.830          -2.706            2.586
   39 (vir)     1           1.536          -0.722          -0.873          -2.777            2.718
   40 (vir)     1           1.867          -0.818          -0.846          -2.849            3.051
   41 (vir)     1           2.068          -0.890          -1.070          -3.066            3.174
   42 (vir)     1           2.241          -0.762          -0.880          -2.811            3.409
   43 (vir)     1           2.259          -0.632          -0.633          -2.280            3.273
   44 (vir)     1           2.279          -0.979          -1.371          -3.740            3.669
   45 (vir)     1           2.547          -0.908          -1.312          -3.514            3.840
   46 (vir)     1           2.709          -0.600          -0.519          -2.101            3.690
   47 (vir)     1           2.889          -0.794          -0.974          -2.912            4.033
   48 (vir)     1           3.075          -1.172          -1.926          -4.485            4.462
   49 (vir)     1           3.158          -4.552          -6.182         -12.439            4.863
   50 (vir)     1           3.209          -1.776          -2.986          -6.395            4.842
   51 (vir)     1           3.505          -1.217          -1.873          -4.524            4.939
   52 (vir)     1           3.567          -0.631          -0.584          -2.251            4.604
   53 (vir)     1           3.631          -1.147          -1.723          -4.306            5.067
   54 (vir)     1           3.693          -0.794          -0.994          -2.943            4.848
   55 (vir)     1           3.860          -0.837          -1.009          -3.126            5.140
   56 (vir)     1           3.985          -1.277          -1.986          -4.827            5.548
   57 (vir)     1           4.017          -0.710          -0.740          -2.588            5.156
   58 (vir)     1           4.151          -1.983          -3.952          -7.950            6.166
   59 (vir)     1           4.192          -0.638          -0.508          -2.175            5.220
   60 (vir)     1           4.399          -1.142          -1.548          -4.103            5.812
   61 (vir)     1           4.577          -1.163          -1.659          -4.278            6.033
   62 (vir)     1           4.811          -1.174          -1.715          -4.358            6.280
   63 (vir)     1           4.873          -0.579          -0.411          -2.043            5.926
   64 (vir)     1           5.025          -1.754          -2.685          -6.239            6.826
   65 (vir)     1           5.201          -1.289          -1.898          -4.699            6.713
   66 (vir)     1           5.529          -1.324          -1.234          -4.109            7.079
   67 (vir)     1           5.541          -0.982          -1.102          -3.439            6.897
   68 (vir)     1           5.664          -1.590          -2.475          -5.834            7.433
   69 (vir)     1           5.824          -2.169          -3.611          -7.937            7.980
   70 (vir)     1           6.172          -1.658          -2.278          -5.744            7.980
   71 (vir)     1           6.273          -1.270          -1.420          -4.335            7.918
   72 (vir)     1           6.293          -1.300          -1.416          -4.258            7.834
   73 (vir)     1           6.527          -1.291          -1.138          -4.003            8.101
   74 (vir)     1           6.814          -1.442          -1.260          -4.394            8.506
   75 (vir)     1           6.917          -1.840          -2.575          -6.299            8.800
   76 (vir)     1           7.055          -3.317          -5.339         -11.314            9.714
   77 (vir)     1           7.538          -2.091          -2.848          -6.852            9.450
   78 (vir)     1           7.664          -2.110          -2.810          -6.780            9.524
   79 (vir)     1           7.767          -1.443          -1.120          -4.028            9.231
   80 (vir)     1           8.083          -2.390          -3.164          -7.663           10.191
   81 (vir)     1           8.172          -2.269          -2.166          -6.201            9.938
   82 (vir)     1           8.311          -2.986          -4.032          -9.251           10.544
   83 (vir)     1           8.493          -2.476          -3.739          -8.451           10.729
   84 (vir)     1           8.619          -1.771          -2.118          -5.709           10.439
   85 (vir)     1           8.787          -1.053          -0.741          -3.265           10.258
   86 (vir)     1           9.003          -3.840          -5.722         -12.189           11.631
   87 (vir)     1           9.475          -1.811          -1.400          -4.722           10.986
   88 (vir)     1           9.630          -2.517          -2.883          -7.584           11.813
   89 (vir)     1           9.783          -1.711          -1.458          -4.858           11.471
   90 (vir)     1          10.075          -2.666          -3.019          -7.783           12.173
   91 (vir)     1          10.128          -2.525          -2.886          -7.579           12.296
   92 (vir)     1          10.446          -2.564          -2.514          -7.149           12.518
   93 (vir)     1          10.546          -2.379          -2.160          -6.379           12.386
   94 (vir)     1          10.571          -2.232          -2.406          -6.572           12.506
   95 (vir)     1          11.045          -2.379          -2.579          -7.020           13.106
   96 (vir)     1          11.233          -1.861          -1.605          -5.262           13.029
   97 (vir)     1          11.399          -2.803          -1.461          -5.170           12.306
   98 (vir)     1          11.972          -2.472          -2.443          -6.970           14.027
   99 (vir)     1          12.218          -2.768          -2.593          -7.423           14.280
  100 (vir)     1          12.329          -2.764          -2.148          -6.663           14.080
  101 (vir)     1          12.675          -3.569          -1.876          -6.733           13.964
  102 (vir)     1          12.982          -2.909          -2.025          -6.709           14.757
  103 (vir)     1          13.018          -2.779          -2.673          -7.762           15.328
  104 (vir)     1          13.107          -2.720          -2.302          -7.023           15.108
  105 (vir)     1          13.257          -4.469          -1.873          -6.450           13.364
  106 (vir)     1          13.572          -2.709          -2.239          -7.094           15.719
  107 (vir)     1          13.823          -3.863          -3.869         -10.219           16.309
  108 (vir)     1          14.170          -3.332          -3.135          -8.699           16.402
  109 (vir)     1          14.435          -4.274          -3.825         -10.612           16.948
  110 (vir)     1          14.522          -3.010          -2.725          -8.016           16.803
  111 (vir)     1          14.832          -3.661          -3.296          -9.299           17.174
  112 (vir)     1          15.243          -3.644          -3.040          -9.016           17.575
  113 (vir)     1          15.449          -3.500          -3.036          -8.964           17.876
  114 (vir)     1          15.625          -3.878          -1.797          -6.752           16.702
  115 (vir)     1          15.790          -2.729          -1.876          -6.809           17.994
  116 (vir)     1          15.890          -4.844          -4.196         -11.755           18.604
  117 (vir)     1          16.589          -3.392          -2.737          -8.432           18.891
  118 (vir)     1          16.864          -3.520          -1.785          -6.686           18.245
  119 (vir)     1          16.927          -3.575          -1.590          -6.265           18.027
  120 (vir)     1          17.132          -3.262          -2.291          -7.771           19.350
  121 (vir)     1          17.479          -3.548          -2.974          -8.856           19.813
  122 (vir)     1          18.239          -3.153          -2.171          -7.450           20.365
  123 (vir)     1          18.308          -4.107          -2.135          -7.659           19.725
  124 (vir)     1          18.652          -3.168          -1.953          -7.211           20.743
  125 (vir)     1          18.873          -4.061          -2.052          -7.570           20.330
  126 (vir)     1          19.418          -4.986          -1.929          -7.476           19.979
  127 (vir)     1          19.456          -2.841          -1.786          -6.539           21.369
  128 (vir)     1          19.938          -3.394          -2.160          -7.763           22.147
  129 (vir)     1          20.087          -3.908          -2.060          -7.596           21.714
  130 (vir)     1          20.280          -3.153          -1.959          -7.168           22.335
  131 (vir)     1          20.374          -3.199          -1.921          -7.098           22.352
  132 (vir)     1          20.510          -3.320          -2.076          -7.636           22.751
  133 (vir)     1          20.715          -4.899          -2.195          -8.164           21.785
  134 (vir)     1          21.094          -3.706          -2.072          -8.037           23.353
  135 (vir)     1          21.495          -5.214          -1.979          -7.788           22.090
  136 (vir)     1          21.603          -3.487          -2.396          -8.049           23.769
  137 (vir)     1          21.829          -4.819          -1.793          -7.636           22.853
  138 (vir)     1          21.892          -3.949          -2.478          -8.747           24.211
  139 (vir)     1          22.328          -4.181          -2.600          -9.050           24.597
  140 (vir)     1          22.878          -4.022          -2.506          -8.690           25.041
  141 (vir)     1          23.665          -3.966          -2.058          -8.175           25.816
  142 (vir)     1          23.707          -4.542          -2.137          -8.051           25.079
  143 (vir)     1          24.099          -3.603          -1.626          -7.042           25.911
  144 (vir)     1          24.351          -4.298          -1.554          -7.006           25.505
  145 (vir)     1          24.624          -4.064          -2.075          -8.158           26.643
  146 (vir)     1          25.266          -4.322          -2.458          -8.805           27.291
  147 (vir)     1          25.328          -4.892          -2.096          -8.190           26.529
  148 (vir)     1          25.599          -4.284          -2.177          -8.260           27.398
  149 (vir)     1          26.141          -6.757          -2.477          -8.975           25.883
  150 (vir)     1          26.710          -4.795          -2.028          -8.293           28.180
  151 (vir)     1          26.733          -4.764          -2.015          -8.284           28.237
  152 (vir)     1          27.063          -5.431          -2.431          -8.993           28.193
  153 (vir)     1          27.127          -4.478          -2.194          -8.451           28.907
  154 (vir)     1          27.359          -4.311          -2.111          -8.400           29.336
  155 (vir)     1          27.787          -4.142          -1.933          -8.000           29.711
  156 (vir)     1          28.205          -0.945          -2.252          -8.825           33.832
  157 (vir)     1          28.861          -4.867          -2.144          -8.393           30.243
  158 (vir)     1          28.986          -6.872          -2.562          -9.087           28.639
  159 (vir)     1          29.374          -4.763          -2.304          -8.864           31.171
  160 (vir)     1          29.524          -4.521          -1.947          -8.460           31.516
  161 (vir)     1          30.250           0.887          -2.735          -9.851           38.254
  162 (vir)     1          30.848          -4.734          -2.196          -8.757           32.674
  163 (vir)     1          31.712          -5.129          -2.370          -9.161           33.373
  164 (vir)     1          32.968          -5.277          -2.024          -8.532           34.198
  165 (vir)     1          33.093          -5.238          -2.362          -9.276           34.769
  166 (vir)     1          33.894          -6.262          -2.295          -9.242           34.579
  167 (vir)     1          34.750          -5.906          -2.674         -10.125           36.295
  168 (vir)     1          35.109          -6.802          -2.561          -9.789           35.536
  169 (vir)     1          35.577          -7.193          -2.654          -9.993           35.723
  170 (vir)     1          37.007          -7.192          -3.210         -11.420           38.024
  171 (vir)     1          37.468         -11.425          -3.566         -11.594           34.070
  172 (vir)     1          37.898          -6.345          -2.534          -9.876           38.895
  173 (vir)     1          38.280          -7.121          -2.637         -10.347           38.868
  174 (vir)     1          38.684         -10.987          -3.170         -11.643           36.170
  175 (vir)     1          39.075          -9.413          -3.223         -11.594           38.034
  176 (vir)     1          39.239          -8.183          -2.656         -10.660           39.060
  177 (vir)     1          39.611          -8.094          -3.048         -11.191           39.660
  178 (vir)     1          40.755          -8.396          -2.913         -11.057           40.503
  179 (vir)     1          40.910         -10.819          -3.239         -11.583           38.434
  180 (vir)     1          41.160          -8.004          -3.172         -11.352           41.336
  181 (vir)     1          42.722          -8.059          -3.356         -12.462           43.769
  182 (vir)     1          42.801           4.805          -3.435         -12.572           56.743
  183 (vir)     1          43.160          -9.551          -2.756         -11.100           41.953
  184 (vir)     1          43.923          -9.439          -3.088         -11.699           43.096
  185 (vir)     1          44.231          -9.691          -3.283         -12.267           43.525
  186 (vir)     1          44.575         -10.772          -3.474         -12.784           43.113
  187 (vir)     1          45.337          -9.895          -2.875         -11.499           44.066
  188 (vir)     1          45.618         -10.513          -2.710         -11.160           43.555
  189 (vir)     1          45.823         -12.450          -3.370         -12.563           42.566
  190 (vir)     1          46.413         -11.870          -3.417         -12.525           43.652
  191 (vir)     1          46.765         -11.927          -3.521         -13.150           44.466
  192 (vir)     1          47.320         -11.280          -3.403         -12.766           45.403
  193 (vir)     1          48.104         -11.485          -2.929         -12.109           45.800
  194 (vir)     1          48.974         -12.123          -3.571         -13.554           46.834
  195 (vir)     1          49.308          -9.729          -2.929         -12.205           48.855
  196 (vir)     1          49.675           4.320          -3.023         -12.703           63.676
  197 (vir)     1          50.573         -11.847          -3.283         -12.961           48.403
  198 (vir)     1          50.896         -10.337          -3.217         -13.328           50.670
  199 (vir)     1          51.621         -10.200          -3.763         -13.870           51.527
  200 (vir)     1          51.820           5.248          -3.392         -13.269           66.944
  201 (vir)     1          52.008          -8.539          -2.981         -12.408           52.896
  202 (vir)     1          52.337         -12.752          -3.107         -12.780           49.258
  203 (vir)     1          52.639         -11.229          -3.396         -13.691           51.705
  204 (vir)     1          53.162          -7.715          -3.761         -14.262           55.947
  205 (vir)     1          53.435         -12.873          -2.898         -12.534           50.198
  206 (vir)     1          54.402          -5.737          -2.976         -12.650           58.339
  207 (vir)     1          54.502          -9.298          -2.866         -12.743           55.080
  208 (vir)     1          55.558          -5.134          -2.828         -12.367           59.963
  209 (vir)     1          55.714         -11.158          -2.999         -12.837           54.394
  210 (vir)     1          55.806         -11.453          -3.035         -12.950           54.267
  211 (vir)     1          56.441           4.345          -3.231         -13.276           70.831
  212 (vir)     1          56.909           5.247          -3.278         -13.622           72.500
  213 (vir)     1          57.266          -4.109          -3.271         -13.698           63.584
  214 (vir)     1          58.194           5.226          -2.946         -13.138           73.612
  215 (vir)     1          58.244           5.187          -2.929         -13.030           73.532
  216 (vir)     1          58.460           5.004          -2.886         -13.018           73.595
  217 (vir)     1          58.597           4.932          -2.921         -13.126           73.734
  218 (vir)     1          59.055         -10.070          -2.881         -13.168           59.272
  219 (vir)     1          59.185          -9.582          -3.123         -13.397           59.877
  220 (vir)     1          59.638           3.547          -3.073         -13.418           73.530
  221 (vir)     1          60.158           4.443          -2.870         -13.139           74.870
  222 (vir)     1          60.468         -11.189          -3.027         -13.457           59.709
  223 (vir)     1          60.688           0.358          -3.189         -13.917           71.775
  224 (vir)     1          61.217         -12.614          -3.228         -13.735           59.111
  225 (vir)     1          61.374           4.517          -2.928         -13.162           76.125
  226 (vir)     1          62.017         -12.633          -2.941         -13.371           59.815
  227 (vir)     1          62.256           5.279          -2.883         -13.309           77.960
  228 (vir)     1          62.817           4.748          -2.749         -13.654           78.471
  229 (vir)     1          63.066           5.383          -2.963         -13.978           79.464
  230 (vir)     1          64.086           5.795          -2.673         -13.327           80.536
  231 (vir)     1          64.219           5.270          -2.624         -13.087           79.952
  232 (vir)     1          64.897           3.321          -2.959         -13.560           78.820
  233 (vir)     1          65.062           4.710          -2.720         -13.160           80.212
  234 (vir)     1          65.299           4.213          -2.761         -13.401           80.152
  235 (vir)     1          65.385           4.061          -2.615         -13.127           79.957
  236 (vir)     1          65.636           5.125          -3.036         -13.970           81.695
  237 (vir)     1          66.697           3.818          -2.763         -13.622           81.374
  238 (vir)     1          66.915           5.087          -2.646         -13.084           82.440
  239 (vir)     1          67.709           4.954          -2.712         -13.814           83.765
  240 (vir)     1          67.757           4.568          -2.568         -13.351           83.109
  241 (vir)     1          68.132           3.995          -2.569         -13.687           83.245
  242 (vir)     1          68.747           4.799          -2.581         -13.120           84.085
  243 (vir)     1          69.022           4.657          -2.780         -13.550           84.449
  244 (vir)     1          70.241           4.698          -2.670         -13.682           85.952
  245 (vir)     1          71.307           4.004          -2.253         -13.198           86.256
  246 (vir)     1          71.391           5.097          -2.481         -13.453           87.460
  247 (vir)     1          71.876           5.336          -2.813         -13.974           88.373
  248 (vir)     1          72.136           4.016          -2.368         -13.555           87.339
  249 (vir)     1          72.943           4.603          -2.649         -13.708           88.605
  250 (vir)     1          73.350           5.480          -2.921         -14.570           90.479
  251 (vir)     1          73.808           4.398          -2.400         -13.682           89.488
  252 (vir)     1          74.352           5.201          -2.844         -14.358           91.067
  253 (vir)     1          74.739           4.985          -2.336         -13.506           90.894
  254 (vir)     1          75.154           4.535          -2.602         -13.938           91.026
  255 (vir)     1          75.567           4.720          -2.306         -13.469           91.450
  256 (vir)     1          75.754           5.558          -2.970         -14.659           93.001
  257 (vir)     1          76.660           4.997          -2.418         -13.974           93.212
  258 (vir)     1          76.973           5.237          -2.630         -14.155           93.735
  259 (vir)     1          77.307           4.507          -3.001         -15.235           94.048
  260 (vir)     1          77.489           5.620          -2.544         -14.215           94.779
  261 (vir)     1          78.086           4.978          -2.553         -14.078           94.589
  262 (vir)     1          78.171           4.763          -2.651         -14.423           94.706
  263 (vir)     1          79.131           4.598          -2.587         -14.301           95.442
  264 (vir)     1          79.585           4.828          -2.604         -14.515           96.325
  265 (vir)     1          80.444           4.936          -2.631         -14.614           97.363
  266 (vir)     1          81.453           4.398          -2.616         -14.530           97.764
  267 (vir)     1          81.822           4.334          -2.721         -14.822           98.258
  268 (vir)     1          81.925           4.010          -2.679         -14.439           97.695
  269 (vir)     1          82.429           4.539          -2.729         -14.612           98.851
  270 (vir)     1          82.826           4.148          -2.588         -14.595           98.981
  271 (vir)     1          82.937           4.753          -2.991         -15.563          100.262
  272 (vir)     1          83.399           4.117          -2.640         -14.646           99.522
  273 (vir)     1          84.185           5.423          -2.709         -15.160          102.059
  274 (vir)     1          85.167           4.805          -2.479         -14.438          101.931
  275 (vir)     1          85.382           4.389          -2.564         -14.902          102.109
  276 (vir)     1          85.917           3.638          -2.381         -14.123          101.297
  277 (vir)     1          86.008           4.822          -2.563         -15.128          103.396
  278 (vir)     1          86.061           4.261          -2.546         -14.678          102.454
  279 (vir)     1          86.835           4.444          -2.493         -14.157          102.943
  280 (vir)     1          87.328           4.264          -2.549         -14.906          103.948
  281 (vir)     1          87.599           4.284          -2.556         -14.915          104.242
  282 (vir)     1          89.007           4.639          -2.703         -15.552          106.494
  283 (vir)     1          89.286           4.196          -2.706         -15.686          106.462
  284 (vir)     1          90.047           4.267          -2.422         -14.452          106.344
  285 (vir)     1          90.957           4.096          -2.649         -15.409          107.812
  286 (vir)     1          91.184           4.122          -2.663         -15.525          108.167
  287 (vir)     1          91.523           3.705          -2.700         -15.001          107.528
  288 (vir)     1          92.421           3.769          -2.633         -15.486          109.043
  289 (vir)     1          93.022           3.723          -2.548         -15.243          109.440
  290 (vir)     1          93.925           4.337          -2.514         -15.157          110.905
  291 (vir)     1          96.080           4.177          -2.503         -15.149          112.904
  292 (vir)     1          96.662           3.308          -2.552         -15.450          112.868
  293 (vir)     1          97.245           3.297          -2.605         -15.835          113.772
  294 (vir)     1          97.413           3.990          -2.634         -15.446          114.214
  295 (vir)     1          97.997           4.103          -2.409         -14.857          114.548
  296 (vir)     1          98.479           3.875          -2.524         -15.061          114.891
  297 (vir)     1          99.430           2.640          -1.841         -13.237          113.466
  298 (vir)     1         100.059           3.678          -2.241         -14.461          115.956
  299 (vir)     1         101.544           3.129          -2.321         -14.572          116.923
  300 (vir)     1         101.759           3.982          -2.650         -15.625          118.716
  301 (vir)     1         103.681           3.691          -2.470         -15.426          120.326
  302 (vir)     1         105.782           3.766          -2.532         -15.853          122.869
  303 (vir)     1         106.323           3.565          -2.114         -14.437          122.211
  304 (vir)     1         109.388           3.070          -2.758         -16.599          126.299
  305 (vir)     1         110.078           3.283          -2.417         -15.375          126.318
  306 (vir)     1         113.429           3.169          -2.482         -15.589          129.706
  307 (vir)     1         116.878           3.322          -2.399         -16.117          133.919
  308 (vir)     1         117.822           3.410          -2.654         -16.854          135.433
  309 (vir)     1         120.067           3.157          -2.656         -16.622          137.190
  310 (vir)     1         121.051           2.874          -2.594         -16.594          137.925
  311 (vir)     1         122.211           3.148          -2.530         -16.445          139.274
  312 (vir)     1         122.642           2.975          -2.373         -15.970          139.214
  313 (vir)     1         126.960           2.944          -2.501         -16.506          143.909
  314 (vir)     1         130.034           2.519          -2.564         -17.042          147.031
  315 (vir)     1         131.753           2.783          -2.784         -17.750          149.502
  316 (vir)     1         133.062           2.695          -2.680         -17.176          150.252
  317 (vir)     1         137.534           2.379          -2.362         -16.873          154.424
  318 (vir)     1         138.222           2.957          -2.298         -16.496          155.377
  319 (vir)     1         140.885           3.082          -2.349         -16.874          158.492
  320 (vir)     1         143.111           2.947          -2.184         -16.409          160.283
  321 (vir)     1         153.910           2.777          -1.793         -15.876          170.770
  322 (vir)     1         161.987           2.618          -1.561         -15.257          178.301
  323 (vir)     1         163.347           2.639          -1.606         -15.605          179.985
  324 (vir)     1         163.935           2.625          -1.660         -15.855          180.755
  325 (vir)     1         167.055           2.684          -1.516         -14.910          183.133
  326 (vir)     1         209.878           4.929          -1.536         -16.249          229.520
  327 (vir)     1         224.491           5.540          -1.575         -17.375          245.830
  328 (vir)     1         228.775           5.795          -1.518         -17.433          250.485
  329 (vir)     1         237.465           6.014          -1.330         -16.874          259.024
  330 (vir)     1         239.707           5.380          -1.008         -14.350          258.429
  331 (vir)     1         240.946           5.834          -1.134         -15.123          260.769
  332 (vir)     1         241.537           5.649          -0.970         -14.150          260.366
  333 (vir)     1         242.539           5.223          -1.076         -13.690          260.377
  334 (vir)     1         243.466           8.007          -0.736         -13.667          264.404
  335 (vir)     1         245.470           6.903          -1.196         -16.256          267.433
 
