 
  kpoint:       1             coordinate:     0.0000    0.0000    0.0000                  spin:  1
 
    n           k   ϵ_nk^DFT (eV)     Σ^c_nk (eV)     Σ^x_nk (eV)    v_nk^xc (eV)   ϵ_nk^G0W0 (eV)
 
    1 (occ)     1         -23.689           8.882         -25.102         -15.641          -24.267
    2 (occ)     1         -19.297           6.541         -24.112         -15.788          -21.080
    3 (occ)     1         -12.084           1.181         -18.616         -14.495          -15.024
    4 (occ)     1          -9.966           2.146         -19.181         -13.714          -13.286
    5 (occ)     1          -9.966           2.146         -19.181         -13.714          -13.286
    6 (occ)     1          -7.270           1.283         -18.944         -14.250          -10.682
    7 (occ)     1          -7.270           1.283         -18.944         -14.250          -10.682
    8 (vir)     1          -4.336          -1.593          -8.368         -13.650           -0.647
    9 (vir)     1           0.749          -0.997          -1.525          -4.830            3.057
   10 (vir)     1           2.676          -1.064          -1.318          -4.465            4.759
   11 (vir)     1           2.838          -0.881          -2.207          -5.818            5.568
   12 (vir)     1           2.838          -0.882          -2.207          -5.818            5.568
   13 (vir)     1           2.927          -1.107          -2.332          -6.138            5.626
   14 (vir)     1           2.927          -1.107          -2.332          -6.138            5.626
   15 (vir)     1           3.017          -1.181          -1.827          -5.378            5.386
   16 (vir)     1           4.177          -1.158          -2.413          -6.159            6.765
   17 (vir)     1           4.177          -1.158          -2.413          -6.159            6.765
   18 (vir)     1           4.308          -0.959          -1.403          -4.497            6.443
   19 (vir)     1           4.308          -0.959          -1.403          -4.497            6.443
   20 (vir)     1           5.418          -0.974          -1.918          -5.526            8.052
   21 (vir)     1           5.418          -0.974          -1.918          -5.526            8.052
   22 (vir)     1           5.851          -1.288          -1.097          -4.463            7.929
   23 (vir)     1           8.407          -0.713          -0.392          -3.376           10.678
   24 (vir)     1           8.407          -0.713          -0.392          -3.376           10.678
   25 (vir)     1           9.319          -1.335          -0.669          -4.101           11.416
   26 (vir)     1           9.534          -1.181          -0.922          -4.451           11.880
   27 (vir)     1           9.534          -1.181          -0.922          -4.451           11.880
   28 (vir)     1           9.839          -1.692          -2.895          -7.770           13.021
   29 (vir)     1           9.839          -1.692          -2.895          -7.770           13.021
   30 (vir)     1          10.198          -0.991          -0.797          -4.298           12.709
   31 (vir)     1          10.198          -0.991          -0.797          -4.298           12.709
   32 (vir)     1          10.987          -4.009          -4.001         -10.904           13.881
   33 (vir)     1          11.760          -0.892          -0.473          -3.722           14.116
   34 (vir)     1          11.760          -0.892          -0.473          -3.722           14.116
   35 (vir)     1          13.616          -1.989          -2.016          -6.890           16.501
   36 (vir)     1          14.334          -2.750          -3.942         -10.549           18.191
   37 (vir)     1          14.334          -2.750          -3.941         -10.549           18.192
   38 (vir)     1          14.908          -3.780          -4.857         -12.639           18.910
   39 (vir)     1          14.908          -3.780          -4.857         -12.639           18.910
   40 (vir)     1          15.388          -3.520          -2.883          -8.810           17.797
   41 (vir)     1          16.668          -5.129          -4.484         -13.132           20.187
   42 (vir)     1          16.668          -5.129          -4.484         -13.132           20.187
   43 (vir)     1          18.989          -2.872          -2.270          -8.796           22.643
   44 (vir)     1          18.989          -2.869          -2.270          -8.796           22.646
   45 (vir)     1          19.575          -2.326          -1.973          -7.602           22.878
   46 (vir)     1          19.575          -2.324          -1.973          -7.602           22.880
   47 (vir)     1          19.605          -3.425          -1.320          -6.471           21.332
   48 (vir)     1          20.676          -6.896          -3.713         -12.288           22.356
   49 (vir)     1          24.767          -3.143          -1.943          -7.780           27.460
   50 (vir)     1          24.767          -3.167          -1.943          -7.780           27.437
   51 (vir)     1          29.250          -5.997          -2.507          -9.554           30.299
   52 (vir)     1          29.250          -6.000          -2.506          -9.554           30.297
   53 (vir)     1          30.852         -11.183          -2.414         -10.472           27.727
   54 (vir)     1          36.478           1.790          -1.904          -8.837           45.201
   55 (vir)     1          36.478           1.784          -1.902          -8.837           45.197
   56 (vir)     1          40.838           2.668          -1.812          -9.877           51.570
   57 (vir)     1         145.844          -2.374          -1.249         -11.092          153.313
   58 (vir)     1         147.992           7.453          -1.235         -11.067          165.276
 
