 
  kpoint:       1             coordinate:     0.0000    0.0000    0.0000                  spin:  1
 
    n           k   ϵ_nk^DFT (eV)     Σ^c_nk (eV)     Σ^x_nk (eV)    v_nk^xc (eV)   ϵ_nk^G0W0 (eV)
 
    1 (occ)     1         -26.950           7.685         -26.554         -16.760          -29.058
    2 (occ)     1         -19.537           5.161         -23.746         -16.207          -21.915
    3 (occ)     1         -14.189           4.499         -21.002         -14.553          -16.139
    4 (occ)     1         -12.314          -0.057         -15.997         -13.107          -15.262
    5 (occ)     1         -10.868           1.270         -19.677         -15.314          -13.960
    6 (occ)     1         -10.357           2.408         -19.047         -13.699          -13.298
    7 (occ)     1          -7.346           0.727         -17.395         -13.515          -10.499
    8 (occ)     1          -7.248           1.451         -18.425         -13.806          -10.416
    9 (vir)     1          -6.036          -2.614          -6.374         -12.408           -2.615
   10 (vir)     1          -3.908          -2.852          -6.291         -12.597           -0.455
   11 (vir)     1          -1.965          -1.808          -8.238         -13.399            1.387
   12 (vir)     1          -0.767          -4.608          -4.744         -11.654            1.536
   13 (vir)     1           0.420          -0.495          -0.810          -2.606            1.721
   14 (vir)     1           0.547          -1.004          -0.723          -2.942            1.763
   15 (vir)     1           0.748          -0.317          -0.577          -2.036            1.890
   16 (vir)     1           1.221          -0.351          -0.440          -2.024            2.455
   17 (vir)     1           1.354          -0.277          -0.337          -1.695            2.435
   18 (vir)     1           1.569          -0.329          -0.198          -1.510            2.553
   19 (vir)     1           1.574          -0.295          -0.315          -1.592            2.556
   20 (vir)     1           1.689          -0.318          -0.250          -1.504            2.625
   21 (vir)     1           2.550          -0.242          -0.287          -1.563            3.585
   22 (vir)     1           2.642          -0.190          -0.219          -1.243            3.476
   23 (vir)     1           2.709          -0.271          -0.180          -1.267            3.526
   24 (vir)     1           3.007          -1.720          -3.392          -7.809            5.704
   25 (vir)     1           3.753          -0.457          -0.485          -1.959            4.769
   26 (vir)     1           3.805          -0.899          -1.576          -4.068            5.398
   27 (vir)     1           4.465          -0.351          -0.495          -1.852            5.472
   28 (vir)     1           4.999          -0.586          -1.087          -3.033            6.359
   29 (vir)     1           5.836          -0.759          -0.778          -3.299            7.597
   30 (vir)     1           5.967          -0.582          -0.944          -2.764            7.205
   31 (vir)     1           6.013          -0.767          -1.153          -3.475            7.568
   32 (vir)     1           6.338          -2.876          -4.423          -9.991            9.031
   33 (vir)     1           6.478          -0.449          -0.404          -2.226            7.851
   34 (vir)     1           6.830          -3.312          -5.781         -12.313           10.050
   35 (vir)     1           8.415          -3.458          -4.162         -10.674           11.469
   36 (vir)     1           8.798          -1.416          -1.583          -5.197           10.996
   37 (vir)     1           8.923          -3.158          -4.527         -10.793           12.031
   38 (vir)     1           8.956          -1.308          -0.612          -3.600           10.636
   39 (vir)     1           9.401          -2.330          -2.164          -7.162           12.068
   40 (vir)     1          10.135          -2.742          -1.372          -5.828           11.850
   41 (vir)     1          10.431          -2.902          -1.363          -6.399           12.565
   42 (vir)     1          11.051          -1.417          -1.416          -5.001           13.220
   43 (vir)     1          11.889          -2.829          -2.712          -8.300           14.649
   44 (vir)     1          12.628          -2.106          -2.030          -6.825           15.317
   45 (vir)     1          13.370          -2.776          -1.293          -6.504           15.805
   46 (vir)     1          13.836          -3.028          -1.859          -7.360           16.309
   47 (vir)     1          14.031          -2.611          -1.458          -7.290           17.252
   48 (vir)     1          14.602          -4.299          -1.474          -6.107           14.936
   49 (vir)     1          14.768          -1.024          -0.955          -5.418           18.207
   50 (vir)     1          17.629          -1.252          -2.378          -8.242           22.240
   51 (vir)     1          17.907          -3.597          -1.900          -7.785           20.196
   52 (vir)     1          17.968          -2.694          -1.474          -7.055           20.854
   53 (vir)     1          18.546          -1.080          -0.472          -4.783           21.777
   54 (vir)     1          18.605          -2.125          -0.960          -5.935           21.454
   55 (vir)     1          18.957          -3.178          -1.763          -7.353           21.369
   56 (vir)     1          19.183          -2.953          -1.881          -7.233           21.581
   57 (vir)     1          19.259          -0.925          -0.556          -4.905           22.683
   58 (vir)     1          20.227          -2.898          -0.627          -5.445           22.147
   59 (vir)     1          20.472          -2.629          -1.733          -7.423           23.534
   60 (vir)     1          20.873          -3.913          -1.654          -8.015           23.322
   61 (vir)     1          23.519          -2.659          -0.741          -5.678           25.797
   62 (vir)     1          24.385          -3.719          -1.703          -7.287           26.250
   63 (vir)     1          24.448          -3.703          -1.415          -7.086           26.416
   64 (vir)     1          24.544          -2.648          -0.662          -5.602           26.836
   65 (vir)     1          24.658          -4.301          -1.967          -8.778           27.168
   66 (vir)     1          25.947          -0.139          -1.198          -7.044           31.654
   67 (vir)     1          26.415          -1.928          -1.399          -7.220           30.308
   68 (vir)     1          26.705          -2.846          -0.725          -5.847           28.980
   69 (vir)     1          26.726          -3.437          -1.420          -7.136           29.005
   70 (vir)     1          26.793           3.608          -2.002          -8.860           37.258
   71 (vir)     1          26.891          -2.369          -2.895         -11.042           32.669
   72 (vir)     1          27.749          -2.676          -0.912          -6.344           30.505
   73 (vir)     1          30.654          -0.180          -1.082          -6.726           36.119
   74 (vir)     1          30.862          -6.485          -1.386          -8.840           31.830
   75 (vir)     1          31.425           1.708          -1.237          -6.839           38.734
   76 (vir)     1          33.241           4.137          -1.784          -8.876           44.470
   77 (vir)     1          33.548          -3.933          -0.709          -5.938           34.845
   78 (vir)     1          34.294          -2.674          -1.023          -6.795           37.392
   79 (vir)     1          35.348          -4.595          -1.209          -7.693           37.238
   80 (vir)     1          38.297          -6.255          -1.502          -7.465           38.005
   81 (vir)     1          39.670           2.507          -2.183          -9.577           49.571
   82 (vir)     1          39.684           0.947          -0.966          -7.106           46.771
   83 (vir)     1          41.611           1.637          -3.343         -12.556           52.462
   84 (vir)     1          43.734          -1.030          -0.981          -7.678           49.400
   85 (vir)     1          44.036           0.675          -0.492          -5.780           49.999
   86 (vir)     1          44.286           1.404          -1.151          -7.472           52.011
   87 (vir)     1          46.975           2.554          -3.425         -13.174           59.279
   88 (vir)     1          48.208          -0.345          -2.626         -12.532           57.768
   89 (vir)     1          50.543          -0.097          -2.207         -11.811           60.049
   90 (vir)     1          51.652           1.946          -3.127         -12.954           63.425
   91 (vir)     1          51.866           4.521          -1.942         -10.918           65.362
   92 (vir)     1          54.857           1.087          -3.312         -14.171           66.803
   93 (vir)     1          56.298           3.567          -3.642         -15.068           71.290
   94 (vir)     1          57.758           0.957          -2.887         -14.276           70.104
   95 (vir)     1          59.191           1.302          -2.088         -11.705           70.110
   96 (vir)     1          60.758           4.035          -2.750         -13.887           75.929
   97 (vir)     1          61.596           0.371          -1.877         -11.355           71.446
   98 (vir)     1          62.667           0.283          -2.601         -13.933           74.282
   99 (vir)     1          62.922           2.357          -3.359         -15.486           77.405
  100 (vir)     1          64.688           2.466          -2.589         -14.160           78.724
  101 (vir)     1          69.420           3.392          -1.613         -12.805           84.004
  102 (vir)     1          69.610           3.968          -2.127         -13.545           84.996
  103 (vir)     1          70.226           2.492          -1.417         -12.264           83.564
  104 (vir)     1          70.487           2.290          -1.464         -12.184           83.497
  105 (vir)     1          70.859           2.663          -2.922         -14.766           85.367
  106 (vir)     1          72.347           3.952          -2.161         -13.046           87.184
  107 (vir)     1          76.396           1.229          -2.230         -14.266           89.662
  108 (vir)     1          78.904           2.620          -1.943         -12.768           92.349
  109 (vir)     1          78.917           0.830          -1.852         -12.877           90.773
  110 (vir)     1          91.501           2.081          -2.507         -15.656          106.731
  111 (vir)     1          98.893           1.745          -2.359         -15.509          113.788
  112 (vir)     1          98.968           0.627          -1.671         -13.852          111.777
  113 (vir)     1         195.881           4.971          -0.602         -11.351          211.601
  114 (vir)     1         228.337           4.975          -0.579         -12.533          245.266
  115 (vir)     1         230.030           8.302          -0.684         -12.883          250.531
  116 (vir)     1         234.246           9.149          -0.635         -12.831          255.591
 
