 
  kpoint:       1             coordinate:     0.0000    0.0000    0.0000                  spin:  1
 
    n           k   ϵ_nk^DFT (eV)     Σ^c_nk (eV)     Σ^x_nk (eV)    v_nk^xc (eV)   ϵ_nk^G0W0 (eV)
 
    1 (occ)     1         -16.712           5.518         -18.697         -11.985          -17.905
    2 (occ)     1         -12.279           3.043         -15.702         -11.237          -13.701
    3 (occ)     1          -6.639           0.257         -13.789         -10.787           -9.384
    4 (occ)     1          -6.307          -0.337         -12.126          -9.727           -9.042
    5 (occ)     1          -6.307          -0.334         -12.134          -9.727           -9.048
    6 (vir)     1          -3.223          -0.952          -5.334          -9.259           -0.249
    7 (vir)     1          -3.223          -0.952          -5.336          -9.259           -0.252
    8 (vir)     1           0.583          -1.434          -3.821          -7.951            3.278
    9 (vir)     1           1.491          -1.066          -1.537          -4.631            3.519
   10 (vir)     1           2.456          -1.033          -1.540          -4.824            4.708
   11 (vir)     1           2.456          -1.030          -1.542          -4.824            4.709
   12 (vir)     1           3.526          -1.898          -1.814          -5.388            5.202
   13 (vir)     1           3.526          -1.900          -1.815          -5.388            5.199
   14 (vir)     1           4.298          -1.479          -1.066          -4.361            6.114
   15 (vir)     1           4.916          -1.678          -0.774          -4.111            6.575
   16 (vir)     1           4.916          -1.683          -0.774          -4.111            6.569
   17 (vir)     1           5.016          -1.382          -0.973          -4.235            6.897
   18 (vir)     1           5.016          -1.383          -0.974          -4.235            6.895
   19 (vir)     1           5.342          -2.022          -1.864          -5.994            7.450
   20 (vir)     1           6.088          -2.353          -1.617          -5.991            8.109
   21 (vir)     1           6.088          -2.353          -1.618          -5.991            8.108
   22 (vir)     1           7.794          -2.072          -2.266          -6.861           10.316
   23 (vir)     1           9.804          -1.851          -1.411          -5.777           12.319
   24 (vir)     1          10.183          -1.825          -0.822          -5.237           12.773
   25 (vir)     1          10.183          -1.823          -0.822          -5.237           12.775
   26 (vir)     1          11.016          -2.301          -1.650          -6.465           13.531
   27 (vir)     1          11.016          -2.306          -1.649          -6.465           13.526
   28 (vir)     1          11.065          -2.623          -1.030          -5.469           12.882
   29 (vir)     1          11.065          -2.626          -1.030          -5.469           12.879
   30 (vir)     1          11.729           1.713          -2.696          -8.151           18.897
   31 (vir)     1          11.729           1.718          -2.697          -8.151           18.902
   32 (vir)     1          12.334          -4.853          -2.208          -7.695           12.968
   33 (vir)     1          13.874          -2.324          -1.697          -7.379           17.232
   34 (vir)     1          13.874          -2.339          -1.696          -7.379           17.218
   35 (vir)     1          14.042          -3.144          -0.559          -5.431           15.770
   36 (vir)     1          14.042          -3.143          -0.559          -5.431           15.770
   37 (vir)     1          14.692          -5.951          -1.959          -7.917           14.699
   38 (vir)     1          14.692          -5.945          -1.958          -7.917           14.706
   39 (vir)     1          15.683          -4.859          -1.742          -7.366           16.449
   40 (vir)     1          15.683          -4.850          -1.744          -7.366           16.455
   41 (vir)     1          17.147          -4.839          -1.605          -7.121           17.824
   42 (vir)     1          18.843          -5.254          -1.081          -6.664           19.172
   43 (vir)     1          19.183           1.858          -1.094          -6.844           26.791
   44 (vir)     1          19.183           1.876          -1.096          -6.844           26.807
   45 (vir)     1          20.851          -5.708          -0.874          -6.615           20.885
   46 (vir)     1          20.851          -5.754          -0.872          -6.615           20.841
   47 (vir)     1          22.917           2.224          -2.137          -9.111           32.115
   48 (vir)     1          31.028          -8.776          -2.024         -10.070           30.297
   49 (vir)     1          31.756           2.237          -1.565          -8.905           41.334
   50 (vir)     1          31.756           2.294          -1.561          -8.905           41.395
   51 (vir)     1          75.474           5.291          -1.000          -9.723           89.488
   52 (vir)     1          75.762         -12.553          -0.807          -9.209           71.612
   53 (vir)     1          75.762         -12.466          -0.803          -9.209           71.703
   54 (vir)     1          78.274           5.043          -0.877          -9.432           91.873
   55 (vir)     1          78.274           4.935          -0.873          -9.432           91.769
   56 (vir)     1          83.750           4.696          -0.762          -9.201           96.884
   57 (vir)     1         102.918           5.650          -0.627          -7.419          115.360
   58 (vir)     1         103.855           5.891          -0.639          -7.572          116.679
 
