 
  kpoint:       1             coordinate:     0.0000    0.0000    0.0000                  spin:  1
 
    n           k   ϵ_nk^DFT (eV)     Σ^c_nk (eV)     Σ^x_nk (eV)    v_nk^xc (eV)   ϵ_nk^G0W0 (eV)
 
    1 (occ)     1         -56.198           6.362         -51.567         -31.159          -70.244
    2 (occ)     1         -56.195           5.871         -51.575         -31.165          -70.733
    3 (occ)     1         -28.164           6.050         -43.286         -30.985          -34.414
    4 (occ)     1         -28.144           5.596         -43.424         -31.038          -34.934
    5 (occ)     1         -28.144           5.579         -43.383         -31.038          -34.910
    6 (occ)     1         -28.138           5.582         -43.456         -31.069          -34.943
    7 (occ)     1         -28.138           5.564         -43.412         -31.069          -34.917
    8 (occ)     1         -28.109           6.018         -43.441         -31.145          -34.387
    9 (occ)     1          -3.100          -0.321          -6.670          -5.189           -4.902
   10 (vir)     1          -1.723          -0.906          -1.776          -4.187           -0.218
   11 (vir)     1          -0.711          -1.050          -1.564          -4.225            0.900
   12 (vir)     1          -0.711          -1.049          -1.576          -4.225            0.889
   13 (vir)     1          -0.151          -2.210          -1.540          -4.422            0.521
   14 (vir)     1           0.788          -2.382          -1.096          -4.019            1.329
   15 (vir)     1           0.788          -2.407          -1.090          -4.019            1.309
   16 (vir)     1           2.857          -3.087          -0.618          -3.782            2.934
   17 (vir)     1           2.885          -3.129          -0.628          -3.754            2.881
   18 (vir)     1           2.910          -3.550          -1.117          -4.495            2.738
   19 (vir)     1           3.586          -0.779          -1.503          -5.031            6.335
   20 (vir)     1           3.591          -3.309          -0.710          -4.064            3.637
   21 (vir)     1           3.591          -3.335          -0.704          -4.064            3.615
   22 (vir)     1           5.289           0.266          -0.704          -4.159            9.009
   23 (vir)     1           5.326           0.253          -0.687          -4.121            9.014
   24 (vir)     1           7.246          -2.965          -2.421          -6.674            8.534
   25 (vir)     1           9.216          -0.183          -2.423          -7.340           13.951
   26 (vir)     1          10.073           0.555          -1.595          -6.117           15.151
   27 (vir)     1          10.073           0.653          -1.530          -6.117           15.313
   28 (vir)     1          19.159           0.887          -3.717         -10.179           26.508
   29 (vir)     1          78.174           0.053          -5.701         -15.033           87.559
   30 (vir)     1          79.565           0.077          -5.761         -15.541           89.422
   31 (vir)     1          86.858           0.352          -9.118         -28.092          106.184
   32 (vir)     1          86.858           0.360          -9.472         -28.092          105.838
   33 (vir)     1          88.890           0.369          -8.988         -27.956          108.228
   34 (vir)     1          88.890           0.375          -9.267         -27.956          107.954
   35 (vir)     1          90.419           1.308         -10.991         -27.759          108.494
   36 (vir)     1         113.790           1.168         -10.475         -27.443          131.927
 
