 
  kpoint:       1             coordinate:     0.0000    0.0000    0.0000                  spin:  1
 
    n           k   ϵ_nk^DFT (eV)     Σ^c_nk (eV)     Σ^x_nk (eV)    v_nk^xc (eV)   ϵ_nk^G0W0 (eV)
 
    1 (occ)     1         -21.041           6.360         -25.030         -15.684          -24.027
    2 (occ)     1         -14.600           3.826         -22.146         -14.620          -18.301
    3 (occ)     1         -14.591           3.806         -22.127         -14.619          -18.293
    4 (occ)     1         -12.033           2.227         -19.791         -13.922          -15.675
    5 (occ)     1         -11.390           1.814         -20.007         -14.730          -14.853
    6 (occ)     1          -8.685           1.303         -19.217         -14.198          -12.402
    7 (occ)     1          -8.673           1.291         -19.187         -14.201          -12.369
    8 (occ)     1          -7.048           0.904         -18.274         -14.311          -10.107
    9 (occ)     1          -7.045           0.886         -18.225         -14.308          -10.077
   10 (vir)     1          -0.143          -0.650          -1.074          -3.305            1.438
   11 (vir)     1           0.216          -0.662          -1.174          -3.446            1.827
   12 (vir)     1           0.270          -0.546          -0.823          -2.742            1.644
   13 (vir)     1           0.273          -0.545          -0.818          -2.741            1.651
   14 (vir)     1           1.230          -0.435          -0.506          -2.178            2.467
   15 (vir)     1           1.497          -0.344          -0.455          -1.826            2.524
   16 (vir)     1           1.498          -0.341          -0.453          -1.824            2.529
   17 (vir)     1           1.558          -0.321          -0.384          -1.693            2.547
   18 (vir)     1           1.559          -0.320          -0.383          -1.692            2.548
   19 (vir)     1           2.102          -1.191          -3.379          -6.856            4.388
   20 (vir)     1           3.145          -0.494          -0.708          -2.485            4.428
   21 (vir)     1           3.150          -0.508          -0.773          -2.589            4.457
   22 (vir)     1           3.195          -1.067          -2.573          -5.686            5.240
   23 (vir)     1           3.303          -0.811          -1.557          -3.975            4.910
   24 (vir)     1           3.401          -1.118          -2.965          -5.972            5.290
   25 (vir)     1           3.605          -0.374          -0.290          -1.984            4.925
   26 (vir)     1           3.613          -0.377          -0.289          -1.979            4.926
   27 (vir)     1           4.158          -0.492          -0.532          -2.441            5.574
   28 (vir)     1           4.274          -1.013          -1.966          -4.824            6.120
   29 (vir)     1           4.287          -0.962          -1.839          -4.625            6.111
   30 (vir)     1           4.572          -0.278          -0.173          -1.496            5.617
   31 (vir)     1           5.068          -0.810          -1.103          -3.651            6.806
   32 (vir)     1           5.612          -1.387          -2.136          -5.797            7.886
   33 (vir)     1           5.617          -1.396          -2.197          -5.900            7.924
   34 (vir)     1           5.636          -1.535          -2.694          -6.757            8.165
   35 (vir)     1           5.640          -1.507          -2.596          -6.596            8.132
   36 (vir)     1           6.824          -1.098          -1.384          -4.557            8.898
   37 (vir)     1           6.826          -1.095          -1.386          -4.557            8.903
   38 (vir)     1           7.077          -1.277          -2.192          -5.925            9.534
   39 (vir)     1           7.210          -1.073          -1.718          -5.074            9.494
   40 (vir)     1           7.228          -1.103          -1.771          -5.186            9.541
   41 (vir)     1           7.603          -1.227          -2.198          -5.660            9.837
   42 (vir)     1           8.115          -0.651          -0.273          -2.735            9.925
   43 (vir)     1           9.800          -1.936          -1.791          -6.113           12.185
   44 (vir)     1          10.029          -0.888          -0.438          -3.322           12.026
   45 (vir)     1          10.038          -0.899          -0.400          -3.260           11.999
   46 (vir)     1          10.507          -2.383          -2.845          -7.892           13.171
   47 (vir)     1          10.537          -2.400          -2.844          -7.966           13.260
   48 (vir)     1          11.862          -1.629          -1.921          -6.086           14.399
   49 (vir)     1          11.991          -1.891          -1.724          -6.051           14.427
   50 (vir)     1          12.022          -1.936          -1.798          -6.145           14.433
   51 (vir)     1          12.904          -1.580          -1.543          -5.456           15.237
   52 (vir)     1          12.904          -1.603          -1.566          -5.479           15.215
   53 (vir)     1          14.183          -2.935          -3.219          -9.169           17.198
   54 (vir)     1          14.721          -3.002          -3.045          -9.073           17.747
   55 (vir)     1          14.728          -3.011          -3.027          -9.075           17.765
   56 (vir)     1          15.630          -2.790          -2.218          -7.859           18.481
   57 (vir)     1          15.663          -2.742          -2.189          -7.825           18.557
   58 (vir)     1          15.939          -1.677          -1.461          -5.808           18.609
   59 (vir)     1          16.101          -2.438          -1.727          -6.988           18.923
   60 (vir)     1          17.016          -2.252          -1.352          -6.290           19.703
   61 (vir)     1          17.489          -2.445          -1.660          -7.032           20.416
   62 (vir)     1          17.510          -2.488          -1.703          -7.130           20.449
   63 (vir)     1          18.824          -2.399          -2.482          -7.903           21.845
   64 (vir)     1          19.541          -1.813          -0.824          -5.179           22.082
   65 (vir)     1          19.620          -1.837          -0.827          -5.259           22.215
   66 (vir)     1          20.095          -2.026          -0.999          -5.452           22.521
   67 (vir)     1          20.133          -2.054          -1.014          -5.420           22.486
   68 (vir)     1          20.688          -1.609          -0.786          -4.899           23.193
   69 (vir)     1          21.648          -2.919          -1.767          -7.575           24.537
   70 (vir)     1          21.659          -2.916          -1.772          -7.539           24.510
   71 (vir)     1          23.203          -3.285          -1.240          -6.944           25.622
   72 (vir)     1          23.963          -3.073          -1.985          -8.125           27.030
   73 (vir)     1          23.969          -3.105          -2.023          -8.126           26.967
   74 (vir)     1          25.739          -2.464          -0.978          -6.112           28.409
   75 (vir)     1          25.745          -2.458          -0.990          -6.091           28.388
   76 (vir)     1          26.862          -4.773          -2.569         -10.150           29.670
   77 (vir)     1          27.752          -4.308          -2.989          -9.971           30.427
   78 (vir)     1          28.379          -3.918          -1.447          -7.921           30.935
   79 (vir)     1          28.644          -3.832          -2.384          -8.798           31.227
   80 (vir)     1          28.675          -3.921          -2.299          -8.711           31.167
   81 (vir)     1          33.396          -5.008          -2.211          -9.143           35.321
   82 (vir)     1          33.413          -4.868          -2.192          -9.142           35.494
   83 (vir)     1          36.242          -5.204          -1.154          -7.372           37.256
   84 (vir)     1          36.319          -5.469          -1.456          -8.027           37.421
   85 (vir)     1          36.584          -4.926          -1.279          -7.481           37.860
   86 (vir)     1          36.623          -5.415          -1.672          -8.277           37.813
   87 (vir)     1          37.773          -5.994          -2.063          -9.364           39.080
   88 (vir)     1          39.857          -5.427          -1.345          -8.053           41.137
   89 (vir)     1          39.933          -5.533          -1.337          -7.995           41.057
   90 (vir)     1          41.549          -4.965          -1.881          -8.742           43.445
   91 (vir)     1          42.693          -7.921          -2.220         -10.286           42.837
   92 (vir)     1          42.832          -7.809          -2.180         -10.217           43.061
   93 (vir)     1          43.653         -10.147          -2.957         -12.960           43.509
   94 (vir)     1          43.687         -10.330          -2.941         -13.034           43.450
   95 (vir)     1          44.687          -6.631          -0.526          -6.589           44.120
   96 (vir)     1          45.504         -11.018          -3.069         -12.279           43.696
   97 (vir)     1          46.258         -10.533          -2.660         -11.701           44.766
   98 (vir)     1          50.108           5.814          -2.792         -12.642           65.772
   99 (vir)     1          50.416          -9.552          -2.830         -12.794           50.828
  100 (vir)     1          51.836         -12.017          -2.205         -11.937           49.551
  101 (vir)     1          56.399         -11.022          -2.418         -12.725           55.683
  102 (vir)     1          56.451         -10.288          -2.466         -12.702           56.399
  103 (vir)     1          58.772         -11.433          -2.414         -13.993           58.919
  104 (vir)     1          59.035          -2.128          -2.427         -13.428           67.908
  105 (vir)     1          61.374           3.827          -2.589         -13.217           75.829
  106 (vir)     1          61.438           3.844          -2.533         -13.224           75.974
  107 (vir)     1          62.247           3.814          -0.940          -8.847           73.968
  108 (vir)     1          65.883           4.943          -2.050         -12.929           81.706
  109 (vir)     1          65.997           4.901          -2.039         -13.032           81.891
  110 (vir)     1          66.609           4.689          -2.087         -13.254           82.465
  111 (vir)     1          66.976           4.407          -2.083         -12.986           82.286
  112 (vir)     1          67.078           4.414          -2.142         -13.098           82.448
  113 (vir)     1          67.334           4.623          -2.183         -13.220           82.994
  114 (vir)     1          68.533           4.993          -2.268         -14.038           85.295
  115 (vir)     1          68.582           5.794          -2.183         -14.035           86.228
  116 (vir)     1          70.595           5.133          -1.908         -13.235           87.056
  117 (vir)     1          70.605           5.152          -1.905         -13.253           87.105
  118 (vir)     1          74.393           3.980          -2.179         -13.706           89.900
  119 (vir)     1          74.456           4.221          -2.232         -13.721           90.166
  120 (vir)     1          78.415           3.811          -1.924         -13.878           94.180
  121 (vir)     1          78.703           4.003          -1.907         -13.937           94.737
  122 (vir)     1          82.079           3.270          -1.601         -12.886           96.635
  123 (vir)     1          82.966           3.366          -1.673         -13.270           97.929
  124 (vir)     1          83.303           3.551          -1.694         -13.370           98.531
  125 (vir)     1          84.754           2.908          -1.887         -13.634           99.410
  126 (vir)     1          85.197           3.546          -2.295         -14.732          101.181
  127 (vir)     1          86.102           3.713          -2.317         -14.811          102.309
  128 (vir)     1          90.464           3.510          -2.174         -15.298          107.098
  129 (vir)     1         105.316           2.472          -1.975         -15.144          120.957
  130 (vir)     1         105.599           2.485          -2.074         -15.157          121.167
  131 (vir)     1         117.947           2.580          -1.733         -14.803          133.597
  132 (vir)     1         117.987           2.325          -1.762         -14.800          133.350
  133 (vir)     1         155.210           2.387          -1.740         -16.049          171.906
  134 (vir)     1         160.479           2.355          -1.714         -16.000          177.119
  135 (vir)     1         164.760           2.623          -1.669         -16.031          181.746
  136 (vir)     1         164.831           2.227          -1.652         -16.050          181.455
  137 (vir)     1         165.695           2.072          -1.596         -15.783          181.954
  138 (vir)     1         165.757           2.650          -1.582         -15.801          182.627
  139 (vir)     1         199.210           3.173          -0.951         -12.295          213.728
  140 (vir)     1         240.757           5.077          -0.833         -13.522          258.523
  141 (vir)     1         240.790           4.259          -0.843         -13.512          257.719
 
