 
  kpoint:       1             coordinate:     0.0000    0.0000    0.0000                  spin:  1
 
    n           k   ϵ_nk^DFT (eV)     Σ^c_nk (eV)     Σ^x_nk (eV)    v_nk^xc (eV)   ϵ_nk^G0W0 (eV)
 
    1 (occ)     1         -25.490           8.353         -31.545         -19.830          -28.851
    2 (occ)     1         -13.278           1.557         -24.387         -17.938          -18.170
    3 (occ)     1          -9.335           2.170         -24.977         -18.287          -13.854
    4 (occ)     1          -7.294           2.224         -25.114         -18.534          -11.649
    5 (vir)     1           0.189          -0.270          -0.900          -2.796            1.816
    6 (vir)     1           2.950          -1.130          -3.795          -8.694            6.718
    7 (vir)     1           3.730          -0.810          -2.729          -6.525            6.716
    8 (vir)     1           5.022          -0.039          -0.063          -0.731            5.650
    9 (vir)     1           6.037          -0.371          -1.224          -4.457            8.898
   10 (vir)     1           6.614          -0.296          -1.415          -4.258            9.162
   11 (vir)     1           7.275          -0.378          -0.962          -4.442           10.377
   12 (vir)     1           8.324          -0.651          -1.446          -5.429           11.656
   13 (vir)     1           8.662          -0.503          -1.574          -4.639           11.224
   14 (vir)     1          12.506          -1.062          -3.240          -8.091           16.295
   15 (vir)     1          13.005          -1.130          -2.519          -7.289           16.644
   16 (vir)     1          14.127          -2.065          -4.278         -10.753           18.537
   17 (vir)     1          21.206          -2.951          -3.382         -10.599           25.472
   18 (vir)     1          22.474          -1.864          -2.876          -9.174           26.908
   19 (vir)     1          23.070          -1.820          -3.205          -9.840           27.885
   20 (vir)     1          29.952          -2.557          -4.501         -11.694           34.588
   21 (vir)     1          36.206          -1.753          -4.584         -12.613           42.482
   22 (vir)     1          37.575          -3.749          -3.925         -12.122           42.023
   23 (vir)     1          38.333          -2.650          -2.576          -9.221           42.328
   24 (vir)     1          43.154           0.960          -4.881         -13.723           52.955
   25 (vir)     1          49.020           3.751          -2.244         -11.110           61.637
   26 (vir)     1          51.218           2.587          -3.831         -13.253           63.226
   27 (vir)     1          52.205           2.300          -3.514         -12.269           63.260
   28 (vir)     1          56.033           2.455          -2.669         -11.952           67.770
   29 (vir)     1          62.626           2.170          -3.248         -13.483           75.032
   30 (vir)     1          72.712           4.592          -2.839         -13.605           88.070
   31 (vir)     1         113.476           3.957          -2.522         -17.373          132.284
   32 (vir)     1         115.351           4.310          -2.775         -18.178          135.064
   33 (vir)     1         119.101           3.138          -2.495         -17.802          137.546
   34 (vir)     1         146.226           2.756          -2.445         -18.328          164.864
   35 (vir)     1         150.559           3.094          -2.170         -17.416          168.899
   36 (vir)     1         175.674           1.564          -4.799         -23.509          195.949
   37 (vir)     1         176.924           1.539          -4.908         -23.378          196.934
   38 (vir)     1         178.357           1.740          -5.249         -23.551          198.399
   39 (vir)     1         179.757           1.716          -4.278         -23.082          200.277
   40 (vir)     1         185.884           1.871          -4.643         -23.216          206.329
   41 (vir)     1         224.876           1.335          -3.396         -20.632          243.447
   42 (vir)     1         225.282           1.186          -3.245         -20.653          243.876
   43 (vir)     1         225.630           1.093          -3.091         -20.687          244.319
   44 (vir)     1         225.682           1.065          -3.448         -20.779          244.079
   45 (vir)     1         225.869           1.135          -3.312         -20.694          244.386
   46 (vir)     1         226.625           1.237          -3.468         -20.761          245.155
   47 (vir)     1         226.671           1.283          -3.182         -20.710          245.482
 
