 
  kpoint:       1             coordinate:     0.0000    0.0000    0.0000                  spin:  1
 
    n           k   ϵ_nk^DFT (eV)     Σ^c_nk (eV)     Σ^x_nk (eV)    v_nk^xc (eV)   ϵ_nk^G0W0 (eV)
 
    1 (occ)     1         -14.096           3.975         -17.483         -11.051          -16.552
    2 (occ)     1         -12.466           3.074         -17.265         -11.371          -15.286
    3 (occ)     1          -8.895           1.359         -15.569         -11.044          -12.060
    4 (occ)     1          -8.894           1.359         -15.568         -11.044          -12.059
    5 (occ)     1          -8.249           1.182         -15.883         -11.513          -11.436
    6 (occ)     1          -8.248           1.182         -15.882         -11.512          -11.435
    7 (occ)     1          -7.312           0.626         -14.081         -10.695          -10.072
    8 (vir)     1          -0.637          -1.687          -3.872          -8.133            1.937
    9 (vir)     1          -0.637          -1.687          -3.872          -8.132            1.937
   10 (vir)     1          -0.574          -1.017          -1.529          -4.424            1.305
   11 (vir)     1          -0.510          -1.302          -2.343          -5.716            1.561
   12 (vir)     1           0.255          -1.306          -1.952          -5.482            2.479
   13 (vir)     1           0.255          -1.306          -1.952          -5.482            2.479
   14 (vir)     1           0.834          -1.515          -2.408          -6.270            3.181
   15 (vir)     1           0.923          -0.746          -1.183          -3.420            2.415
   16 (vir)     1           0.938          -0.519          -0.580          -2.336            2.174
   17 (vir)     1           0.938          -0.519          -0.581          -2.336            2.174
   18 (vir)     1           1.882          -0.575          -0.658          -2.588            3.237
   19 (vir)     1           1.882          -0.574          -0.659          -2.588            3.237
   20 (vir)     1           2.323          -1.159          -1.519          -4.846            4.490
   21 (vir)     1           2.323          -1.160          -1.519          -4.846            4.490
   22 (vir)     1           2.527          -1.405          -2.151          -5.328            4.299
   23 (vir)     1           3.316          -1.081          -1.419          -4.121            4.936
   24 (vir)     1           4.113          -0.736          -0.864          -2.987            5.499
   25 (vir)     1           4.113          -0.738          -0.864          -2.987            5.498
   26 (vir)     1           5.251          -0.867          -0.710          -3.151            6.825
   27 (vir)     1           5.269          -1.137          -1.419          -4.419            7.131
   28 (vir)     1           5.436          -0.862          -0.832          -3.314            7.055
   29 (vir)     1           5.436          -0.861          -0.832          -3.314            7.057
   30 (vir)     1           5.600          -1.351          -1.364          -4.808            7.693
   31 (vir)     1           5.600          -1.351          -1.364          -4.808            7.693
   32 (vir)     1           6.058          -0.952          -1.080          -3.824            7.850
   33 (vir)     1           6.058          -0.951          -1.080          -3.824            7.852
   34 (vir)     1           6.241          -2.075          -1.541          -5.454            8.079
   35 (vir)     1           6.414          -1.208          -0.951          -4.155            8.409
   36 (vir)     1           6.414          -1.208          -0.951          -4.154            8.409
   37 (vir)     1           6.886          -1.604          -1.079          -4.438            8.641
   38 (vir)     1           6.998          -0.913          -1.051          -3.689            8.723
   39 (vir)     1           6.998          -0.914          -1.051          -3.690            8.723
   40 (vir)     1           7.013          -1.563          -0.994          -4.938            9.394
   41 (vir)     1           7.849          -1.698          -1.067          -4.748            9.831
   42 (vir)     1           7.849          -1.697          -1.067          -4.748            9.833
   43 (vir)     1           8.376          -1.574          -0.959          -4.918           10.761
   44 (vir)     1           9.104          -1.877          -0.775          -4.671           11.123
   45 (vir)     1           9.515          -1.911          -1.193          -5.164           11.575
   46 (vir)     1           9.516          -1.912          -1.194          -5.164           11.574
   47 (vir)     1          10.080          -2.147          -1.272          -5.469           12.130
   48 (vir)     1          10.362          -2.838          -1.514          -6.423           12.433
   49 (vir)     1          10.362          -2.839          -1.513          -6.423           12.432
   50 (vir)     1          11.025          -2.563          -1.550          -6.193           13.105
   51 (vir)     1          11.510          -2.533          -1.488          -6.244           13.733
   52 (vir)     1          12.491          -1.230          -0.338          -3.516           14.439
   53 (vir)     1          12.665          -2.140          -0.913          -4.936           14.548
   54 (vir)     1          12.665          -2.143          -0.914          -4.935           14.544
   55 (vir)     1          12.675          -2.219          -0.956          -5.344           14.844
   56 (vir)     1          12.676          -2.221          -0.958          -5.345           14.842
   57 (vir)     1          13.437          -2.199          -0.850          -5.028           15.416
   58 (vir)     1          14.150          -2.843          -1.055          -5.826           16.078
   59 (vir)     1          14.150          -2.842          -1.055          -5.826           16.079
   60 (vir)     1          15.071          -3.722          -1.985          -8.145           17.509
   61 (vir)     1          15.385          -3.187          -1.496          -6.988           17.690
   62 (vir)     1          15.385          -3.188          -1.498          -6.988           17.688
   63 (vir)     1          15.389          -3.476          -1.256          -6.770           17.428
   64 (vir)     1          15.390          -3.477          -1.256          -6.771           17.429
   65 (vir)     1          16.433          -3.193          -1.227          -6.017           18.030
   66 (vir)     1          16.703          -2.213          -0.605          -4.640           18.526
   67 (vir)     1          16.704          -2.225          -0.606          -4.640           18.514
   68 (vir)     1          18.842          -1.211          -0.608          -4.605           21.627
   69 (vir)     1          20.700          -5.400          -1.482          -7.953           21.771
   70 (vir)     1          20.700          -5.401          -1.481          -7.953           21.771
   71 (vir)     1          20.864          -4.298          -1.188          -7.126           22.504
   72 (vir)     1          20.864          -4.295          -1.188          -7.126           22.507
   73 (vir)     1          21.312          -3.905          -1.002          -5.870           22.275
   74 (vir)     1          22.850          -6.393          -2.318          -9.780           23.919
   75 (vir)     1          22.852          -6.394          -2.318          -9.781           23.920
   76 (vir)     1          23.714           3.329          -1.780          -8.066           33.330
   77 (vir)     1          23.840          -7.526          -2.366         -10.504           24.452
   78 (vir)     1          24.782          -7.203          -2.130          -9.994           25.443
   79 (vir)     1          24.784          -7.201          -2.131          -9.995           25.446
   80 (vir)     1          31.522          -8.707          -1.282          -8.328           29.861
   81 (vir)     1          32.659          -9.156          -1.199          -8.519           30.823
   82 (vir)     1          32.968          -8.885          -1.364          -8.910           31.629
   83 (vir)     1          32.970          -8.846          -1.366          -8.911           31.668
   84 (vir)     1          33.781           2.808          -1.360          -8.669           43.898
   85 (vir)     1          33.781           2.827          -1.363          -8.670           43.915
   86 (vir)     1          39.425           2.403          -1.196          -8.450           49.081
   87 (vir)     1          45.686           2.562          -1.865         -10.571           56.954
   88 (vir)     1          45.689           2.544          -1.867         -10.571           56.937
   89 (vir)     1          46.833           2.359          -2.141         -10.714           57.765
   90 (vir)     1          47.759           2.452          -1.921         -10.719           59.009
   91 (vir)     1          47.762           2.447          -1.924         -10.719           59.005
   92 (vir)     1          51.488           2.060          -1.718         -10.227           62.056
   93 (vir)     1          51.720           2.281          -1.904         -10.871           62.966
   94 (vir)     1          51.721           2.278          -1.903         -10.871           62.967
   95 (vir)     1          51.898           2.082          -1.896         -11.011           63.096
   96 (vir)     1          52.073           2.120          -2.095         -11.204           63.303
   97 (vir)     1          52.741           2.198          -2.000         -11.009           63.948
   98 (vir)     1          52.742           2.186          -1.999         -11.010           63.938
   99 (vir)     1          52.836           1.747          -1.841         -10.692           63.434
  100 (vir)     1          55.356           2.190          -1.842         -10.966           66.669
  101 (vir)     1          67.651           1.709          -1.850         -12.089           79.599
  102 (vir)     1          67.661           1.727          -1.850         -12.089           79.628
  103 (vir)     1          68.755           1.651          -1.842         -12.005           80.569
  104 (vir)     1          68.766           1.663          -1.842         -12.005           80.592
  105 (vir)     1          86.726          -7.982          -0.412          -6.896           85.227
  106 (vir)     1          93.275         -12.025          -0.411          -7.217           88.057
  107 (vir)     1         141.084           1.839          -1.889         -16.220          157.254
  108 (vir)     1         143.126           1.909          -1.807         -15.960          159.188
  109 (vir)     1         144.576           1.809          -1.829         -16.116          160.672
  110 (vir)     1         144.579           1.809          -1.830         -16.116          160.674
  111 (vir)     1         144.931           1.799          -1.835         -16.144          161.039
  112 (vir)     1         144.934           1.799          -1.835         -16.144          161.042
 
