 
  kpoint:       1             coordinate:     0.0000    0.0000    0.0000                  spin:  1
 
    n           k   ϵ_nk^DFT (eV)     Σ^c_nk (eV)     Σ^x_nk (eV)    v_nk^xc (eV)   ϵ_nk^G0W0 (eV)
 
    1 (occ)     1         -26.094          10.730         -30.873         -19.095          -27.142
    2 (occ)     1         -22.985           8.198         -28.964         -18.431          -25.320
    3 (occ)     1         -22.003           6.184         -27.522         -17.527          -25.814
    4 (occ)     1         -15.159           3.117         -23.706         -16.805          -18.943
    5 (occ)     1         -13.766           2.509         -22.888         -16.663          -17.482
    6 (occ)     1         -13.463           2.471         -22.546         -16.213          -17.325
    7 (occ)     1         -11.540           1.635         -22.290         -16.790          -15.405
    8 (occ)     1         -10.396           2.844         -21.094         -15.363          -13.283
    9 (occ)     1          -9.839           3.591         -26.047         -19.139          -13.157
   10 (occ)     1          -6.623           1.819         -20.873         -16.037           -9.640
   11 (occ)     1          -6.504           2.094         -22.708         -17.700           -9.418
   12 (occ)     1          -5.914           2.799         -24.610         -18.761           -8.964
   13 (vir)     1          -0.821          -0.823          -1.547          -4.186            0.995
   14 (vir)     1          -0.145          -1.236          -4.061          -7.548            2.106
   15 (vir)     1           0.242          -1.118          -3.635          -6.815            2.305
   16 (vir)     1           0.383          -0.634          -1.247          -3.437            1.939
   17 (vir)     1           0.978          -0.955          -3.446          -6.275            2.852
   18 (vir)     1           1.123          -0.627          -1.495          -3.666            2.668
   19 (vir)     1           1.286          -0.474          -0.717          -2.535            2.630
   20 (vir)     1           1.618          -0.488          -0.783          -2.703            3.050
   21 (vir)     1           1.773          -0.354          -0.609          -2.158            2.969
   22 (vir)     1           1.896          -0.330          -0.495          -2.038            3.109
   23 (vir)     1           2.330          -0.637          -1.155          -3.352            3.889
   24 (vir)     1           2.848          -0.490          -0.997          -2.881            4.241
   25 (vir)     1           3.186          -0.692          -1.289          -3.533            4.739
   26 (vir)     1           3.359          -0.381          -0.483          -2.099            4.595
   27 (vir)     1           3.452          -0.448          -0.672          -2.409            4.741
   28 (vir)     1           3.476          -0.410          -0.669          -2.242            4.639
   29 (vir)     1           3.559          -0.853          -1.481          -4.142            5.366
   30 (vir)     1           3.873          -0.900          -1.883          -4.507            5.597
   31 (vir)     1           4.341          -1.052          -2.018          -4.905            6.177
   32 (vir)     1           4.589          -0.574          -1.014          -3.144            6.145
   33 (vir)     1           4.817          -0.504          -0.613          -2.529            6.229
   34 (vir)     1           4.849          -0.999          -1.985          -4.850            6.715
   35 (vir)     1           5.295          -0.960          -1.569          -4.485            7.251
   36 (vir)     1           6.190          -1.145          -1.763          -5.122            8.404
   37 (vir)     1           6.736          -1.110          -1.806          -5.154            8.975
   38 (vir)     1           6.998          -0.972          -1.475          -4.567            9.117
   39 (vir)     1           7.510          -0.909          -1.311          -4.355            9.644
   40 (vir)     1           7.685          -1.890          -3.006          -7.544           10.333
   41 (vir)     1           8.271          -1.180          -1.981          -5.561           10.671
   42 (vir)     1           9.242          -1.797          -3.368          -7.693           11.770
   43 (vir)     1           9.432          -3.044          -4.817         -10.806           12.377
   44 (vir)     1           9.607          -1.402          -2.769          -6.297           11.732
   45 (vir)     1          10.186          -1.805          -2.938          -7.383           12.826
   46 (vir)     1          10.469          -2.266          -3.250          -8.411           13.364
   47 (vir)     1          11.592          -1.487          -1.876          -5.928           14.156
   48 (vir)     1          12.415          -1.714          -1.231          -5.234           14.705
   49 (vir)     1          12.763          -1.563          -1.147          -5.211           15.264
   50 (vir)     1          12.864          -1.613          -2.083          -6.268           15.436
   51 (vir)     1          13.567          -3.028          -3.354          -9.321           16.506
   52 (vir)     1          13.742          -1.667          -2.062          -6.310           16.323
   53 (vir)     1          14.017          -2.638          -3.030          -8.465           16.814
   54 (vir)     1          14.300          -1.990          -2.520          -7.127           16.916
   55 (vir)     1          14.669          -2.231          -2.516          -7.676           17.597
   56 (vir)     1          14.754          -3.402          -3.541          -9.814           17.626
   57 (vir)     1          15.692          -2.879          -2.558          -8.076           18.331
   58 (vir)     1          16.754          -3.015          -3.233          -9.295           19.801
   59 (vir)     1          17.284          -3.606          -3.340          -9.981           20.319
   60 (vir)     1          17.505          -2.622          -2.041          -7.524           20.366
   61 (vir)     1          20.367          -2.845          -2.418          -8.360           23.464
   62 (vir)     1          21.106          -2.909          -2.899          -8.987           24.285
   63 (vir)     1          21.408          -2.826          -2.495          -8.310           24.398
   64 (vir)     1          22.069          -3.467          -2.429          -8.701           24.874
   65 (vir)     1          22.623          -3.409          -3.311          -9.873           25.776
   66 (vir)     1          22.957          -3.982          -3.549         -10.547           25.972
   67 (vir)     1          23.428          -3.229          -2.337          -8.377           26.239
   68 (vir)     1          24.031          -3.715          -3.235          -9.972           27.053
   69 (vir)     1          27.285          -4.131          -3.735         -10.888           30.307
   70 (vir)     1          30.554          -4.956          -2.927          -9.852           32.523
   71 (vir)     1          32.128          -5.898          -2.967         -10.714           33.975
   72 (vir)     1          32.226          -6.650          -3.489         -11.704           33.791
   73 (vir)     1          33.929          -6.551          -4.604         -12.756           35.529
   74 (vir)     1          33.933          -8.048          -3.928         -12.010           33.967
   75 (vir)     1          34.315          -7.052          -4.701         -13.064           35.627
   76 (vir)     1          36.542          -7.235          -4.001         -12.150           37.456
   77 (vir)     1          38.953          -9.389          -3.869         -12.383           38.077
   78 (vir)     1          39.233          -7.475          -3.909         -12.557           40.406
   79 (vir)     1          41.300          -8.852          -4.054         -13.576           41.970
   80 (vir)     1          41.557          -9.433          -4.019         -13.159           41.264
   81 (vir)     1          42.394          -7.982          -3.077         -11.167           42.503
   82 (vir)     1          44.215         -11.010          -3.618         -12.973           42.559
   83 (vir)     1          45.827          -9.837          -3.107         -12.330           45.213
   84 (vir)     1          46.755          -9.975          -2.946         -12.324           46.157
   85 (vir)     1          47.224           4.349          -3.951         -13.213           60.835
   86 (vir)     1          48.389          -9.810          -3.052         -12.253           47.781
   87 (vir)     1          48.895         -10.909          -3.108         -12.463           47.341
   88 (vir)     1          49.553          -6.058          -3.923         -13.253           52.825
   89 (vir)     1          49.932           4.746          -3.410         -12.740           64.008
   90 (vir)     1          50.790          -6.454          -3.633         -13.902           54.605
   91 (vir)     1          52.097          -5.453          -3.585         -13.556           56.615
   92 (vir)     1          52.836         -12.230          -3.342         -13.158           50.422
   93 (vir)     1          52.890         -11.641          -2.783         -12.684           51.150
   94 (vir)     1          54.337           4.957          -4.208         -14.853           69.940
   95 (vir)     1          55.311          -2.286          -3.059         -13.140           63.106
   96 (vir)     1          57.298          -1.612          -3.245         -13.274           65.716
   97 (vir)     1          58.966          -0.287          -2.914         -13.168           68.933
   98 (vir)     1          59.743           4.943          -2.787         -12.501           74.401
   99 (vir)     1          61.226           4.570          -3.042         -13.495           76.250
  100 (vir)     1          62.187           4.690          -3.632         -14.373           77.617
  101 (vir)     1          63.587           3.963          -3.295         -13.891           78.146
  102 (vir)     1          63.673           3.067          -3.535         -13.915           77.120
  103 (vir)     1          66.242           4.376          -2.662         -12.924           80.880
  104 (vir)     1          66.719           3.528          -2.624         -12.569           80.192
  105 (vir)     1          68.121           4.393          -3.132         -14.368           83.751
  106 (vir)     1          69.345           3.905          -2.865         -13.538           83.923
  107 (vir)     1          72.392           3.758          -3.178         -14.581           87.553
  108 (vir)     1          73.235           4.323          -3.024         -14.594           89.127
  109 (vir)     1          73.992           3.704          -2.815         -14.061           88.942
  110 (vir)     1          74.572           4.533          -2.698         -13.876           90.284
  111 (vir)     1          75.597           4.593          -2.724         -14.169           91.636
  112 (vir)     1          76.747           3.619          -3.456         -15.395           92.306
  113 (vir)     1          79.754           3.280          -3.061         -14.948           94.921
  114 (vir)     1          80.725           3.228          -2.774         -14.150           95.329
  115 (vir)     1          82.237           4.246          -2.884         -15.033           98.631
  116 (vir)     1          84.010           3.984          -2.899         -15.133          100.227
  117 (vir)     1          84.018           3.629          -2.732         -14.488           99.403
  118 (vir)     1          85.219           4.166          -3.165         -16.246          102.466
  119 (vir)     1          85.569           4.593          -3.099         -16.179          103.242
  120 (vir)     1          87.108           4.668          -2.700         -15.182          104.257
  121 (vir)     1          88.960           3.979          -3.036         -15.647          105.551
  122 (vir)     1          90.940           3.397          -2.745         -15.109          106.701
  123 (vir)     1          98.758           2.476          -2.012         -13.531          112.753
  124 (vir)     1         103.250           2.711          -2.890         -15.552          118.623
  125 (vir)     1         105.041           1.978          -3.033         -15.787          119.773
  126 (vir)     1         107.174           2.855          -2.643         -15.477          122.863
  127 (vir)     1         122.865           2.633          -3.092         -17.778          140.185
  128 (vir)     1         129.060           3.868          -3.363         -18.933          148.499
  129 (vir)     1         134.321           3.130          -3.680         -19.682          153.453
  130 (vir)     1         136.202           3.867          -3.241         -18.622          155.451
  131 (vir)     1         138.658           2.709          -2.598         -17.108          155.877
  132 (vir)     1         139.958           2.474          -2.552         -17.119          157.000
  133 (vir)     1         146.159           3.200          -2.060         -16.364          163.663
  134 (vir)     1         159.881           2.719          -1.671         -15.525          176.454
  135 (vir)     1         160.581           2.178          -1.767         -15.451          176.443
  136 (vir)     1         165.613           2.138          -1.534         -15.054          181.271
  137 (vir)     1         178.638           1.423          -5.257         -23.208          198.011
  138 (vir)     1         180.645           1.669          -4.960         -22.522          199.876
  139 (vir)     1         181.489           1.854          -4.882         -22.657          201.118
  140 (vir)     1         183.850           1.823          -5.023         -23.064          203.714
  141 (vir)     1         189.445           1.757          -5.041         -23.288          209.449
  142 (vir)     1         190.568           3.067          -2.581         -17.332          208.386
  143 (vir)     1         227.539           4.523          -2.276         -17.985          247.771
  144 (vir)     1         227.712           4.085          -1.942         -16.521          246.376
  145 (vir)     1         237.610           1.256          -3.637         -21.612          256.841
  146 (vir)     1         238.401           1.401          -3.513         -21.378          257.668
  147 (vir)     1         238.681           1.215          -3.567         -21.633          257.961
  148 (vir)     1         239.765           1.786          -3.496         -21.046          259.101
  149 (vir)     1         240.854           1.156          -3.704         -21.976          260.281
  150 (vir)     1         242.482           1.036          -3.734         -22.067          261.851
  151 (vir)     1         245.531           1.179          -3.728         -22.142          265.124
  152 (vir)     1         254.745           3.215          -2.222         -17.813          273.551
 
