 
  kpoint:       1             coordinate:     0.0000    0.0000    0.0000                  spin:  1
 
    n           k   ϵ_nk^DFT (eV)     Σ^c_nk (eV)     Σ^x_nk (eV)    v_nk^xc (eV)   ϵ_nk^G0W0 (eV)
 
    1 (occ)     1         -29.082          10.048         -30.998         -19.205          -30.827
    2 (occ)     1         -26.626           9.237         -32.104         -20.466          -29.028
    3 (occ)     1         -15.769           4.594         -24.879         -17.180          -18.874
    4 (occ)     1         -12.381           2.468         -21.070         -15.623          -15.359
    5 (occ)     1         -12.123           3.252         -23.128         -16.609          -15.390
    6 (occ)     1         -12.111           3.611         -26.156         -19.125          -15.531
    7 (occ)     1          -9.424           1.422         -23.332         -18.670          -12.664
    8 (occ)     1          -8.752           2.406         -24.957         -19.125          -12.178
    9 (occ)     1          -8.049           1.653         -22.706         -17.562          -11.540
   10 (vir)     1          -4.342          -1.203         -10.586         -15.541           -0.590
   11 (vir)     1          -0.247          -1.790          -6.198         -11.430            3.195
   12 (vir)     1           0.683          -1.473          -5.709         -10.382            3.882
   13 (vir)     1           2.069          -0.973          -1.551          -4.780            4.325
   14 (vir)     1           2.514          -0.827          -1.072          -3.967            4.582
   15 (vir)     1           3.687          -1.301          -2.254          -6.243            6.375
   16 (vir)     1           3.999          -1.355          -3.115          -7.374            6.904
   17 (vir)     1           4.539          -1.366          -3.144          -7.349            7.379
   18 (vir)     1           4.627          -1.439          -3.340          -7.753            7.601
   19 (vir)     1           4.874          -1.538          -1.954          -5.807            7.189
   20 (vir)     1           6.079          -1.021          -1.591          -5.130            8.598
   21 (vir)     1           6.111          -1.290          -2.437          -6.322            8.706
   22 (vir)     1          10.634          -3.204          -3.483         -10.026           13.972
   23 (vir)     1          11.472          -2.270          -2.554          -8.378           15.026
   24 (vir)     1          11.698          -1.455          -1.801          -6.625           15.068
   25 (vir)     1          11.857          -1.641          -2.362          -7.464           15.318
   26 (vir)     1          12.140          -2.437          -2.995          -9.457           16.165
   27 (vir)     1          12.300          -3.051          -1.843          -7.477           14.883
   28 (vir)     1          12.870          -2.408          -2.822          -8.784           16.424
   29 (vir)     1          15.222          -3.047          -2.183          -8.090           18.082
   30 (vir)     1          16.327          -3.322          -4.120         -10.960           19.846
   31 (vir)     1          16.349          -4.574          -3.525         -10.690           18.939
   32 (vir)     1          17.467          -3.902          -4.218         -11.379           20.725
   33 (vir)     1          17.972          -4.385          -2.256          -8.607           19.938
   34 (vir)     1          18.004          -3.056          -3.276          -9.665           21.337
   35 (vir)     1          18.520          -3.737          -2.846          -9.706           21.642
   36 (vir)     1          22.082          -3.193          -2.925          -9.561           25.525
   37 (vir)     1          24.090          -4.019          -3.064         -10.184           27.191
   38 (vir)     1          24.745          -4.212          -3.235         -10.432           27.730
   39 (vir)     1          25.699          -4.089          -3.714         -11.176           29.072
   40 (vir)     1          25.980          -4.807          -2.979         -10.136           28.330
   41 (vir)     1          29.737          -7.136          -3.829         -12.791           31.562
   42 (vir)     1          29.974          -8.830          -5.266         -15.872           31.750
   43 (vir)     1          39.543           4.169          -5.120         -14.097           52.689
   44 (vir)     1          42.289           2.370          -5.150         -14.378           53.886
   45 (vir)     1          44.521           3.001          -4.883         -14.085           56.723
   46 (vir)     1          45.139           2.791          -5.025         -14.600           57.506
   47 (vir)     1          45.322           3.009          -4.985         -14.676           58.022
   48 (vir)     1          46.255          -5.168          -4.830         -14.353           50.610
   49 (vir)     1          50.919           2.420          -4.526         -15.290           64.104
   50 (vir)     1          52.153           2.201          -4.788         -15.242           64.808
   51 (vir)     1          55.795           2.761          -4.475         -15.294           69.374
   52 (vir)     1          56.507           2.208          -4.733         -14.865           68.846
   53 (vir)     1          68.613           1.990          -3.544         -13.991           81.049
   54 (vir)     1          72.561           1.882          -4.439         -16.248           86.252
   55 (vir)     1          76.973           1.376          -2.379         -11.587           87.557
   56 (vir)     1         119.497           3.647          -3.524         -18.638          138.257
   57 (vir)     1         122.454           3.608          -3.502         -18.888          141.448
   58 (vir)     1         124.409           3.747          -3.407         -19.303          144.051
   59 (vir)     1         124.998           3.692          -3.332         -19.085          144.444
   60 (vir)     1         125.279           3.215          -3.394         -18.951          144.051
   61 (vir)     1         125.875           2.986          -3.876         -20.290          145.275
   62 (vir)     1         173.915           1.179          -5.210         -23.418          193.302
   63 (vir)     1         174.477           1.263          -5.232         -23.306          193.814
   64 (vir)     1         174.613           1.176          -5.084         -23.092          193.798
   65 (vir)     1         174.659           1.265          -5.283         -23.250          193.892
   66 (vir)     1         179.594           1.458          -5.015         -23.415          199.452
   67 (vir)     1         180.334           1.515          -5.260         -23.385          199.974
   68 (vir)     1         180.526           1.487          -4.865         -23.231          200.379
   69 (vir)     1         180.745           1.554          -4.845         -22.822          200.275
   70 (vir)     1         182.162           1.479          -5.095         -23.103          201.648
   71 (vir)     1         182.571           1.487          -4.907         -22.934          202.085
   72 (vir)     1         217.478           0.452          -3.150         -19.920          234.700
   73 (vir)     1         217.517           0.660          -3.182         -19.928          234.923
   74 (vir)     1         226.167           0.690          -3.368         -20.872          244.360
   75 (vir)     1         226.683           0.831          -3.427         -21.028          245.116
   76 (vir)     1         228.539           0.803          -3.548         -21.327          247.120
   77 (vir)     1         228.902           0.799          -3.455         -21.206          247.452
   78 (vir)     1         230.210           0.994          -3.259         -20.930          248.874
   79 (vir)     1         231.780           0.813          -3.238         -20.954          250.309
   80 (vir)     1         232.429           0.776          -3.447         -21.413          251.170
   81 (vir)     1         233.941           0.630          -3.466         -21.541          252.646
   82 (vir)     1         234.149           0.908          -3.522         -21.607          253.142
   83 (vir)     1         234.318           0.981          -3.603         -21.758          253.454
   84 (vir)     1         236.531           0.491          -3.390         -21.563          255.195
   85 (vir)     1         237.054           0.486          -3.497         -21.717          255.761
   86 (vir)     1         253.240           3.305          -2.082         -19.025          273.487
   87 (vir)     1         255.477           3.203          -2.267         -19.640          276.053
 
