 
  kpoint:       1             coordinate:     0.0000    0.0000    0.0000                  spin:  1
 
    n           k   ϵ_nk^DFT (eV)     Σ^c_nk (eV)     Σ^x_nk (eV)    v_nk^xc (eV)   ϵ_nk^G0W0 (eV)
 
    1 (occ)     1         -22.027           8.634         -25.127         -15.650          -22.870
    2 (occ)     1         -18.660           6.515         -24.435         -15.674          -20.905
    3 (occ)     1         -14.501           3.643         -21.470         -14.606          -17.723
    4 (occ)     1         -12.141           2.570         -19.961         -14.379          -15.154
    5 (occ)     1         -11.121           2.009         -20.610         -15.306          -14.416
    6 (occ)     1          -9.479           1.313         -19.148         -14.403          -12.911
    7 (occ)     1          -9.043           1.910         -18.118         -13.346          -11.905
    8 (occ)     1          -7.513           1.663         -18.986         -14.121          -10.714
    9 (occ)     1          -6.413           0.510         -16.945         -13.489           -9.359
   10 (vir)     1          -1.420          -2.025          -6.517         -11.671            1.709
   11 (vir)     1          -0.380          -1.826          -5.143          -9.780            2.432
   12 (vir)     1          -0.099          -0.886          -1.815          -4.469            1.670
   13 (vir)     1           0.300          -0.628          -0.970          -3.036            1.737
   14 (vir)     1           0.568          -0.585          -0.797          -2.776            1.962
   15 (vir)     1           0.887          -0.432          -0.556          -2.114            2.013
   16 (vir)     1           1.436          -0.385          -0.450          -1.928            2.529
   17 (vir)     1           1.678          -0.504          -0.845          -2.621            2.950
   18 (vir)     1           1.763          -0.420          -0.574          -2.029            2.798
   19 (vir)     1           1.874          -0.587          -1.077          -3.051            3.259
   20 (vir)     1           1.912          -0.369          -0.471          -1.986            3.058
   21 (vir)     1           3.012          -0.818          -1.593          -4.104            4.705
   22 (vir)     1           3.293          -0.955          -1.611          -4.586            5.313
   23 (vir)     1           3.387          -0.910          -1.596          -4.163            5.043
   24 (vir)     1           4.005          -0.941          -1.365          -3.971            5.670
   25 (vir)     1           4.144          -0.837          -1.478          -4.348            6.178
   26 (vir)     1           4.470          -0.789          -1.131          -3.803            6.353
   27 (vir)     1           4.589          -0.930          -1.631          -4.435            6.463
   28 (vir)     1           4.890          -0.830          -1.154          -3.648            6.554
   29 (vir)     1           5.205          -0.907          -1.579          -4.357            7.076
   30 (vir)     1           5.559          -1.267          -2.001          -5.448            7.740
   31 (vir)     1           5.613          -1.193          -1.619          -4.718            7.519
   32 (vir)     1           5.679          -0.865          -1.195          -4.075            7.695
   33 (vir)     1           5.921          -1.303          -1.970          -5.454            8.103
   34 (vir)     1           6.329          -1.043          -1.533          -4.646            8.399
   35 (vir)     1           6.374          -1.154          -1.394          -4.603            8.429
   36 (vir)     1           6.750          -1.238          -1.463          -4.654            8.703
   37 (vir)     1           7.829          -1.231          -1.173          -4.257            9.682
   38 (vir)     1           7.912          -1.243          -1.533          -4.764            9.900
   39 (vir)     1           7.920          -1.692          -1.474          -5.272           10.027
   40 (vir)     1           8.100          -1.684          -1.263          -4.819            9.972
   41 (vir)     1           8.704          -1.349          -1.483          -4.901           10.773
   42 (vir)     1           9.401          -1.555          -1.480          -5.058           11.425
   43 (vir)     1           9.920          -0.916          -1.348          -5.048           12.704
   44 (vir)     1          10.066          -1.466          -1.249          -4.898           12.249
   45 (vir)     1          10.198          -0.648          -0.730          -4.087           12.907
   46 (vir)     1          10.715          -1.013          -0.574          -3.841           12.970
   47 (vir)     1          10.827          -1.480          -1.693          -5.658           13.312
   48 (vir)     1          12.002          -1.733          -1.646          -5.847           14.470
   49 (vir)     1          12.026          -1.653          -1.333          -5.369           14.409
   50 (vir)     1          12.246          -1.989          -1.652          -6.020           14.624
   51 (vir)     1          12.528          -1.939          -1.854          -6.376           15.111
   52 (vir)     1          12.895          -1.809          -1.821          -6.103           15.368
   53 (vir)     1          13.808          -2.454          -2.127          -6.976           16.204
   54 (vir)     1          13.921          -2.726          -2.885          -8.497           16.806
   55 (vir)     1          14.610          -1.961          -1.689          -6.170           17.130
   56 (vir)     1          14.992          -3.250          -2.924          -8.816           17.634
   57 (vir)     1          15.127          -4.000          -3.745         -10.695           18.077
   58 (vir)     1          15.731          -3.894          -3.617         -10.220           18.441
   59 (vir)     1          16.360          -3.308          -2.603          -8.462           18.910
   60 (vir)     1          16.772          -2.554          -1.353          -5.960           18.824
   61 (vir)     1          17.460          -4.126          -3.338         -10.292           20.288
   62 (vir)     1          18.384          -3.480          -2.456          -8.264           20.711
   63 (vir)     1          19.099          -2.721          -1.435          -6.560           21.502
   64 (vir)     1          19.226          -5.443          -3.157         -10.333           20.959
   65 (vir)     1          19.770          -4.540          -2.867          -9.555           21.918
   66 (vir)     1          20.968          -3.008          -1.297          -6.429           23.092
   67 (vir)     1          21.256          -3.123          -1.245          -6.366           23.254
   68 (vir)     1          21.813          -0.511          -1.521          -7.425           27.206
   69 (vir)     1          23.644          -6.062          -1.976          -8.126           23.732
   70 (vir)     1          24.658          -4.643          -1.434          -6.810           25.391
   71 (vir)     1          26.067          -4.859          -1.779          -7.881           27.310
   72 (vir)     1          26.208          -2.205          -1.400          -7.243           29.846
   73 (vir)     1          26.961          -2.893          -1.591          -7.688           30.165
   74 (vir)     1          27.357          -4.546          -1.833          -7.595           28.573
   75 (vir)     1          29.421          -4.891          -1.977          -8.097           30.649
   76 (vir)     1          31.060          -3.828          -0.905          -5.788           32.116
   77 (vir)     1          31.343          -5.202          -3.693         -11.718           34.166
   78 (vir)     1          32.676          -3.044          -3.030         -10.655           37.256
   79 (vir)     1          32.884          -8.125          -2.536         -10.115           32.338
   80 (vir)     1          34.436          -6.971          -2.259          -9.633           34.839
   81 (vir)     1          36.384          -2.000          -2.574          -9.973           41.784
   82 (vir)     1          36.668           3.338          -2.664         -10.893           48.235
   83 (vir)     1          39.180           1.819          -2.711         -11.877           50.166
   84 (vir)     1          39.466          -8.528          -2.236          -9.910           38.612
   85 (vir)     1          39.587           3.362          -2.716         -10.937           51.171
   86 (vir)     1          42.112           1.130          -2.167         -10.682           51.756
   87 (vir)     1          43.716          -1.411          -1.586          -8.664           49.383
   88 (vir)     1          44.396         -11.923          -2.955         -12.755           42.272
   89 (vir)     1          45.965          -6.529          -2.365         -10.917           47.987
   90 (vir)     1          46.884           3.725          -2.002         -10.090           58.698
   91 (vir)     1          51.992           3.766          -2.789         -12.435           65.404
   92 (vir)     1          56.020           3.086          -2.441         -12.204           68.870
   93 (vir)     1          58.572           4.106          -2.956         -13.530           73.251
   94 (vir)     1          59.728           3.717          -2.404         -12.268           73.310
   95 (vir)     1          61.991           4.039          -2.559         -13.592           77.064
   96 (vir)     1          63.168           3.853          -2.522         -13.002           77.501
   97 (vir)     1          63.251           3.162          -2.561         -13.204           77.057
   98 (vir)     1          64.419           3.558          -2.808         -13.919           79.088
   99 (vir)     1          68.088           2.623          -2.467         -13.347           81.591
  100 (vir)     1          70.290           3.462          -2.327         -13.366           84.791
  101 (vir)     1          72.144           3.198          -2.222         -13.161           86.280
  102 (vir)     1          72.166           3.321          -1.961         -13.250           86.777
  103 (vir)     1          74.678           2.653          -2.289         -13.592           88.633
  104 (vir)     1          79.390           2.828          -2.308         -13.789           93.698
  105 (vir)     1          84.270           2.169          -2.456         -14.092           98.074
  106 (vir)     1          87.556           1.972          -2.483         -14.317          101.361
  107 (vir)     1          97.779           1.852          -2.628         -15.383          112.387
  108 (vir)     1         111.719           1.680          -2.224         -15.082          126.256
  109 (vir)     1         147.895           7.449          -1.208         -11.081          165.217
  110 (vir)     1         155.814           2.295          -1.788         -16.176          172.497
  111 (vir)     1         162.741           2.443          -1.660         -15.867          179.391
  112 (vir)     1         164.175           2.373          -1.633         -15.817          180.731
  113 (vir)     1         219.896           8.091          -0.935         -12.905          239.957
  114 (vir)     1         241.728           3.315          -0.887         -13.432          257.589
 
