 
  kpoint:       1             coordinate:     0.0000    0.0000    0.0000                  spin:  1
 
    n           k   ϵ_nk^DFT (eV)     Σ^c_nk (eV)     Σ^x_nk (eV)    v_nk^xc (eV)   ϵ_nk^G0W0 (eV)
 
    1 (occ)     1         -34.452          11.217         -33.857         -21.023          -36.069
    2 (occ)     1         -27.541           9.894         -32.279         -21.163          -28.764
    3 (occ)     1         -19.283           6.635         -30.636         -20.506          -22.779
    4 (occ)     1         -14.842           3.688         -25.086         -18.948          -17.291
    5 (occ)     1         -14.601           3.106         -27.258         -20.416          -18.337
    6 (occ)     1         -14.370           4.282         -27.302         -19.752          -17.639
    7 (occ)     1          -9.055           0.026         -22.903         -19.188          -12.744
    8 (occ)     1          -8.007           3.056         -26.887         -20.129          -11.709
    9 (occ)     1          -7.821           2.678         -26.502         -20.043          -11.602
   10 (vir)     1          -6.022          -0.607         -15.137         -20.208           -1.558
   11 (vir)     1           0.279          -3.381         -11.996         -19.925            4.827
   12 (vir)     1           2.497          -3.661         -11.305         -19.313            6.844
   13 (vir)     1           9.294          -2.648          -4.316         -10.613           12.943
   14 (vir)     1           9.310          -2.111          -3.671          -9.563           13.092
   15 (vir)     1          11.693          -3.277          -4.291         -11.576           15.701
   16 (vir)     1          13.603          -2.251          -5.404         -12.380           18.328
   17 (vir)     1          14.865          -2.406          -4.431         -11.282           19.310
   18 (vir)     1          15.764          -1.365          -3.897         -11.340           21.842
   19 (vir)     1          15.856          -2.449          -3.776         -10.315           19.946
   20 (vir)     1          17.471          -3.406          -3.282         -10.502           21.285
   21 (vir)     1          19.360          -2.524          -3.847         -10.742           23.731
   22 (vir)     1          19.668          -2.685          -4.469         -11.341           23.855
   23 (vir)     1          26.870          -4.664          -5.569         -13.854           30.491
   24 (vir)     1          27.212          -2.183          -5.981         -14.082           33.130
   25 (vir)     1          28.483           0.408          -6.155         -14.812           37.547
   26 (vir)     1          34.099           1.871          -6.023         -15.090           45.037
   27 (vir)     1          34.383           2.014          -5.247         -14.049           45.200
   28 (vir)     1          38.055           1.426          -5.495         -14.558           48.544
   29 (vir)     1          38.665           2.814          -5.354         -14.678           50.803
   30 (vir)     1          41.867           3.426          -4.946         -14.604           54.951
   31 (vir)     1          43.945           3.489          -4.782         -14.801           57.453
   32 (vir)     1          48.521           1.767          -5.173         -15.158           60.272
   33 (vir)     1          51.710           1.513          -3.777         -13.188           62.634
   34 (vir)     1          52.740           2.713          -4.307         -14.292           65.438
   35 (vir)     1          56.405           1.500          -5.827         -17.485           69.564
   36 (vir)     1          58.093           3.363          -4.301         -15.092           72.247
   37 (vir)     1          61.298           2.217          -6.152         -18.549           75.911
   38 (vir)     1          62.325           2.301          -4.268         -15.574           75.932
   39 (vir)     1          68.155           2.197          -4.827         -16.307           81.831
   40 (vir)     1          75.258           1.571          -3.834         -14.648           87.643
   41 (vir)     1          93.685         -12.138          -1.968         -12.783           92.362
   42 (vir)     1         100.338           2.980          -2.872         -15.133          115.578
   43 (vir)     1         106.083           3.801          -3.255         -16.991          123.620
   44 (vir)     1         116.925           2.570          -2.832         -16.608          133.271
   45 (vir)     1         118.383           3.454          -3.320         -18.088          136.605
   46 (vir)     1         118.599           2.809          -3.242         -17.465          135.631
   47 (vir)     1         125.362           2.648          -3.429         -18.988          143.569
   48 (vir)     1         125.511           2.172          -3.753         -18.907          142.836
   49 (vir)     1         125.581           2.300          -3.725         -18.980          143.136
   50 (vir)     1         168.595           1.312          -5.400         -22.967          187.473
   51 (vir)     1         168.856           0.884          -5.315         -22.809          187.234
   52 (vir)     1         171.393           1.129          -5.328         -23.054          190.248
   53 (vir)     1         172.666           0.917          -5.593         -23.233          191.222
   54 (vir)     1         173.911           1.006          -5.232         -23.018          192.703
   55 (vir)     1         174.146           1.442          -5.352         -23.175          193.410
   56 (vir)     1         174.608           1.071          -5.082         -23.084          193.682
   57 (vir)     1         175.122           1.216          -5.041         -23.047          194.344
   58 (vir)     1         175.264           1.996          -4.654         -22.384          194.989
   59 (vir)     1         178.026           1.098          -4.762         -22.532          196.895
   60 (vir)     1         179.441           1.236          -4.821         -22.789          198.645
   61 (vir)     1         179.706           1.210          -5.068         -22.817          198.664
   62 (vir)     1         180.008           1.335          -5.243         -23.301          199.402
   63 (vir)     1         183.712           1.479          -4.754         -22.590          203.027
   64 (vir)     1         184.477           1.479          -4.615         -22.079          203.420
   65 (vir)     1         195.883           1.163          -3.062         -18.227          212.210
   66 (vir)     1         196.622          -0.462          -3.139         -18.428          211.449
   67 (vir)     1         198.935           1.139          -3.330         -18.995          215.739
   68 (vir)     1         200.019           1.600          -3.277         -18.973          217.316
   69 (vir)     1         204.038           0.827          -3.311         -19.503          221.058
   70 (vir)     1         205.863           0.985          -3.414         -19.327          222.761
   71 (vir)     1         209.403           0.848          -3.194         -19.497          226.555
   72 (vir)     1         214.555           0.820          -3.503         -20.737          232.609
   73 (vir)     1         226.049           0.202          -3.530         -20.825          243.547
   74 (vir)     1         226.177           1.353          -3.460         -20.837          244.906
   75 (vir)     1         228.151           0.638          -3.436         -20.842          246.195
   76 (vir)     1         228.773           0.598          -3.348         -20.777          246.800
   77 (vir)     1         234.739           0.994          -3.147         -20.556          253.142
   78 (vir)     1         237.538          -0.663          -3.592         -21.587          254.871
   79 (vir)     1         237.859           0.886          -3.183         -20.295          255.857
   80 (vir)     1         238.219           0.795          -3.578         -21.643          257.080
   81 (vir)     1         240.590           1.362          -3.694         -22.083          260.341
   82 (vir)     1         242.011           0.185          -3.540         -21.692          260.348
   83 (vir)     1         244.906           0.922          -3.411         -21.860          264.276
   84 (vir)     1         245.246           1.743          -3.566         -22.186          265.609
   85 (vir)     1         246.160           0.187          -3.577         -22.004          264.775
   86 (vir)     1         246.296           2.143          -2.898         -18.888          264.429
   87 (vir)     1         248.083           0.658          -3.475         -21.953          267.219
 
