 
  kpoint:       1             coordinate:     0.0000    0.0000    0.0000                  spin:  1
 
    n           k   ϵ_nk^DFT (eV)     Σ^c_nk (eV)     Σ^x_nk (eV)    v_nk^xc (eV)   ϵ_nk^G0W0 (eV)
 
    1 (occ)     1         -18.827           5.703         -24.507         -15.367          -22.264
    2 (occ)     1         -14.258           3.323         -21.570         -14.449          -18.056
    3 (occ)     1         -11.533           2.162         -19.887         -14.085          -15.173
    4 (occ)     1         -10.191           1.692         -20.753         -15.321          -13.932
    5 (occ)     1          -8.552           1.057         -19.080         -14.124          -12.451
    6 (occ)     1          -6.742           0.122         -15.962         -12.668           -9.914
    7 (vir)     1          -1.047          -1.849          -5.737         -10.911            2.278
    8 (vir)     1          -0.043          -0.553          -0.946          -3.039            1.496
    9 (vir)     1           0.413          -0.492          -0.698          -2.554            1.777
   10 (vir)     1           0.488          -0.489          -0.890          -2.825            1.935
   11 (vir)     1           1.003          -0.355          -0.532          -2.002            2.118
   12 (vir)     1           1.455          -0.297          -0.342          -1.746            2.562
   13 (vir)     1           1.558          -0.291          -0.445          -1.728            2.550
   14 (vir)     1           1.931          -0.214          -0.172          -1.503            3.048
   15 (vir)     1           2.025          -0.273          -0.363          -1.833            3.221
   16 (vir)     1           2.077          -0.441          -0.719          -2.206            3.123
   17 (vir)     1           3.437          -0.434          -0.583          -2.308            4.728
   18 (vir)     1           3.611          -1.124          -2.656          -6.205            6.036
   19 (vir)     1           3.621          -0.825          -1.523          -4.024            5.297
   20 (vir)     1           4.258          -0.404          -0.502          -2.265            5.617
   21 (vir)     1           4.428          -0.936          -1.489          -4.232            6.236
   22 (vir)     1           4.807          -0.302          -0.130          -1.799            6.174
   23 (vir)     1           5.118          -0.677          -1.120          -3.565            6.885
   24 (vir)     1           5.784          -0.467          -0.664          -2.672            7.325
   25 (vir)     1           5.856          -1.327          -1.933          -5.386            7.982
   26 (vir)     1           6.222          -0.902          -1.408          -4.628            8.540
   27 (vir)     1           6.310          -1.127          -1.893          -5.441            8.731
   28 (vir)     1           6.878          -1.140          -2.162          -5.743            9.319
   29 (vir)     1           7.074          -1.317          -1.652          -5.272            9.377
   30 (vir)     1           7.704          -1.065          -1.975          -5.396           10.061
   31 (vir)     1           8.284          -2.045          -1.328          -5.288           10.199
   32 (vir)     1           8.345           0.001          -0.383          -2.353           10.316
   33 (vir)     1           9.470          -0.664          -0.309          -2.901           11.399
   34 (vir)     1           9.693          -1.433          -1.150          -4.669           11.779
   35 (vir)     1           9.935          -1.742          -1.623          -5.701           12.270
   36 (vir)     1          11.104          -1.082          -1.236          -4.615           13.401
   37 (vir)     1          14.479          -3.457          -3.308          -9.631           17.345
   38 (vir)     1          15.015          -2.240          -0.640          -4.455           16.589
   39 (vir)     1          15.023          -0.926          -0.477          -3.766           17.386
   40 (vir)     1          15.203          -2.904          -2.519          -8.294           18.074
   41 (vir)     1          15.260          -3.725          -4.309         -11.224           18.449
   42 (vir)     1          15.297          -0.689          -0.640          -4.299           18.267
   43 (vir)     1          17.056          -4.016          -3.748         -10.911           20.203
   44 (vir)     1          17.136          -2.564          -2.445          -7.924           20.051
   45 (vir)     1          17.436          -2.137          -1.322          -6.073           20.050
   46 (vir)     1          17.453          -1.788          -2.372          -7.294           20.586
   47 (vir)     1          17.539          -2.408          -1.334          -6.504           20.300
   48 (vir)     1          19.137          -0.360          -0.776          -5.407           23.408
   49 (vir)     1          19.273          -2.016          -1.152          -6.081           22.185
   50 (vir)     1          21.463          -2.571          -0.956          -5.848           23.785
   51 (vir)     1          22.144          -2.876          -1.400          -6.766           24.634
   52 (vir)     1          22.197          -1.315          -0.833          -5.980           26.030
   53 (vir)     1          24.628          -4.876          -1.417          -7.298           25.633
   54 (vir)     1          25.875          -1.939          -0.376          -4.182           27.741
   55 (vir)     1          27.821          -4.178          -2.106          -8.988           30.526
   56 (vir)     1          29.182          -2.330          -0.464          -4.520           30.907
   57 (vir)     1          29.297          -4.814          -3.517         -11.837           32.804
   58 (vir)     1          30.259          -4.994          -2.175          -8.544           31.634
   59 (vir)     1          34.153          -7.032          -4.122         -12.786           35.785
   60 (vir)     1          34.201          -7.858          -3.543         -11.761           34.561
   61 (vir)     1          37.115          -7.724          -3.003         -12.110           38.497
   62 (vir)     1          37.262           0.946          -2.815         -10.484           45.877
   63 (vir)     1          38.550          -6.397          -2.441          -9.950           39.662
   64 (vir)     1          39.510          -6.066          -2.621         -10.019           40.843
   65 (vir)     1          39.531          -3.333          -1.361          -8.001           42.838
   66 (vir)     1          39.666           0.536          -1.252          -7.741           46.691
   67 (vir)     1          43.571          -9.840          -3.225         -13.534           44.040
   68 (vir)     1          51.563           2.573          -2.884         -12.517           63.768
   69 (vir)     1          52.011         -11.462          -2.368         -11.520           49.700
   70 (vir)     1          56.868          -8.396          -2.273         -12.029           58.228
   71 (vir)     1          57.184           4.135          -2.625         -12.190           70.885
   72 (vir)     1          58.368           4.303          -2.851         -13.463           73.282
   73 (vir)     1          60.385           1.518          -2.642         -12.683           71.944
   74 (vir)     1          60.885           4.320          -2.585         -13.535           76.155
   75 (vir)     1          62.252           0.880          -2.401         -12.680           73.410
   76 (vir)     1          66.424           3.754          -2.353         -12.883           80.707
   77 (vir)     1          67.505           3.043          -2.053         -11.814           80.309
   78 (vir)     1          67.876           3.381          -2.624         -13.610           82.242
   79 (vir)     1          68.200           4.359          -2.568         -14.270           84.260
   80 (vir)     1          72.383           3.411          -1.655         -12.540           86.678
   81 (vir)     1          72.980           2.830          -2.550         -14.099           87.360
   82 (vir)     1          75.574           2.680          -2.275         -13.633           89.611
   83 (vir)     1          80.784           2.602          -2.272         -13.717           94.832
   84 (vir)     1          82.998           2.331          -2.161         -13.277           96.445
   85 (vir)     1          86.470           2.608          -2.643         -14.649          101.085
   86 (vir)     1          87.025           2.676          -2.740         -15.071          102.032
   87 (vir)     1          99.662           1.971          -2.601         -15.505          114.537
   88 (vir)     1         118.629           1.551          -2.131         -15.215          133.263
   89 (vir)     1         153.062           2.222          -1.763         -15.850          169.370
   90 (vir)     1         162.062           2.247          -1.679         -15.855          178.485
   91 (vir)     1         164.402           2.415          -1.674         -16.003          181.146
   92 (vir)     1         165.158           2.151          -1.620         -15.778          181.467
   93 (vir)     1         191.348           3.935          -0.995         -12.200          206.488
   94 (vir)     1         241.513          10.337          -0.900         -13.379          264.329
 
