 
  kpoint:       1             coordinate:     0.0000    0.0000    0.0000                  spin:  1
 
    n           k   ϵ_nk^DFT (eV)     Σ^c_nk (eV)     Σ^x_nk (eV)    v_nk^xc (eV)   ϵ_nk^G0W0 (eV)
 
    1 (occ)     1         -28.731           9.212         -32.450         -20.568          -31.401
    2 (occ)     1         -20.614           6.768         -23.909         -15.365          -22.390
    3 (occ)     1         -13.445           4.094         -25.286         -18.061          -16.576
    4 (occ)     1         -11.728           2.886         -22.461         -16.667          -14.636
    5 (occ)     1         -11.728           2.851         -22.338         -16.667          -14.549
    6 (occ)     1         -11.696           2.132         -20.851         -15.451          -14.964
    7 (occ)     1          -7.465           0.561         -17.452         -13.862          -10.494
    8 (occ)     1          -7.465           0.561         -17.494         -13.862          -10.537
    9 (vir)     1          -1.930          -1.840          -8.779         -14.147            1.598
   10 (vir)     1          -1.930          -1.896          -8.762         -14.147            1.559
   11 (vir)     1           0.071          -2.150          -5.114         -10.377            3.184
   12 (vir)     1           0.496          -0.792          -1.573          -4.259            2.391
   13 (vir)     1           0.932          -0.299          -0.494          -1.940            2.079
   14 (vir)     1           0.932          -0.303          -0.493          -1.940            2.076
   15 (vir)     1           0.980          -0.506          -0.714          -2.596            2.355
   16 (vir)     1           2.144          -0.450          -0.627          -2.563            3.630
   17 (vir)     1           2.144          -0.450          -0.634          -2.563            3.622
   18 (vir)     1           2.173          -0.280          -0.409          -1.730            3.215
   19 (vir)     1           2.173          -0.287          -0.415          -1.730            3.202
   20 (vir)     1           2.611          -0.616          -1.104          -3.180            4.071
   21 (vir)     1           4.555          -0.895          -1.678          -4.545            6.527
   22 (vir)     1           4.555          -0.899          -1.666          -4.544            6.535
   23 (vir)     1           4.743          -1.160          -1.669          -4.516            6.430
   24 (vir)     1           5.330          -1.601          -1.598          -5.093            7.223
   25 (vir)     1           5.330          -1.643          -1.614          -5.093            7.165
   26 (vir)     1           6.601          -1.665          -1.097          -4.143            7.981
   27 (vir)     1           6.601          -1.641          -1.105          -4.143            7.998
   28 (vir)     1           6.984          -1.339          -1.479          -4.905            9.071
   29 (vir)     1           9.279          -1.708          -2.075          -6.095           11.592
   30 (vir)     1          10.744          -2.302          -1.774          -6.557           13.226
   31 (vir)     1          10.744          -2.313          -1.780          -6.557           13.209
   32 (vir)     1          11.716          -4.108          -4.761         -11.597           14.444
   33 (vir)     1          12.441          -3.628          -2.926          -8.983           14.870
   34 (vir)     1          12.441          -3.613          -2.944          -8.983           14.867
   35 (vir)     1          12.932          -2.316          -1.997          -7.077           15.696
   36 (vir)     1          12.932          -2.322          -1.974          -7.077           15.713
   37 (vir)     1          13.339          -2.122          -0.934          -5.579           15.861
   38 (vir)     1          13.339          -2.090          -0.907          -5.579           15.919
   39 (vir)     1          13.721          -2.574          -1.662          -6.713           16.198
   40 (vir)     1          15.039          -4.037          -3.214         -10.084           17.871
   41 (vir)     1          15.039          -4.057          -3.252         -10.084           17.813
   42 (vir)     1          15.535          -2.266          -2.294          -7.315           18.290
   43 (vir)     1          17.053          -0.986          -0.326          -3.665           19.406
   44 (vir)     1          17.053          -0.987          -0.312          -3.665           19.419
   45 (vir)     1          18.746          -3.261          -1.479          -6.859           20.865
   46 (vir)     1          18.746          -3.467          -1.462          -6.859           20.676
   47 (vir)     1          19.536          -4.589          -2.465          -9.389           21.871
   48 (vir)     1          19.536          -4.573          -2.471          -9.389           21.881
   49 (vir)     1          20.391          -4.183          -2.116          -8.087           22.177
   50 (vir)     1          20.391          -4.144          -2.105          -8.087           22.228
   51 (vir)     1          20.568          -5.305          -3.416         -10.764           22.610
   52 (vir)     1          21.316          -3.586          -2.355          -8.289           23.664
   53 (vir)     1          21.316          -3.497          -2.332          -8.289           23.776
   54 (vir)     1          23.993          -4.103          -1.748          -7.662           25.805
   55 (vir)     1          28.857         -10.184          -4.216         -14.875           29.332
   56 (vir)     1          34.700          -6.916          -3.467         -11.814           36.131
   57 (vir)     1          34.700          -4.997          -3.476         -11.814           38.041
   58 (vir)     1          35.502           3.909          -4.338         -14.218           49.290
   59 (vir)     1          35.502           3.893          -4.520         -14.218           49.092
   60 (vir)     1          40.267          -6.736          -3.688         -12.391           42.234
   61 (vir)     1          47.161           2.088          -4.089         -14.051           59.210
   62 (vir)     1          47.161           1.954          -4.093         -14.051           59.073
   63 (vir)     1          47.189         -10.627          -2.733         -12.591           46.421
   64 (vir)     1          47.189           4.969          -2.870         -12.591           61.879
   65 (vir)     1          48.604           3.277          -3.337         -12.753           61.296
   66 (vir)     1          65.991           2.530          -3.945         -15.786           80.361
   67 (vir)     1          69.855           2.700          -3.743         -15.829           84.640
   68 (vir)     1          69.855           2.056          -3.699         -15.829           84.040
   69 (vir)     1          76.287           2.838          -3.378         -16.939           92.687
   70 (vir)     1          90.212           1.086          -1.178          -9.588           99.709
   71 (vir)     1         124.106           3.747          -2.969         -18.434          143.318
   72 (vir)     1         124.106           3.479          -2.931         -18.434          143.087
   73 (vir)     1         133.032           3.788          -2.653         -19.243          153.410
   74 (vir)     1         174.730           1.326          -4.256         -23.039          194.839
   75 (vir)     1         174.732           1.435          -4.606         -23.037          194.598
   76 (vir)     1         175.355           1.810          -4.269         -22.065          194.960
   77 (vir)     1         180.618           2.030          -4.549         -23.318          201.416
   78 (vir)     1         180.618           1.862          -4.391         -23.318          201.407
   79 (vir)     1         215.623           5.746          -0.889         -13.703          234.182
   80 (vir)     1         220.791           1.647          -2.598         -18.714          238.553
   81 (vir)     1         227.810           0.776          -2.332         -20.759          247.012
   82 (vir)     1         227.810           0.765          -2.342         -20.759          246.992
   83 (vir)     1         232.600           1.325          -2.667         -21.530          252.788
   84 (vir)     1         232.600           1.181          -2.577         -21.530          252.734
   85 (vir)     1         235.590           1.245          -2.859         -21.974          255.950
   86 (vir)     1         235.590           1.300          -2.898         -21.974          255.965
   87 (vir)     1         244.048           1.720          -2.550         -20.478          263.695
 
