 
  kpoint:       1             coordinate:     0.0000    0.0000    0.0000                  spin:  1
 
    n           k   ϵ_nk^DFT (eV)     Σ^c_nk (eV)     Σ^x_nk (eV)    v_nk^xc (eV)   ϵ_nk^G0W0 (eV)
 
    1 (occ)     1         -22.956           7.966         -24.469         -15.276          -24.184
    2 (occ)     1         -18.189           6.215         -23.902         -15.414          -20.462
    3 (occ)     1         -14.433           3.701         -21.146         -14.456          -17.422
    4 (occ)     1         -12.136           2.622         -19.901         -14.326          -15.090
    5 (occ)     1         -11.120           2.091         -20.237         -15.120          -14.146
    6 (occ)     1          -9.397           1.972         -17.297         -12.870          -11.853
    7 (occ)     1          -9.118           1.488         -18.948         -14.188          -12.390
    8 (occ)     1          -6.878           1.219         -17.117         -12.968           -9.808
    9 (occ)     1          -5.803           0.307         -15.806         -12.850           -8.452
   10 (vir)     1          -1.298          -1.881          -6.360         -11.351            1.812
   11 (vir)     1          -0.180          -0.757          -1.279          -3.675            1.460
   12 (vir)     1           0.284          -0.645          -0.911          -2.964            1.692
   13 (vir)     1           0.533          -0.728          -0.940          -3.155            2.019
   14 (vir)     1           0.630          -1.126          -2.806          -6.139            2.837
   15 (vir)     1           0.891          -0.474          -0.596          -2.271            2.092
   16 (vir)     1           1.384          -0.433          -0.522          -2.124            2.553
   17 (vir)     1           1.617          -0.435          -0.611          -2.279            2.850
   18 (vir)     1           1.681          -0.439          -0.610          -2.139            2.772
   19 (vir)     1           1.897          -0.413          -0.624          -2.269            3.129
   20 (vir)     1           2.199          -0.780          -1.851          -4.382            3.950
   21 (vir)     1           3.036          -0.681          -1.289          -3.517            4.583
   22 (vir)     1           3.303          -0.716          -1.237          -3.662            5.012
   23 (vir)     1           3.372          -1.214          -2.342          -5.607            5.423
   24 (vir)     1           4.171          -0.997          -1.390          -3.999            5.782
   25 (vir)     1           4.236          -0.800          -1.299          -4.026            6.164
   26 (vir)     1           4.580          -0.777          -1.049          -3.629            6.384
   27 (vir)     1           4.736          -0.934          -1.621          -4.468            6.649
   28 (vir)     1           4.962          -1.066          -1.505          -4.407            6.799
   29 (vir)     1           5.504          -0.886          -1.581          -4.448            7.485
   30 (vir)     1           5.804          -1.171          -1.549          -4.653            7.738
   31 (vir)     1           6.087          -1.160          -1.545          -4.971            8.354
   32 (vir)     1           6.089          -1.395          -2.086          -5.624            8.233
   33 (vir)     1           6.183          -1.338          -2.181          -5.934            8.598
   34 (vir)     1           6.533          -1.392          -1.535          -4.736            8.342
   35 (vir)     1           6.950          -1.248          -1.722          -5.136            9.115
   36 (vir)     1           7.227          -1.293          -1.283          -4.501            9.153
   37 (vir)     1           8.094          -1.413          -1.419          -4.923           10.185
   38 (vir)     1           8.325          -2.044          -1.269          -5.254           10.265
   39 (vir)     1           8.865          -1.659          -1.309          -5.033           10.930
   40 (vir)     1           9.353          -1.782          -1.888          -5.974           11.656
   41 (vir)     1           9.435          -1.948          -1.448          -5.633           11.671
   42 (vir)     1          10.555          -1.857          -1.774          -5.841           12.765
   43 (vir)     1          10.713          -0.803          -0.722          -4.521           13.709
   44 (vir)     1          11.253          -2.129          -1.678          -5.958           13.405
   45 (vir)     1          11.424          -0.375          -0.534          -4.070           14.585
   46 (vir)     1          11.626          -2.143          -1.391          -5.656           13.748
   47 (vir)     1          11.749          -1.805          -1.852          -6.107           14.200
   48 (vir)     1          12.786          -1.644          -0.858          -4.767           15.052
   49 (vir)     1          12.933          -1.808          -1.321          -5.344           15.147
   50 (vir)     1          13.276          -1.773          -1.029          -5.196           15.670
   51 (vir)     1          13.463          -2.046          -1.753          -6.204           15.867
   52 (vir)     1          14.099          -2.151          -2.062          -6.749           16.635
   53 (vir)     1          14.617          -3.308          -2.464          -8.159           17.004
   54 (vir)     1          15.707          -2.218          -1.524          -6.099           18.064
   55 (vir)     1          15.768          -2.674          -1.716          -6.679           18.058
   56 (vir)     1          16.029          -4.079          -3.235          -9.798           18.513
   57 (vir)     1          16.590          -3.895          -3.074          -9.690           19.311
   58 (vir)     1          17.003          -3.084          -2.599          -8.244           19.564
   59 (vir)     1          17.235          -0.976          -0.879          -5.138           20.518
   60 (vir)     1          18.097          -2.999          -1.616          -6.846           20.329
   61 (vir)     1          19.151          -2.470          -1.255          -6.134           21.560
   62 (vir)     1          21.261          -3.090          -1.042          -6.202           23.331
   63 (vir)     1          21.646          -3.231          -1.286          -6.617           23.746
   64 (vir)     1          22.091          -3.732          -2.108          -8.056           24.307
   65 (vir)     1          22.744          -2.976          -1.243          -6.316           24.840
   66 (vir)     1          23.306          -2.595          -2.808          -9.961           27.864
   67 (vir)     1          23.644          -3.979          -2.248          -8.686           26.102
   68 (vir)     1          24.032          -5.155          -2.252          -9.291           25.916
   69 (vir)     1          25.209          -5.623          -2.547          -9.510           26.549
   70 (vir)     1          26.089          -1.050          -1.795          -8.055           31.300
   71 (vir)     1          27.323          -6.531          -2.384          -9.553           27.961
   72 (vir)     1          27.493           1.694          -1.284          -6.439           34.341
   73 (vir)     1          28.512          -8.255          -2.487          -9.417           27.186
   74 (vir)     1          30.257          -7.685          -2.634         -10.372           30.310
   75 (vir)     1          30.937          -6.167          -2.507         -10.711           32.975
   76 (vir)     1          32.196          -4.937          -3.921         -12.610           35.947
   77 (vir)     1          33.237          -7.209          -1.951          -9.003           33.079
   78 (vir)     1          34.933          -7.113          -2.218          -9.873           35.475
   79 (vir)     1          36.060          -3.387          -2.716         -11.019           40.976
   80 (vir)     1          37.171          -7.842          -2.876         -11.158           37.612
   81 (vir)     1          39.408          -8.689          -2.384         -10.676           39.011
   82 (vir)     1          40.856          -7.293          -2.126          -9.590           41.026
   83 (vir)     1          41.116         -10.691          -2.399         -12.133           40.160
   84 (vir)     1          42.370         -10.875          -1.846         -10.330           39.979
   85 (vir)     1          43.644         -10.171          -2.111         -10.543           41.905
   86 (vir)     1          46.986         -11.324          -2.536         -12.114           45.239
   87 (vir)     1          47.823          -8.938          -2.589         -11.947           48.244
   88 (vir)     1          52.012           4.453          -2.784         -12.778           66.459
   89 (vir)     1          55.551          -9.713          -2.110         -12.139           55.866
   90 (vir)     1          59.005           4.316          -2.432         -13.421           74.310
   91 (vir)     1          59.137           4.785          -2.052         -12.542           74.412
   92 (vir)     1          62.290           4.709          -2.139         -13.189           78.049
   93 (vir)     1          63.242           4.252          -2.398         -13.648           78.744
   94 (vir)     1          64.035           4.551          -2.102         -12.972           79.457
   95 (vir)     1          66.209           3.915          -2.213         -13.355           81.266
   96 (vir)     1          68.057           3.794          -2.271         -13.463           83.043
   97 (vir)     1          69.668           3.463          -2.163         -13.401           84.369
   98 (vir)     1          72.377           5.249          -1.557         -13.001           89.069
   99 (vir)     1          72.461           4.019          -1.951         -13.497           88.026
  100 (vir)     1          73.990           3.781          -2.183         -12.504           88.091
  101 (vir)     1          74.902           3.370          -1.967         -13.066           89.371
  102 (vir)     1          76.803           3.011          -1.959         -12.881           90.736
  103 (vir)     1          79.509           2.940          -1.873         -13.548           94.124
  104 (vir)     1          83.343           2.957          -2.024         -14.034           98.310
  105 (vir)     1          87.119           3.870          -1.726         -13.331          102.594
  106 (vir)     1          88.883           3.449          -1.846         -13.418          103.904
  107 (vir)     1          96.483           2.318          -2.025         -15.123          111.898
  108 (vir)     1         112.159           6.346          -1.080         -11.994          129.419
  109 (vir)     1         114.100           5.373          -1.225         -12.519          130.766
  110 (vir)     1         155.767           2.563          -1.722         -16.105          172.712
  111 (vir)     1         162.806           2.494          -1.636         -15.887          179.552
  112 (vir)     1         164.244           2.611          -1.595         -15.909          181.169
  113 (vir)     1         202.472           2.251          -0.993         -12.404          216.133
  114 (vir)     1         240.731           2.082          -1.006         -13.609          255.416
 
