 
  kpoint:       1             coordinate:     0.0000    0.0000    0.0000                  spin:  1
 
    n           k   ϵ_nk^DFT (eV)     Σ^c_nk (eV)     Σ^x_nk (eV)    v_nk^xc (eV)   ϵ_nk^G0W0 (eV)
 
    1 (occ)     1         -18.493           5.294         -23.835         -14.832          -22.202
    2 (occ)     1         -15.025           3.727         -22.471         -14.707          -19.062
    3 (occ)     1         -10.503           1.579         -19.253         -13.720          -14.458
    4 (occ)     1         -10.503           1.579         -19.253         -13.719          -14.457
    5 (occ)     1          -8.824           1.244         -19.320         -14.680          -12.220
    6 (occ)     1          -8.152           0.960         -18.934         -14.050          -12.076
    7 (occ)     1          -8.151           0.960         -18.934         -14.050          -12.075
    8 (vir)     1          -0.246          -0.591          -1.079          -3.303            1.387
    9 (vir)     1           0.308          -0.493          -0.801          -2.731            1.744
   10 (vir)     1           0.636          -0.426          -0.701          -2.421            1.929
   11 (vir)     1           0.636          -0.426          -0.701          -2.421            1.929
   12 (vir)     1           1.439          -0.319          -0.378          -1.773            2.515
   13 (vir)     1           1.515          -0.395          -0.648          -2.339            2.810
   14 (vir)     1           1.515          -0.395          -0.648          -2.339            2.811
   15 (vir)     1           1.629          -0.271          -0.287          -1.613            2.683
   16 (vir)     1           1.629          -0.271          -0.287          -1.613            2.683
   17 (vir)     1           3.274          -0.380          -0.537          -2.211            4.568
   18 (vir)     1           3.407          -0.673          -1.258          -3.434            4.910
   19 (vir)     1           3.666          -0.913          -1.924          -5.040            5.869
   20 (vir)     1           3.667          -0.913          -1.924          -5.039            5.870
   21 (vir)     1           4.038          -0.305          -0.250          -1.865            5.349
   22 (vir)     1           4.039          -0.304          -0.250          -1.865            5.349
   23 (vir)     1           4.413          -1.021          -2.065          -5.296            6.622
   24 (vir)     1           4.413          -1.021          -2.065          -5.296            6.623
   25 (vir)     1           4.452          -1.237          -2.708          -6.167            6.675
   26 (vir)     1           4.560          -0.686          -1.304          -3.653            6.223
   27 (vir)     1           4.560          -0.686          -1.305          -3.653            6.223
   28 (vir)     1           5.294          -1.383          -2.946          -6.889            7.853
   29 (vir)     1           5.960          -0.954          -1.462          -4.509            8.052
   30 (vir)     1           6.477          -1.048          -1.482          -4.712            8.659
   31 (vir)     1           6.477          -1.048          -1.481          -4.712            8.659
   32 (vir)     1           7.339          -1.078          -1.945          -5.317            9.633
   33 (vir)     1           7.339          -1.078          -1.945          -5.317            9.632
   34 (vir)     1           7.379          -0.526          -0.208          -2.564            9.210
   35 (vir)     1           8.442          -1.067          -1.608          -5.210           10.977
   36 (vir)     1           8.442          -1.067          -1.607          -5.210           10.978
   37 (vir)     1          10.064          -0.772          -0.474          -3.439           12.256
   38 (vir)     1          10.064          -0.772          -0.474          -3.439           12.257
   39 (vir)     1          10.358          -0.749          -0.312          -3.130           12.428
   40 (vir)     1          11.528          -1.172          -0.768          -4.146           13.735
   41 (vir)     1          11.899          -3.817          -4.063         -11.062           15.081
   42 (vir)     1          12.335          -0.964          -0.956          -4.182           14.597
   43 (vir)     1          12.936          -1.940          -2.378          -7.068           15.685
   44 (vir)     1          12.937          -1.940          -2.378          -7.068           15.687
   45 (vir)     1          13.593          -3.186          -3.576         -10.053           16.883
   46 (vir)     1          13.714          -2.531          -2.824          -8.369           16.728
   47 (vir)     1          13.715          -2.531          -2.824          -8.370           16.730
   48 (vir)     1          13.867          -1.309          -0.764          -4.535           16.330
   49 (vir)     1          14.115          -1.242          -0.606          -4.071           16.338
   50 (vir)     1          17.471          -2.250          -0.951          -5.608           19.877
   51 (vir)     1          17.471          -2.253          -0.948          -5.608           19.877
   52 (vir)     1          17.837          -1.911          -1.059          -5.636           20.502
   53 (vir)     1          17.933          -3.174          -2.864          -8.963           20.858
   54 (vir)     1          19.286          -2.033          -1.545          -6.475           22.183
   55 (vir)     1          19.286          -2.033          -1.545          -6.476           22.183
   56 (vir)     1          21.926          -2.257          -1.196          -6.155           24.627
   57 (vir)     1          22.917          -2.767          -1.434          -7.098           25.814
   58 (vir)     1          22.918          -2.757          -1.435          -7.099           25.824
   59 (vir)     1          24.508          -0.226          -0.798          -5.401           28.885
   60 (vir)     1          24.575          -3.603          -2.389          -9.049           27.632
   61 (vir)     1          24.575          -3.587          -2.388          -9.049           27.649
   62 (vir)     1          27.132          -2.893          -0.451          -4.994           28.782
   63 (vir)     1          27.193          -3.079          -1.850          -7.327           29.592
   64 (vir)     1          27.195          -3.071          -1.851          -7.328           29.602
   65 (vir)     1          31.730          -4.027          -2.464          -8.969           34.208
   66 (vir)     1          31.730          -4.027          -2.466          -8.969           34.205
   67 (vir)     1          32.273          -5.299          -1.384          -7.590           33.180
   68 (vir)     1          32.274          -5.191          -1.390          -7.590           33.283
   69 (vir)     1          32.602          -4.105          -2.298          -8.531           34.730
   70 (vir)     1          36.712          -5.374          -2.076          -9.413           38.675
   71 (vir)     1          37.217          -6.935          -2.972         -11.084           38.394
   72 (vir)     1          37.218          -6.918          -2.967         -11.085           38.417
   73 (vir)     1          39.311          -8.184          -3.296         -12.474           40.305
   74 (vir)     1          42.647          -9.948          -3.040         -13.270           42.928
   75 (vir)     1          44.709          -7.987          -2.080         -10.211           44.852
   76 (vir)     1          44.709          -8.016          -2.084         -10.210           44.819
   77 (vir)     1          45.874         -10.056          -2.967         -11.924           44.774
   78 (vir)     1          45.876         -10.042          -2.967         -11.924           44.791
   79 (vir)     1          51.669          -2.735          -2.406         -11.619           58.148
   80 (vir)     1          54.404           4.752          -2.663         -12.618           69.111
   81 (vir)     1          54.406          -1.291          -2.664         -12.618           63.070
   82 (vir)     1          56.355           5.941          -2.754         -13.964           73.506
   83 (vir)     1          58.044           4.181          -2.178         -11.894           71.941
   84 (vir)     1          58.046           4.153          -2.169         -11.894           71.925
   85 (vir)     1          61.328           3.127          -2.258         -11.763           73.959
   86 (vir)     1          63.513           3.864          -2.643         -13.484           78.218
   87 (vir)     1          63.515           3.753          -2.647         -13.485           78.106
   88 (vir)     1          64.492           3.636          -2.582         -13.288           78.834
   89 (vir)     1          64.492           3.650          -2.584         -13.288           78.846
   90 (vir)     1          67.005           3.562          -2.696         -13.599           81.470
   91 (vir)     1          67.608           4.384          -2.172         -12.798           82.618
   92 (vir)     1          69.589           3.223          -2.450         -13.491           83.853
   93 (vir)     1          69.593           3.216          -2.446         -13.491           83.854
   94 (vir)     1          72.710           2.558          -1.790         -12.163           85.641
   95 (vir)     1          73.361           3.806          -2.070         -13.582           88.679
   96 (vir)     1          73.362           3.809          -2.077         -13.582           88.675
   97 (vir)     1          78.084           2.777          -2.357         -14.188           92.692
   98 (vir)     1          78.086           2.776          -2.338         -14.188           92.712
   99 (vir)     1          82.315           2.743          -2.435         -13.925           96.548
  100 (vir)     1          97.123           2.270          -2.299         -14.735          111.829
  101 (vir)     1          97.128           2.275          -2.304         -14.735          111.833
  102 (vir)     1          98.514           1.982          -2.264         -15.074          113.306
  103 (vir)     1         110.590           1.821          -1.863         -14.067          124.616
  104 (vir)     1         110.594           1.817          -1.862         -14.068          124.617
  105 (vir)     1         154.903           2.523          -1.622         -15.417          171.221
  106 (vir)     1         162.537           2.416          -1.649         -15.873          179.176
  107 (vir)     1         162.539           2.421          -1.647         -15.873          179.185
  108 (vir)     1         163.238           2.443          -1.643         -15.873          179.910
  109 (vir)     1         163.242           2.449          -1.642         -15.872          179.922
  110 (vir)     1         165.230           2.575          -1.679         -16.157          182.283
  111 (vir)     1         197.300           4.566          -0.753         -12.557          213.670
  112 (vir)     1         238.375           2.501          -0.607         -13.345          253.615
 
