 
  kpoint:       1             coordinate:     0.0000    0.0000    0.0000                  spin:  1
 
    n           k   ϵ_nk^DFT (eV)     Σ^c_nk (eV)     Σ^x_nk (eV)    v_nk^xc (eV)   ϵ_nk^G0W0 (eV)
 
    1 (occ)     1         -14.155           3.200         -17.396         -11.205          -17.146
    2 (occ)     1          -8.343           0.734         -15.267         -11.037          -11.840
    3 (occ)     1          -8.343           0.734         -15.267         -11.037          -11.840
    4 (occ)     1          -8.343           0.734         -15.267         -11.037          -11.840
    5 (vir)     1          -0.580          -0.782          -1.571          -4.364            1.430
    6 (vir)     1           0.769          -1.256          -2.893          -6.802            3.423
    7 (vir)     1           0.769          -1.256          -2.893          -6.802            3.423
    8 (vir)     1           0.769          -1.256          -2.893          -6.802            3.423
    9 (vir)     1           1.864          -0.440          -0.728          -2.586            3.282
   10 (vir)     1           1.864          -0.440          -0.728          -2.586            3.282
   11 (vir)     1           1.864          -0.440          -0.728          -2.586            3.282
   12 (vir)     1           2.396          -1.119          -2.224          -5.352            4.404
   13 (vir)     1           3.441          -1.203          -2.047          -6.146            6.336
   14 (vir)     1           3.441          -1.203          -2.047          -6.146            6.336
   15 (vir)     1           6.826          -1.181          -1.264          -4.491            8.872
   16 (vir)     1           6.826          -1.181          -1.264          -4.491            8.872
   17 (vir)     1           6.826          -1.181          -1.264          -4.491            8.872
   18 (vir)     1           7.737          -1.331          -0.972          -4.900           10.333
   19 (vir)     1           7.737          -1.331          -0.972          -4.900           10.334
   20 (vir)     1           7.737          -1.331          -0.972          -4.900           10.334
   21 (vir)     1           9.134          -0.347          -0.156          -1.912           10.542
   22 (vir)     1           9.134          -0.348          -0.156          -1.912           10.541
   23 (vir)     1           9.281          -0.953          -0.562          -3.589           11.355
   24 (vir)     1           9.281          -0.954          -0.562          -3.589           11.355
   25 (vir)     1           9.281          -0.954          -0.562          -3.589           11.355
   26 (vir)     1          10.163          -2.827          -2.747          -8.019           12.608
   27 (vir)     1          12.415          -2.357          -1.301          -6.293           15.050
   28 (vir)     1          13.260          -2.274          -1.274          -5.958           15.669
   29 (vir)     1          13.260          -2.274          -1.274          -5.958           15.669
   30 (vir)     1          13.260          -2.274          -1.273          -5.958           15.669
   31 (vir)     1          15.100          -2.982          -1.743          -7.070           17.445
   32 (vir)     1          15.100          -2.982          -1.743          -7.070           17.445
   33 (vir)     1          15.100          -2.982          -1.743          -7.070           17.445
   34 (vir)     1          21.528          -4.545          -2.037          -9.163           24.109
   35 (vir)     1          21.528          -4.545          -2.037          -9.163           24.109
   36 (vir)     1          22.467          -5.235          -1.805          -8.511           23.939
   37 (vir)     1          22.467          -5.235          -1.805          -8.511           23.939
   38 (vir)     1          22.467          -5.234          -1.805          -8.511           23.939
   39 (vir)     1          27.081          -5.426          -1.893          -9.209           28.972
   40 (vir)     1          27.081          -5.424          -1.893          -9.209           28.974
   41 (vir)     1          27.081          -5.429          -1.893          -9.209           28.969
   42 (vir)     1          28.787          -6.585          -1.852          -9.158           29.508
   43 (vir)     1          28.787          -6.585          -1.852          -9.158           29.508
   44 (vir)     1          28.787          -6.585          -1.852          -9.158           29.508
   45 (vir)     1          33.687          -7.683          -1.367          -8.401           33.039
   46 (vir)     1          33.687          -7.684          -1.367          -8.401           33.038
   47 (vir)     1          33.687          -7.682          -1.367          -8.401           33.040
   48 (vir)     1          37.554           2.798          -1.701          -9.860           48.511
   49 (vir)     1          39.038           2.674          -1.492          -8.921           49.142
   50 (vir)     1          39.038           2.671          -1.492          -8.921           49.139
   51 (vir)     1          42.466           2.530          -1.432          -9.533           53.097
   52 (vir)     1          42.466           2.530          -1.433          -9.533           53.096
   53 (vir)     1          42.466           2.528          -1.432          -9.533           53.095
   54 (vir)     1          50.427           1.712          -1.475          -9.322           59.986
   55 (vir)     1          57.766           1.729          -1.590         -10.693           68.597
   56 (vir)     1          57.766           1.727          -1.590         -10.693           68.596
   57 (vir)     1          57.766           1.727          -1.590         -10.693           68.596
   58 (vir)     1          77.355           1.367          -1.536         -11.670           88.856
   59 (vir)     1          77.355           1.364          -1.537         -11.670           88.852
   60 (vir)     1          77.355           1.363          -1.536         -11.670           88.852
   61 (vir)     1         138.512           1.883          -1.741         -15.526          154.181
   62 (vir)     1         138.512           1.883          -1.741         -15.526          154.181
   63 (vir)     1         138.512           1.883          -1.741         -15.526          154.181
   64 (vir)     1         139.933           1.873          -1.666         -15.077          155.217
   65 (vir)     1         157.212           2.511          -0.367          -7.017          166.373
 
