 
  kpoint:       1             coordinate:     0.0000    0.0000    0.0000                  spin:  1
 
    n           k   ϵ_nk^DFT (eV)     Σ^c_nk (eV)     Σ^x_nk (eV)    v_nk^xc (eV)   ϵ_nk^G0W0 (eV)
 
    1 (occ)     1         -22.097           8.390         -22.578         -14.151          -22.133
    2 (occ)     1         -19.058           5.962         -21.806         -14.382          -20.519
    3 (occ)     1         -10.901           0.002         -16.227         -12.949          -14.178
    4 (occ)     1          -8.794           1.637         -16.885         -12.224          -11.817
    5 (occ)     1          -8.794           1.632         -16.871         -12.224          -11.808
    6 (occ)     1          -6.709           0.952         -16.704         -12.669           -9.792
    7 (occ)     1          -6.709           0.950         -16.698         -12.669           -9.788
    8 (vir)     1          -4.509          -1.086          -7.519         -12.162           -0.952
    9 (vir)     1           2.883          -1.239          -2.386          -6.390            5.648
   10 (vir)     1           3.309          -0.975          -2.553          -6.432            6.213
   11 (vir)     1           3.309          -0.974          -2.553          -6.432            6.213
   12 (vir)     1           3.478          -1.143          -3.129          -7.343            6.549
   13 (vir)     1           3.478          -1.144          -3.129          -7.343            6.548
   14 (vir)     1           4.192          -1.273          -1.702          -5.564            6.780
   15 (vir)     1           5.665          -1.104          -2.315          -6.267            8.513
   16 (vir)     1           5.665          -1.102          -2.316          -6.267            8.514
   17 (vir)     1           6.298          -1.666          -2.270          -6.661            9.022
   18 (vir)     1           6.298          -1.663          -2.265          -6.661            9.032
   19 (vir)     1           6.915          -2.019          -2.066          -6.380            9.210
   20 (vir)     1           6.915          -2.024          -2.063          -6.380            9.209
   21 (vir)     1           7.181          -2.139          -1.781          -6.275            9.537
   22 (vir)     1           7.330          -2.288          -2.138          -6.817            9.720
   23 (vir)     1           9.349          -0.954          -0.461          -3.883           11.817
   24 (vir)     1           9.349          -0.956          -0.461          -3.883           11.816
   25 (vir)     1           9.979          -1.157          -0.874          -4.424           12.372
   26 (vir)     1           9.979          -1.169          -0.873          -4.424           12.362
   27 (vir)     1           9.989          -1.895          -1.474          -5.904           12.524
   28 (vir)     1          10.769          -1.265          -0.554          -4.192           13.142
   29 (vir)     1          10.769          -1.264          -0.552          -4.192           13.145
   30 (vir)     1          12.113          -1.030          -0.421          -3.898           14.560
   31 (vir)     1          12.113          -1.044          -0.421          -3.898           14.545
   32 (vir)     1          12.374          -1.638          -2.092          -6.713           15.357
   33 (vir)     1          12.374          -1.637          -2.094          -6.713           15.356
   34 (vir)     1          14.499          -1.293          -1.297          -5.405           17.313
   35 (vir)     1          14.499          -1.272          -1.298          -5.405           17.333
   36 (vir)     1          15.246          -1.841          -1.014          -5.400           17.791
   37 (vir)     1          18.175           2.540          -3.948         -11.591           28.358
   38 (vir)     1          19.599          -4.328          -2.868          -9.423           21.827
   39 (vir)     1          19.599          -4.308          -2.861          -9.423           21.853
   40 (vir)     1          22.958          -6.052          -4.573         -12.580           24.914
   41 (vir)     1          22.958          -6.054          -4.575         -12.580           24.909
   42 (vir)     1          23.173          -4.236          -2.068          -8.776           25.644
   43 (vir)     1          23.671          -2.906          -2.155          -8.483           27.093
   44 (vir)     1          25.904          -7.570          -3.034         -10.845           26.146
   45 (vir)     1          25.904          -7.485          -3.030         -10.845           26.234
   46 (vir)     1          26.561          -7.405          -3.727         -11.496           26.925
   47 (vir)     1          26.561          -7.441          -3.723         -11.496           26.893
   48 (vir)     1          28.990          -2.638          -2.772         -10.511           34.093
   49 (vir)     1          28.990          -2.442          -2.768         -10.511           34.293
   50 (vir)     1          29.262         -10.510          -3.589         -12.829           27.992
   51 (vir)     1          59.826           3.229          -1.086          -8.422           70.392
   52 (vir)     1          65.706           1.726          -2.282         -12.165           77.315
   53 (vir)     1          65.706           1.717          -2.284         -12.165           77.304
   54 (vir)     1          72.674           2.180          -2.050         -12.096           84.899
   55 (vir)     1          72.674           2.186          -2.053         -12.096           84.903
   56 (vir)     1          74.800           3.367          -1.757         -11.958           88.368
   57 (vir)     1          77.729           3.757          -1.250         -10.088           90.324
   58 (vir)     1         111.254           4.814          -0.741          -8.772          124.099
 
