 
  kpoint:       1             coordinate:     0.0000    0.0000    0.0000                  spin:  1
 
    n           k   ϵ_nk^DFT (eV)     Σ^c_nk (eV)     Σ^x_nk (eV)    v_nk^xc (eV)   ϵ_nk^G0W0 (eV)
 
    1 (occ)     1         -25.406           9.153         -31.308         -19.509          -28.052
    2 (occ)     1         -18.545           5.198         -24.530         -15.526          -22.351
    3 (occ)     1         -14.915           3.647         -23.240         -15.491          -19.017
    4 (occ)     1         -12.639           2.341         -22.824         -16.576          -16.546
    5 (occ)     1         -11.446           2.146         -20.415         -14.318          -15.396
    6 (occ)     1          -9.759           1.901         -21.288         -15.752          -13.395
    7 (occ)     1          -9.276           1.334         -20.357         -15.375          -12.924
    8 (occ)     1          -8.805           1.458         -20.018         -14.658          -12.706
    9 (occ)     1          -7.906           1.862         -22.488         -16.920          -11.612
   10 (occ)     1          -6.134           2.438         -24.117         -18.020           -9.792
   11 (vir)     1          -0.517          -0.789          -1.637          -4.277            1.334
   12 (vir)     1           0.049          -0.666          -1.323          -3.574            1.633
   13 (vir)     1           0.468          -0.547          -0.847          -2.763            1.837
   14 (vir)     1           0.499          -0.510          -0.786          -2.668            1.871
   15 (vir)     1           1.117          -0.542          -0.910          -2.828            2.493
   16 (vir)     1           1.406          -0.434          -0.531          -2.078            2.519
   17 (vir)     1           1.467          -0.364          -0.481          -1.895            2.517
   18 (vir)     1           1.691          -0.384          -0.527          -2.147            2.927
   19 (vir)     1           1.722          -0.335          -0.660          -2.209            2.936
   20 (vir)     1           2.830          -0.812          -1.810          -4.356            4.564
   21 (vir)     1           3.002          -1.017          -2.281          -5.135            4.839
   22 (vir)     1           3.374          -0.697          -1.247          -3.398            4.828
   23 (vir)     1           3.581          -0.798          -1.477          -4.150            5.457
   24 (vir)     1           3.727          -0.821          -1.402          -3.884            5.389
   25 (vir)     1           3.855          -0.688          -1.122          -3.404            5.450
   26 (vir)     1           3.878          -0.600          -0.697          -2.828            5.409
   27 (vir)     1           4.261          -0.874          -1.607          -4.275            6.055
   28 (vir)     1           4.355          -1.468          -3.423          -7.136            6.599
   29 (vir)     1           4.412          -1.098          -2.233          -5.456            6.537
   30 (vir)     1           4.704          -0.927          -1.695          -4.388            6.470
   31 (vir)     1           4.810          -1.003          -2.055          -5.089            6.841
   32 (vir)     1           5.120          -1.522          -3.189          -7.219            7.628
   33 (vir)     1           6.197          -1.092          -1.682          -4.900            8.323
   34 (vir)     1           6.399          -0.987          -1.375          -4.429            8.466
   35 (vir)     1           7.046          -1.246          -1.944          -5.536            9.392
   36 (vir)     1           7.120          -0.894          -1.073          -3.998            9.151
   37 (vir)     1           7.765          -1.227          -1.730          -5.292           10.101
   38 (vir)     1           7.781          -1.037          -1.517          -4.774           10.001
   39 (vir)     1           7.961          -0.984          -1.606          -4.805           10.177
   40 (vir)     1           8.614          -1.216          -1.536          -5.244           11.105
   41 (vir)     1           9.526          -1.029          -0.958          -4.444           11.983
   42 (vir)     1           9.688          -2.396          -3.238          -8.379           12.433
   43 (vir)     1          10.168          -0.919          -0.432          -3.341           12.158
   44 (vir)     1          10.590          -1.704          -1.760          -5.877           13.003
   45 (vir)     1          11.576          -3.265          -3.520          -9.771           14.563
   46 (vir)     1          12.133          -1.464          -1.489          -5.173           14.354
   47 (vir)     1          12.383          -1.864          -2.375          -6.789           14.933
   48 (vir)     1          12.414          -2.061          -2.586          -7.392           15.157
   49 (vir)     1          13.458          -2.072          -2.345          -7.235           16.276
   50 (vir)     1          13.580          -1.958          -1.894          -6.480           16.208
   51 (vir)     1          13.835          -2.421          -2.519          -7.745           16.640
   52 (vir)     1          13.869          -1.778          -1.492          -5.756           16.355
   53 (vir)     1          13.935          -2.779          -3.156          -8.935           16.935
   54 (vir)     1          15.456          -2.201          -1.899          -6.883           18.239
   55 (vir)     1          16.701          -3.132          -2.884          -8.922           19.606
   56 (vir)     1          17.252          -2.045          -1.570          -6.551           20.189
   57 (vir)     1          17.916          -2.404          -1.516          -6.481           20.477
   58 (vir)     1          18.759          -2.426          -2.074          -7.251           21.511
   59 (vir)     1          19.232          -2.948          -1.860          -7.476           21.899
   60 (vir)     1          19.668          -1.955          -1.378          -5.772           22.108
   61 (vir)     1          21.212          -3.297          -2.417          -8.635           24.134
   62 (vir)     1          21.837          -2.595          -1.633          -6.917           24.525
   63 (vir)     1          22.020          -2.958          -1.608          -7.280           24.735
   64 (vir)     1          22.905          -2.888          -2.196          -7.946           25.767
   65 (vir)     1          23.029          -2.964          -2.660          -8.704           26.110
   66 (vir)     1          24.095          -3.526          -1.669          -7.407           26.306
   67 (vir)     1          25.044          -3.532          -1.785          -7.561           27.288
   68 (vir)     1          25.086          -3.462          -2.239          -8.519           27.903
   69 (vir)     1          27.440          -3.903          -2.340          -8.500           29.697
   70 (vir)     1          27.770          -4.077          -2.758          -9.178           30.113
   71 (vir)     1          28.632          -3.581          -1.602          -7.223           30.672
   72 (vir)     1          30.578          -4.444          -2.287          -8.634           32.482
   73 (vir)     1          30.709          -4.029          -2.404          -8.738           33.014
   74 (vir)     1          31.670          -3.833          -2.404          -8.516           33.949
   75 (vir)     1          33.005          -4.935          -2.629          -9.232           34.674
   76 (vir)     1          34.490          -5.214          -2.980         -10.454           36.750
   77 (vir)     1          34.869          -6.021          -4.220         -12.702           37.331
   78 (vir)     1          35.873          -5.315          -2.246          -9.187           37.499
   79 (vir)     1          36.945          -6.299          -2.793         -10.910           38.763
   80 (vir)     1          38.904          -7.861          -3.300         -11.974           39.716
   81 (vir)     1          41.789          -7.278          -2.476         -10.231           42.266
   82 (vir)     1          41.955          -7.917          -3.438         -12.050           42.650
   83 (vir)     1          44.172          -9.654          -2.948         -12.435           44.005
   84 (vir)     1          44.869          -8.700          -3.404         -11.696           44.461
   85 (vir)     1          46.244         -10.892          -4.008         -13.285           44.629
   86 (vir)     1          46.498          -9.911          -3.130         -12.058           45.515
   87 (vir)     1          47.624         -11.231          -3.396         -12.489           45.486
   88 (vir)     1          50.437          -8.904          -3.481         -12.942           50.995
   89 (vir)     1          51.454          -9.835          -3.351         -13.172           51.440
   90 (vir)     1          52.745         -10.163          -3.120         -12.921           52.383
   91 (vir)     1          53.026         -11.149          -2.798         -12.558           51.637
   92 (vir)     1          57.023           4.808          -3.425         -14.263           72.668
   93 (vir)     1          57.203           4.418          -2.620         -12.409           71.410
   94 (vir)     1          58.191           5.420          -3.104         -14.274           74.781
   95 (vir)     1          58.940           3.717          -2.534         -12.301           72.423
   96 (vir)     1          59.901           4.254          -3.884         -14.489           74.760
   97 (vir)     1          62.809           3.853          -2.830         -13.300           77.133
   98 (vir)     1          64.198           4.124          -2.740         -13.526           79.107
   99 (vir)     1          64.697           4.069          -2.839         -13.292           79.220
  100 (vir)     1          65.177           4.434          -2.669         -13.087           80.029
  101 (vir)     1          65.790           3.624          -2.668         -13.214           79.960
  102 (vir)     1          68.245           4.018          -2.456         -12.996           82.802
  103 (vir)     1          68.571           3.444          -2.704         -13.663           82.975
  104 (vir)     1          70.697           3.390          -2.628         -13.621           85.080
  105 (vir)     1          71.590           4.286          -2.594         -13.673           86.954
  106 (vir)     1          71.963           3.921          -2.449         -13.354           86.789
  107 (vir)     1          72.875           3.885          -2.571         -14.123           88.312
  108 (vir)     1          73.395           3.807          -2.549         -13.807           88.461
  109 (vir)     1          79.018           3.299          -2.890         -14.454           93.881
  110 (vir)     1          79.291           3.596          -2.461         -14.232           94.658
  111 (vir)     1          79.580           3.243          -3.155         -15.200           94.868
  112 (vir)     1          84.437           3.072          -2.676         -14.306           99.138
  113 (vir)     1          92.021           3.150          -2.618         -14.567          107.119
  114 (vir)     1          96.283           2.396          -2.476         -14.945          111.148
  115 (vir)     1          99.382           1.949          -2.474         -15.032          113.889
  116 (vir)     1         106.332           2.296          -2.124         -14.343          120.846
  117 (vir)     1         113.489           1.959          -2.003         -14.266          127.712
  118 (vir)     1         129.276           3.228          -3.563         -20.060          149.001
  119 (vir)     1         132.667           4.414          -3.214         -19.424          153.291
  120 (vir)     1         136.417           5.011          -2.639         -18.529          157.318
  121 (vir)     1         151.848           3.385          -1.958         -16.419          169.695
  122 (vir)     1         157.227           2.494          -1.726         -15.673          173.668
  123 (vir)     1         162.472           2.261          -1.824         -16.186          179.095
  124 (vir)     1         163.585           2.307          -1.752         -16.026          180.165
  125 (vir)     1         163.627           2.164          -1.681         -15.819          179.930
  126 (vir)     1         164.229           2.458          -1.781         -16.280          181.186
  127 (vir)     1         178.926           1.644          -4.818         -22.498          198.250
  128 (vir)     1         181.345           1.476          -5.024         -23.456          201.253
  129 (vir)     1         183.374           1.564          -4.930         -23.107          203.115
  130 (vir)     1         187.917           1.945          -3.806         -22.122          208.178
  131 (vir)     1         191.595           2.278          -4.571         -22.807          212.109
  132 (vir)     1         195.384           2.445          -1.477         -14.289          210.641
  133 (vir)     1         236.282           1.939          -2.038         -17.781          253.964
  134 (vir)     1         236.976           1.212          -3.192         -21.742          256.738
  135 (vir)     1         237.330           1.219          -2.919         -21.407          257.037
  136 (vir)     1         237.609           1.092          -3.030         -21.790          257.461
  137 (vir)     1         238.231           1.494          -2.816         -20.623          257.532
  138 (vir)     1         239.161           1.690          -2.236         -18.589          257.204
  139 (vir)     1         242.434           1.145          -3.066         -22.183          262.698
  140 (vir)     1         244.120           1.244          -2.920         -21.462          263.906
  141 (vir)     1         264.890           0.765          -1.297         -18.251          282.608
 
