 
  kpoint:       1             coordinate:     0.0000    0.0000    0.0000                  spin:  1
 
    n           k   ϵ_nk^DFT (eV)     Σ^c_nk (eV)     Σ^x_nk (eV)    v_nk^xc (eV)   ϵ_nk^G0W0 (eV)
 
    1 (occ)     1         -32.461          10.311         -36.584         -22.572          -36.163
    2 (occ)     1         -32.283          10.334         -36.817         -22.797          -35.969
    3 (occ)     1         -32.283          10.069         -36.807         -22.797          -36.224
    4 (occ)     1         -31.943          10.309         -37.226         -23.198          -35.663
    5 (occ)     1         -31.943          10.054         -37.216         -23.198          -35.907
    6 (occ)     1         -31.771          10.154         -37.435         -23.402          -35.650
    7 (occ)     1         -22.781           4.229         -25.988         -16.411          -28.128
    8 (occ)     1         -19.788           7.280         -26.485         -17.541          -21.452
    9 (occ)     1         -19.788           7.286         -26.497         -17.541          -21.458
   10 (occ)     1         -17.068           5.305         -26.715         -18.722          -19.755
   11 (occ)     1         -17.067           5.252         -26.677         -18.721          -19.771
   12 (occ)     1         -15.420           4.038         -27.790         -20.646          -18.526
   13 (occ)     1         -15.342           4.383         -24.922         -17.687          -18.194
   14 (occ)     1         -15.012           4.137         -29.330         -21.789          -18.416
   15 (occ)     1         -14.078           3.473         -27.513         -20.932          -17.186
   16 (occ)     1         -14.077           3.554         -27.484         -20.931          -17.076
   17 (occ)     1         -13.640           3.967         -27.745         -20.784          -16.633
   18 (occ)     1         -13.639           3.870         -27.740         -20.783          -16.726
   19 (occ)     1         -13.414           4.987         -24.658         -17.526          -15.559
   20 (occ)     1         -12.567           4.729         -27.237         -19.722          -15.352
   21 (occ)     1         -12.566           4.692         -27.173         -19.722          -15.325
   22 (occ)     1         -11.780           5.025         -29.515         -21.682          -14.588
   23 (occ)     1         -11.779           4.979         -29.430         -21.682          -14.548
   24 (occ)     1         -11.530           5.036         -30.114         -22.249          -14.359
   25 (occ)     1         -11.045           5.113         -30.977         -22.777          -14.132
   26 (occ)     1         -11.044           5.070         -30.910         -22.776          -14.108
   27 (occ)     1         -10.746           5.082         -31.687         -23.484          -13.866
   28 (occ)     1         -10.147           3.903         -28.505         -21.538          -13.210
   29 (occ)     1         -10.146           3.883         -28.448         -21.537          -13.174
   30 (occ)     1          -9.387           3.472         -27.613         -21.102          -12.426
   31 (occ)     1          -8.773           3.329         -23.807         -18.330          -10.921
   32 (occ)     1          -6.645           0.903         -20.212         -16.968           -8.986
   33 (occ)     1          -6.645           0.893         -20.199         -16.968           -8.982
   34 (vir)     1          -2.218          -2.361          -7.792         -13.045            0.673
   35 (vir)     1          -1.835          -2.328         -10.437         -15.585            0.984
   36 (vir)     1          -1.835          -2.318         -10.438         -15.585            0.993
   37 (vir)     1          -0.253          -1.451          -3.008          -6.337            1.625
   38 (vir)     1          -0.252          -1.453          -3.013          -6.339            1.620
   39 (vir)     1           0.445          -1.112          -2.755          -5.500            2.079
   40 (vir)     1           0.452          -0.544          -0.528          -2.125            1.504
   41 (vir)     1           0.987          -0.582          -0.815          -2.591            2.181
   42 (vir)     1           0.987          -0.583          -0.815          -2.591            2.181
   43 (vir)     1           1.289          -0.735          -1.413          -3.661            2.803
   44 (vir)     1           1.301          -0.396          -0.431          -1.777            2.251
   45 (vir)     1           1.301          -0.398          -0.431          -1.777            2.249
   46 (vir)     1           1.685          -1.884          -4.748          -8.800            3.853
   47 (vir)     1           1.685          -1.983          -4.746          -8.801            3.757
   48 (vir)     1           1.834          -0.862          -1.424          -3.602            3.150
   49 (vir)     1           2.150          -0.338          -0.565          -1.956            3.204
   50 (vir)     1           2.244          -6.504          -8.105         -15.961            3.597
   51 (vir)     1           2.322          -0.298          -0.274          -1.434            3.183
   52 (vir)     1           2.322          -0.301          -0.274          -1.434            3.181
   53 (vir)     1           2.495          -0.865          -1.552          -3.800            3.878
   54 (vir)     1           2.495          -0.862          -1.548          -3.799            3.883
   55 (vir)     1           2.878          -0.329          -0.215          -1.361            3.695
   56 (vir)     1           3.280          -1.054          -1.827          -4.318            4.717
   57 (vir)     1           3.348          -0.302          -0.346          -1.619            4.319
   58 (vir)     1           3.348          -0.303          -0.347          -1.618            4.316
   59 (vir)     1           3.801          -0.226          -0.257          -1.193            4.511
   60 (vir)     1           3.821          -3.978          -7.877         -14.520            6.486
   61 (vir)     1           4.279          -3.282          -5.527         -11.143            6.613
   62 (vir)     1           4.279          -3.247          -5.547         -11.141            6.625
   63 (vir)     1           4.642          -1.592          -2.903          -6.435            6.581
   64 (vir)     1           4.642          -1.588          -2.883          -6.434            6.606
   65 (vir)     1           5.830          -2.320          -4.675          -9.322            8.158
   66 (vir)     1           5.830          -2.331          -4.671          -9.322            8.150
   67 (vir)     1           6.343          -0.864          -0.800          -2.990            7.670
   68 (vir)     1           6.344          -0.860          -0.794          -2.991            7.680
   69 (vir)     1           6.931          -1.609          -2.398          -5.987            8.911
   70 (vir)     1           6.932          -1.604          -2.384          -5.987            8.931
   71 (vir)     1           7.387          -1.526          -1.109          -4.243            8.995
   72 (vir)     1           7.914          -1.157          -1.853          -4.422            9.325
   73 (vir)     1           7.914          -1.171          -1.840          -4.423            9.326
   74 (vir)     1           8.281          -1.539          -2.607          -6.481           10.616
   75 (vir)     1           8.420          -1.758          -2.305          -6.411           10.769
   76 (vir)     1           8.487          -5.748          -6.905         -15.164           10.997
   77 (vir)     1           8.488          -5.596          -6.894         -15.165           11.163
   78 (vir)     1           8.914          -1.768          -2.091          -6.147           11.202
   79 (vir)     1           9.228          -3.922          -5.371         -11.885           11.821
   80 (vir)     1           9.229          -3.909          -5.350         -11.886           11.855
   81 (vir)     1           9.477          -2.938          -4.317         -10.125           12.347
   82 (vir)     1          10.625          -1.812          -2.209          -6.089           12.693
   83 (vir)     1          10.626          -1.816          -2.225          -6.088           12.673
   84 (vir)     1          10.701          -2.744          -4.539         -10.001           13.419
   85 (vir)     1          10.859          -2.022          -1.785          -5.957           13.008
   86 (vir)     1          10.859          -2.020          -1.795          -5.957           13.001
   87 (vir)     1          11.215          -3.009          -2.305          -7.679           13.581
   88 (vir)     1          11.216          -3.043          -2.300          -7.680           13.552
   89 (vir)     1          11.570          -1.970          -1.309          -4.782           13.073
   90 (vir)     1          11.570          -1.973          -1.319          -4.782           13.060
   91 (vir)     1          12.638          -2.179          -1.798          -6.193           14.855
   92 (vir)     1          12.895          -3.291          -2.670          -8.397           15.331
   93 (vir)     1          13.737          -7.010          -6.605         -16.564           16.686
   94 (vir)     1          13.761          -2.503          -2.397          -7.652           16.513
   95 (vir)     1          15.107          -3.031          -3.627          -9.709           18.158
   96 (vir)     1          15.107          -3.060          -3.627          -9.709           18.130
   97 (vir)     1          15.327          -3.035          -2.775          -8.527           18.044
   98 (vir)     1          15.327          -3.028          -2.793          -8.527           18.033
   99 (vir)     1          16.152          -4.463          -3.020          -8.918           17.587
  100 (vir)     1          16.152          -4.718          -3.031          -8.918           17.321
  101 (vir)     1          16.198          -3.314          -3.507          -9.682           19.060
  102 (vir)     1          16.267          -3.208          -3.166          -8.983           18.875
  103 (vir)     1          16.267          -3.212          -3.170          -8.983           18.867
  104 (vir)     1          16.297          -8.180          -5.535         -15.546           18.128
  105 (vir)     1          16.685          -4.035          -2.344          -7.805           18.112
  106 (vir)     1          17.286          -2.585          -3.042          -8.825           20.483
  107 (vir)     1          17.712          -2.833          -2.624          -8.210           20.465
  108 (vir)     1          17.922          -2.542          -2.478          -7.972           20.875
  109 (vir)     1          17.922          -2.555          -2.485          -7.972           20.855
  110 (vir)     1          18.130          -3.512          -2.581          -8.299           20.337
  111 (vir)     1          18.130          -3.513          -2.570          -8.299           20.346
  112 (vir)     1          18.766          -2.852          -2.555          -8.359           21.718
  113 (vir)     1          18.766          -2.840          -2.566          -8.359           21.718
  114 (vir)     1          19.353          -0.984          -1.656          -6.102           22.816
  115 (vir)     1          20.091          -3.624          -2.106          -8.134           22.495
  116 (vir)     1          20.091          -3.618          -2.097          -8.134           22.511
  117 (vir)     1          20.306          -3.201          -3.510         -10.134           23.730
  118 (vir)     1          20.435          -0.993          -2.960          -9.453           25.935
  119 (vir)     1          20.675          -3.756          -3.108          -9.781           23.592
  120 (vir)     1          20.675          -3.710          -3.082          -9.781           23.663
  121 (vir)     1          21.412          -3.753          -2.039          -7.796           23.417
  122 (vir)     1          21.412          -3.684          -2.032          -7.796           23.492
  123 (vir)     1          21.599          -2.115          -3.484         -10.185           26.184
  124 (vir)     1          21.599          -2.261          -3.486         -10.185           26.037
  125 (vir)     1          21.672          -2.314          -2.192          -7.801           24.968
  126 (vir)     1          21.673          -2.328          -2.195          -7.801           24.951
  127 (vir)     1          21.875          -4.929          -2.380          -8.111           22.676
  128 (vir)     1          22.572          -0.623          -1.995          -8.440           28.394
  129 (vir)     1          22.772          -3.121          -2.822          -9.021           25.851
  130 (vir)     1          22.773          -3.109          -2.828          -9.021           25.856
  131 (vir)     1          23.067          -2.477          -3.502          -9.996           27.084
  132 (vir)     1          23.923          -2.910          -2.527          -8.589           27.075
  133 (vir)     1          24.171          -5.879          -2.374          -9.974           25.892
  134 (vir)     1          24.771          -5.071          -3.859         -11.711           27.553
  135 (vir)     1          24.844          -1.254          -0.726          -3.638           26.502
  136 (vir)     1          26.746          -4.538          -2.722          -9.427           28.913
  137 (vir)     1          26.746          -4.563          -2.715          -9.427           28.896
  138 (vir)     1          26.925          -3.185          -2.571          -8.642           29.811
  139 (vir)     1          28.050          -2.671          -1.795          -8.286           31.869
  140 (vir)     1          28.050          -2.861          -1.784          -8.286           31.692
  141 (vir)     1          28.478          -4.162          -2.135          -8.897           31.078
  142 (vir)     1          28.478          -4.409          -2.132          -8.897           30.834
  143 (vir)     1          29.292          -4.602          -2.849          -9.645           31.485
  144 (vir)     1          30.624          -4.560          -2.790          -9.946           33.219
  145 (vir)     1          30.625          -4.291          -2.777          -9.946           33.502
  146 (vir)     1          30.966          -0.471          -2.029          -8.362           36.827
  147 (vir)     1          30.966          -1.978          -2.028          -8.362           35.322
  148 (vir)     1          32.286          -0.129          -2.216          -9.132           39.073
  149 (vir)     1          33.279          -4.724          -2.485          -9.649           35.719
  150 (vir)     1          33.279          -4.736          -2.481          -9.650           35.712
  151 (vir)     1          33.563          -3.680          -3.205         -10.301           36.979
  152 (vir)     1          34.243          -4.327          -3.260         -10.301           36.957
  153 (vir)     1          34.244          -4.286          -3.259         -10.301           37.001
  154 (vir)     1          34.964          -3.648          -2.670         -10.257           38.904
  155 (vir)     1          35.094          -4.734          -2.635          -9.059           36.784
  156 (vir)     1          35.095          -5.060          -2.630          -9.059           36.464
  157 (vir)     1          36.297          -7.959          -2.317          -9.509           35.530
  158 (vir)     1          36.300          -4.161          -2.406          -9.202           38.936
  159 (vir)     1          36.476          -4.483          -1.800          -8.233           38.426
  160 (vir)     1          36.476          -4.784          -1.794          -8.233           38.132
  161 (vir)     1          36.665          -4.187          -2.814          -9.983           39.646
  162 (vir)     1          37.144          -3.089          -2.147          -9.381           41.289
  163 (vir)     1          37.145          -2.696          -2.148          -9.381           41.682
  164 (vir)     1          37.693          -6.481          -3.583         -11.845           39.474
  165 (vir)     1          37.694          -6.576          -3.600         -11.844           39.362
  166 (vir)     1          37.992          -5.379          -3.292         -11.336           40.658
  167 (vir)     1          38.627          -4.653          -1.859          -8.862           40.976
  168 (vir)     1          38.627          -4.713          -1.857          -8.862           40.919
  169 (vir)     1          39.241          -0.718          -2.933         -11.098           46.687
  170 (vir)     1          40.615          -7.565          -2.629         -10.489           40.910
  171 (vir)     1          40.616          -6.977          -2.609         -10.488           41.518
  172 (vir)     1          41.356          -5.395          -2.033          -9.545           43.473
  173 (vir)     1          41.356          -5.295          -2.018          -9.545           43.588
  174 (vir)     1          41.671          -3.671          -2.555         -10.410           45.856
  175 (vir)     1          41.672          -3.906          -2.541         -10.410           45.635
  176 (vir)     1          42.349           2.637          -2.358          -9.817           52.444
  177 (vir)     1          42.349           2.635          -2.366          -9.817           52.434
  178 (vir)     1          43.280           5.313          -3.689         -13.321           58.225
  179 (vir)     1          43.281           5.059          -3.707         -13.322           57.954
  180 (vir)     1          43.908          -3.825          -2.169          -8.869           46.784
  181 (vir)     1          44.101           2.206          -2.031         -10.508           54.785
  182 (vir)     1          44.739          -8.254          -3.053         -12.128           45.560
  183 (vir)     1          44.739          -8.045          -3.027         -12.127           45.795
  184 (vir)     1          45.140          -3.423          -1.604          -8.953           49.066
  185 (vir)     1          45.950          -3.911          -1.944         -10.376           50.471
  186 (vir)     1          46.151          -1.607          -2.600         -11.152           53.096
  187 (vir)     1          46.942          -0.717          -2.292         -10.636           54.569
  188 (vir)     1          47.399         -11.102          -3.561         -12.693           45.429
  189 (vir)     1          47.399         -10.750          -3.568         -12.693           45.774
  190 (vir)     1          47.744          -3.861          -2.329         -10.797           52.351
  191 (vir)     1          47.744          -3.928          -2.332         -10.797           52.280
  192 (vir)     1          48.522          -3.308          -1.732          -9.780           53.263
  193 (vir)     1          49.075          -4.808          -3.630         -13.270           53.906
  194 (vir)     1          49.677           1.015          -2.958         -12.283           60.016
  195 (vir)     1          49.677           1.898          -2.960         -12.282           60.898
  196 (vir)     1          50.473          -7.851          -2.945         -12.650           52.327
  197 (vir)     1          50.594           1.341          -3.317         -12.239           60.857
  198 (vir)     1          50.594          -8.888          -3.358         -12.239           50.587
  199 (vir)     1          51.379          -9.395          -2.421         -11.110           50.674
  200 (vir)     1          51.379          -9.360          -2.437         -11.110           50.692
  201 (vir)     1          53.523           0.369          -3.013         -12.544           63.423
  202 (vir)     1          54.926          -7.798          -3.272         -13.040           56.896
  203 (vir)     1          54.984          -6.846          -3.017         -11.797           56.919
  204 (vir)     1          54.985          -6.777          -3.027         -11.798           56.978
  205 (vir)     1          57.083           0.587          -2.581         -11.941           67.030
  206 (vir)     1          57.083           1.456          -2.603         -11.941           67.877
  207 (vir)     1          57.123           2.193          -3.081         -13.154           69.389
  208 (vir)     1          57.123           1.670          -3.115         -13.154           68.832
  209 (vir)     1          57.352           3.703          -3.477         -13.417           70.995
  210 (vir)     1          57.353           4.601          -3.498         -13.416           71.872
  211 (vir)     1          59.602         -10.020          -2.875         -12.135           58.842
  212 (vir)     1          59.602          -2.694          -2.882         -12.135           66.162
  213 (vir)     1          59.651          -8.985          -2.924         -12.446           60.189
  214 (vir)     1          59.735           1.851          -2.634         -12.765           71.718
  215 (vir)     1          60.069           2.781          -3.608         -13.905           73.148
  216 (vir)     1          60.070           3.709          -3.586         -13.905           74.098
  217 (vir)     1          60.907          -1.283          -4.227         -14.196           69.593
  218 (vir)     1          61.065          -8.811          -2.005         -11.232           61.481
  219 (vir)     1          61.642           5.438          -2.589         -12.415           76.906
  220 (vir)     1          61.643          -1.992          -2.567         -12.416           69.499
  221 (vir)     1          61.828          -7.829          -3.695         -14.721           65.026
  222 (vir)     1          61.828          -7.520          -3.661         -14.721           65.368
  223 (vir)     1          62.071          -9.657          -2.459         -12.213           62.169
  224 (vir)     1          62.564           2.457          -3.626         -14.173           75.568
  225 (vir)     1          64.013           0.186          -2.279         -11.986           73.905
  226 (vir)     1          64.014           2.950          -2.340         -11.986           76.610
  227 (vir)     1          64.277           1.617          -2.420         -12.369           75.843
  228 (vir)     1          64.278           1.193          -2.387         -12.369           75.453
  229 (vir)     1          66.540          -9.256          -4.812         -14.683           67.155
  230 (vir)     1          66.990          -0.573          -2.872         -12.491           76.037
  231 (vir)     1          66.991          -3.803          -2.860         -12.491           72.820
  232 (vir)     1          68.922           5.184          -2.632         -12.909           84.383
  233 (vir)     1          68.924           5.736          -2.601         -12.909           84.967
  234 (vir)     1          69.710           3.884          -1.752         -11.834           83.675
  235 (vir)     1          70.072           2.472          -2.748         -13.945           83.741
  236 (vir)     1          70.072           1.630          -2.744         -13.945           82.903
  237 (vir)     1          70.586           0.235          -2.664         -13.315           81.472
  238 (vir)     1          71.136          -2.648          -4.798         -16.134           79.824
  239 (vir)     1          72.138          -9.519          -2.717         -14.263           74.165
  240 (vir)     1          72.139         -10.544          -2.706         -14.263           73.153
  241 (vir)     1          72.548           4.488          -2.337         -13.499           88.198
  242 (vir)     1          72.548           4.416          -2.310         -13.499           88.154
  243 (vir)     1          72.789         -12.050          -4.619         -16.038           72.158
  244 (vir)     1          73.354           0.668          -4.280         -16.048           85.790
  245 (vir)     1          74.645          -6.670          -2.273         -13.430           79.131
  246 (vir)     1          74.988           3.923          -4.598         -16.311           90.624
  247 (vir)     1          75.955           4.688          -5.067         -17.971           93.547
  248 (vir)     1          75.956           4.578          -5.034         -17.971           93.470
  249 (vir)     1          76.683           4.350          -3.473         -14.491           92.051
  250 (vir)     1          76.684           4.143          -3.489         -14.492           91.830
  251 (vir)     1          76.850           4.531          -3.301         -15.465           93.545
  252 (vir)     1          79.059           4.053          -4.106         -15.748           94.755
  253 (vir)     1          79.083           4.719          -3.025         -13.849           94.625
  254 (vir)     1          79.084           4.464          -3.034         -13.848           94.363
  255 (vir)     1          79.232          -4.180          -2.899         -14.376           86.528
  256 (vir)     1          79.232          -5.034          -2.917         -14.376           85.657
  257 (vir)     1          79.320           3.531          -3.391         -13.599           93.059
  258 (vir)     1          79.320           3.706          -3.468         -13.599           93.158
  259 (vir)     1          81.607           1.664          -3.158         -14.768           94.882
  260 (vir)     1          81.608           2.240          -3.140         -14.769           95.477
  261 (vir)     1          82.782           3.305          -4.091         -15.086           97.082
  262 (vir)     1          82.974           4.943          -3.121         -14.509           99.305
  263 (vir)     1          85.384           3.778          -2.760         -14.149          100.551
  264 (vir)     1          85.385           4.200          -2.826         -14.150          100.908
  265 (vir)     1          85.411           4.418          -4.821         -17.570          102.578
  266 (vir)     1          85.411           4.653          -4.858         -17.568          102.774
  267 (vir)     1          85.904           5.062          -3.974         -16.602          103.593
  268 (vir)     1          87.094           4.831          -5.338         -18.002          104.590
  269 (vir)     1          87.095           4.340          -5.283         -18.003          104.155
  270 (vir)     1          87.106           2.754          -3.990         -16.899          102.770
  271 (vir)     1          87.107           2.666          -4.016         -16.898          102.655
  272 (vir)     1          87.160           3.801          -6.154         -18.753          103.560
  273 (vir)     1          88.505           3.735          -5.335         -18.490          105.396
  274 (vir)     1          88.506           3.542          -5.308         -18.490          105.231
  275 (vir)     1          88.769           3.592          -2.097         -13.225          103.488
  276 (vir)     1          91.251           2.215          -6.101         -18.927          106.294
  277 (vir)     1          91.661           5.031          -5.603         -19.917          111.005
  278 (vir)     1          92.579           4.002          -4.361         -18.223          110.443
  279 (vir)     1          92.582           4.218          -4.407         -18.222          110.615
  280 (vir)     1          92.915           4.429          -5.588         -19.937          111.693
  281 (vir)     1          92.915           4.788          -5.546         -19.937          112.094
  282 (vir)     1          94.803           4.800          -3.061         -16.491          113.033
  283 (vir)     1          97.207           4.268          -5.734         -19.162          114.904
  284 (vir)     1          97.208           4.449          -5.677         -19.162          115.142
  285 (vir)     1          97.821           3.597          -3.339         -15.925          114.005
  286 (vir)     1          98.494           5.180          -4.470         -17.687          116.891
  287 (vir)     1          98.969           4.205          -3.660         -17.176          116.690
  288 (vir)     1          98.971           4.624          -3.698         -17.173          117.071
  289 (vir)     1          99.200           3.498          -3.105         -15.516          115.109
  290 (vir)     1          99.201           3.056          -3.164         -15.515          114.608
  291 (vir)     1         102.238           4.387          -3.449         -17.381          120.557
  292 (vir)     1         102.240           4.206          -3.383         -17.381          120.445
  293 (vir)     1         105.465           5.243          -4.574         -20.548          126.681
  294 (vir)     1         106.022           4.676          -4.202         -18.410          124.907
  295 (vir)     1         106.024           4.552          -4.138         -18.408          124.847
  296 (vir)     1         107.287           4.149          -2.705         -16.038          124.768
  297 (vir)     1         108.351           2.847          -2.544         -14.756          123.410
  298 (vir)     1         108.353           2.345          -2.527         -14.756          122.927
  299 (vir)     1         108.656           2.265          -2.425         -15.711          124.207
  300 (vir)     1         111.108           4.324          -4.824         -20.706          131.313
  301 (vir)     1         112.851           3.805          -5.286         -19.901          131.271
  302 (vir)     1         112.852           3.992          -5.319         -19.901          131.427
  303 (vir)     1         113.028           3.363          -2.685         -17.031          130.737
  304 (vir)     1         114.264           3.056          -4.458         -18.013          130.875
  305 (vir)     1         114.670           2.312          -2.697         -15.473          129.758
  306 (vir)     1         123.255           3.858          -4.766         -20.682          143.029
  307 (vir)     1         123.256           3.801          -4.972         -20.682          142.767
  308 (vir)     1         123.438           3.388          -4.507         -19.981          142.301
  309 (vir)     1         123.441           3.381          -4.628         -19.979          142.173
  310 (vir)     1         123.865           2.582          -3.492         -17.377          140.332
  311 (vir)     1         123.868           2.435          -3.470         -17.377          140.210
  312 (vir)     1         127.498           2.058          -3.418         -17.088          143.226
  313 (vir)     1         127.522           4.415          -4.608         -22.722          150.051
  314 (vir)     1         130.877           2.470          -4.035         -18.376          147.688
  315 (vir)     1         132.276           3.959          -3.677         -19.845          152.404
  316 (vir)     1         132.280           4.103          -3.761         -19.841          152.462
  317 (vir)     1         133.873           3.858          -4.690         -21.556          154.597
  318 (vir)     1         133.873           4.076          -4.473         -21.556          155.032
  319 (vir)     1         136.735           1.829          -3.808         -18.549          153.305
  320 (vir)     1         137.102           3.940          -4.327         -21.553          158.267
  321 (vir)     1         137.105           4.016          -4.360         -21.549          158.309
  322 (vir)     1         142.214           2.761          -3.039         -17.102          159.039
  323 (vir)     1         142.218           2.557          -2.972         -17.099          158.902
  324 (vir)     1         151.326           3.003          -4.515         -20.645          170.458
  325 (vir)     1         153.713           2.978          -3.255         -19.848          173.283
  326 (vir)     1         153.874           3.185          -3.705         -21.009          174.362
  327 (vir)     1         153.877           3.223          -3.818         -21.006          174.288
  328 (vir)     1         155.528           2.658          -2.740         -16.955          172.401
  329 (vir)     1         156.305           2.482          -3.740         -19.924          174.970
  330 (vir)     1         156.307           2.636          -3.615         -19.922          175.249
  331 (vir)     1         158.997           2.781          -4.142         -21.573          179.208
  332 (vir)     1         161.497           2.778          -4.095         -20.296          180.475
  333 (vir)     1         161.499           2.850          -3.901         -20.295          180.742
  334 (vir)     1         167.584           2.506          -2.744         -17.713          185.059
  335 (vir)     1         167.866           2.006          -3.332         -19.669          186.210
  336 (vir)     1         205.755           1.299          -2.102         -17.483          222.435
  337 (vir)     1         215.686           4.428          -1.060         -13.356          232.410
  338 (vir)     1         233.879           5.473          -0.844         -13.478          251.986
  339 (vir)     1         233.885           5.330          -0.902         -13.473          251.785
  340 (vir)     1         240.133           7.950          -0.725         -13.511          260.868
  341 (vir)     1         240.140           7.004          -0.775         -13.504          259.873
  342 (vir)     1         244.856           6.454          -0.773         -13.624          264.162
  343 (vir)     1         275.302           0.964          -1.832         -17.849          292.284
  344 (vir)     1         319.896           0.894          -1.929         -19.044          337.905
  345 (vir)     1         319.975           1.094          -1.741         -18.965          338.294
  346 (vir)     1         351.233           0.970          -2.155         -21.024          371.072
  347 (vir)     1         351.330           1.144          -1.923         -20.926          371.478
  348 (vir)     1         383.564           1.088          -2.024         -21.658          404.286
 
