 
  kpoint:       1             coordinate:     0.0000    0.0000    0.0000                  spin:  1
 
    n           k   ϵ_nk^DFT (eV)     Σ^c_nk (eV)     Σ^x_nk (eV)    v_nk^xc (eV)   ϵ_nk^G0W0 (eV)
 
    1 (occ)     1         -21.238           7.550         -25.193         -15.403          -23.478
    2 (occ)     1         -19.444           5.814         -24.354         -15.183          -22.801
    3 (occ)     1         -18.325           7.508         -24.328         -15.496          -19.649
    4 (occ)     1         -17.773           7.595         -24.020         -15.382          -18.816
    5 (occ)     1         -15.519           5.537         -22.822         -15.105          -17.700
    6 (occ)     1         -14.826           4.796         -22.462         -15.226          -17.267
    7 (occ)     1         -14.091           4.397         -22.125         -15.137          -16.683
    8 (occ)     1         -12.481           3.322         -20.434         -14.406          -15.187
    9 (occ)     1         -11.394           2.920         -20.716         -15.090          -14.100
   10 (occ)     1         -11.092           2.863         -20.325         -14.493          -14.061
   11 (occ)     1         -10.415           2.400         -19.869         -14.518          -13.366
   12 (occ)     1         -10.224           2.416         -20.249         -14.934          -13.123
   13 (occ)     1         -10.025           2.335         -20.210         -14.925          -12.976
   14 (occ)     1          -9.632           2.216         -19.269         -14.483          -12.201
   15 (occ)     1          -8.962           1.951         -19.334         -14.448          -11.897
   16 (occ)     1          -8.570           2.085         -17.811         -13.516          -10.780
   17 (occ)     1          -8.393           1.611         -19.509         -14.685          -11.606
   18 (occ)     1          -7.909           1.531         -19.588         -14.961          -11.006
   19 (occ)     1          -7.902           1.569         -19.933         -15.480          -10.786
   20 (occ)     1          -6.209           0.360         -15.634         -13.047           -8.437
   21 (occ)     1          -5.987           0.270         -15.838         -13.341           -8.213
   22 (vir)     1          -1.139          -2.403          -7.481         -12.381            1.358
   23 (vir)     1          -1.118          -2.348          -7.414         -12.196            1.316
   24 (vir)     1          -0.357          -0.907          -1.443          -3.822            1.116
   25 (vir)     1          -0.058          -0.796          -1.192          -3.362            1.315
   26 (vir)     1           0.038          -0.725          -0.990          -2.974            1.296
   27 (vir)     1           0.254          -0.697          -0.875          -2.838            1.521
   28 (vir)     1           0.604          -0.693          -0.887          -2.800            1.825
   29 (vir)     1           0.657          -0.649          -0.805          -2.636            1.839
   30 (vir)     1           0.862          -0.748          -0.900          -2.921            2.134
   31 (vir)     1           0.965          -0.556          -0.536          -2.154            2.027
   32 (vir)     1           1.202          -0.574          -0.658          -2.312            2.283
   33 (vir)     1           1.257          -0.763          -0.947          -3.021            2.568
   34 (vir)     1           1.455          -0.662          -0.703          -2.562            2.653
   35 (vir)     1           1.651          -0.713          -0.824          -2.713            2.827
   36 (vir)     1           1.841          -0.556          -0.595          -2.236            2.926
   37 (vir)     1           1.984          -0.518          -0.563          -2.095            2.998
   38 (vir)     1           2.280          -0.665          -0.761          -2.708            3.562
   39 (vir)     1           2.340          -0.772          -0.916          -2.947            3.599
   40 (vir)     1           2.406          -2.623          -3.378          -7.575            3.981
   41 (vir)     1           2.614          -0.950          -1.123          -3.249            3.790
   42 (vir)     1           2.661          -0.591          -0.597          -2.264            3.737
   43 (vir)     1           2.713          -0.894          -1.304          -3.554            4.069
   44 (vir)     1           2.920          -1.261          -1.754          -4.371            4.276
   45 (vir)     1           3.055          -0.714          -1.027          -2.951            4.265
   46 (vir)     1           3.176          -1.052          -1.397          -3.798            4.525
   47 (vir)     1           3.353          -0.860          -1.187          -3.300            4.606
   48 (vir)     1           3.497          -0.791          -1.017          -3.184            4.872
   49 (vir)     1           3.534          -1.067          -1.379          -3.767            4.855
   50 (vir)     1           3.641          -0.908          -1.276          -3.471            4.928
   51 (vir)     1           3.853          -0.702          -0.665          -2.467            4.953
   52 (vir)     1           4.014          -1.408          -1.883          -4.648            5.371
   53 (vir)     1           4.133          -1.254          -2.018          -5.026            5.887
   54 (vir)     1           4.228          -1.622          -2.734          -6.269            6.140
   55 (vir)     1           4.330          -1.350          -2.049          -5.083            6.014
   56 (vir)     1           4.415          -1.436          -2.002          -5.224            6.201
   57 (vir)     1           4.427          -1.400          -2.194          -5.420            6.253
   58 (vir)     1           4.739          -1.217          -2.066          -5.041            6.496
   59 (vir)     1           4.895          -1.663          -2.463          -5.930            6.700
   60 (vir)     1           5.249          -1.727          -2.306          -5.845            7.061
   61 (vir)     1           5.428          -1.790          -2.883          -6.800            7.555
   62 (vir)     1           5.452          -1.234          -1.309          -4.166            7.075
   63 (vir)     1           5.475          -1.276          -1.530          -4.505            7.173
   64 (vir)     1           5.766          -1.217          -1.493          -4.289            7.345
   65 (vir)     1           5.793          -1.277          -1.747          -4.648            7.418
   66 (vir)     1           6.078          -1.345          -1.483          -4.585            7.835
   67 (vir)     1           6.133          -1.651          -2.205          -5.812            8.088
   68 (vir)     1           6.247          -1.620          -2.246          -5.786            8.167
   69 (vir)     1           6.433          -1.395          -1.746          -4.983            8.275
   70 (vir)     1           6.643          -1.226          -1.504          -4.415            8.328
   71 (vir)     1           6.731          -1.296          -1.079          -4.011            8.366
   72 (vir)     1           6.925          -1.119          -1.378          -4.161            8.589
   73 (vir)     1           7.024          -1.304          -1.426          -4.670            8.963
   74 (vir)     1           7.275          -2.175          -3.000          -7.288            9.388
   75 (vir)     1           7.282          -1.655          -2.255          -5.825            9.197
   76 (vir)     1           7.423          -1.548          -1.858          -5.227            9.244
   77 (vir)     1           7.810          -2.126          -2.904          -7.215            9.994
   78 (vir)     1           7.945          -1.892          -2.063          -5.866            9.857
   79 (vir)     1           8.301          -2.002          -2.399          -6.407           10.306
   80 (vir)     1           8.360          -2.402          -3.072          -7.648           10.533
   81 (vir)     1           8.498          -1.647          -1.211          -4.618           10.258
   82 (vir)     1           8.916          -2.190          -1.665          -5.580           10.641
   83 (vir)     1           9.074          -2.307          -2.910          -7.358           11.214
   84 (vir)     1           9.145          -1.706          -1.648          -5.160           10.951
   85 (vir)     1           9.362          -1.782          -1.138          -4.523           10.965
   86 (vir)     1           9.419          -1.665          -1.801          -5.363           11.317
   87 (vir)     1           9.836          -0.796          -1.518          -4.966           12.488
   88 (vir)     1           9.917          -2.574          -2.782          -7.437           11.998
   89 (vir)     1           9.936          -2.021          -1.926          -5.788           11.777
   90 (vir)     1          10.416          -2.113          -1.567          -5.543           12.279
   91 (vir)     1          10.986          -3.140          -2.797          -7.902           12.950
   92 (vir)     1          10.991          -1.764          -1.661          -5.260           12.827
   93 (vir)     1          11.087          -1.427          -0.798          -4.064           12.927
   94 (vir)     1          11.329          -2.234          -1.694          -5.835           13.237
   95 (vir)     1          11.550          -3.460          -3.181          -8.693           13.602
   96 (vir)     1          11.585          -1.842          -1.279          -4.591           13.054
   97 (vir)     1          11.794          -2.174          -1.811          -6.045           13.854
   98 (vir)     1          12.314          -2.287          -1.911          -6.120           14.237
   99 (vir)     1          12.394          -0.499          -1.796          -6.144           16.243
  100 (vir)     1          12.423          -2.398          -2.227          -6.697           14.495
  101 (vir)     1          12.663          -2.260          -2.018          -6.236           14.620
  102 (vir)     1          12.981          -0.202          -2.039          -6.823           17.562
  103 (vir)     1          13.056          -2.743          -2.492          -7.611           15.433
  104 (vir)     1          13.621          -2.719          -2.285          -7.214           15.832
  105 (vir)     1          13.978          -3.548          -2.807          -8.269           15.892
  106 (vir)     1          14.079          -2.875          -2.561          -7.730           16.374
  107 (vir)     1          14.224          -3.088          -1.874          -6.744           16.005
  108 (vir)     1          14.378          -2.972          -1.780          -6.599           16.226
  109 (vir)     1          14.630          -3.596          -2.960          -8.898           16.972
  110 (vir)     1          14.828          -1.833          -1.665          -6.683           18.013
  111 (vir)     1          14.848          -3.426          -2.159          -7.511           16.774
  112 (vir)     1          15.110          -3.212          -2.256          -7.600           17.242
  113 (vir)     1          15.171          -4.008          -3.182          -9.469           17.449
  114 (vir)     1          15.352          -4.129          -3.203          -9.534           17.554
  115 (vir)     1          15.581          -3.670          -2.424          -7.942           17.430
  116 (vir)     1          15.599          -3.971          -1.840          -7.092           16.881
  117 (vir)     1          15.770          -4.680          -3.452         -10.288           17.925
  118 (vir)     1          16.205          -3.737          -2.110          -7.532           17.890
  119 (vir)     1          16.247          -3.044          -1.933          -7.164           18.434
  120 (vir)     1          16.623          -3.450          -2.590          -8.435           19.017
  121 (vir)     1          16.912          -2.500          -1.301          -5.730           18.841
  122 (vir)     1          17.689          -4.394          -3.066          -9.776           20.005
  123 (vir)     1          17.905          -3.454          -2.220          -7.877           20.108
  124 (vir)     1          18.115          -3.364          -2.699          -8.523           20.576
  125 (vir)     1          18.392          -3.446          -1.970          -7.457           20.433
  126 (vir)     1          18.880          -3.525          -1.915          -7.355           20.795
  127 (vir)     1          19.237          -3.290          -2.046          -7.619           21.520
  128 (vir)     1          19.613          -2.994          -1.549          -6.557           21.627
  129 (vir)     1          19.790          -3.459          -1.929          -7.473           21.875
  130 (vir)     1          19.927          -3.475          -1.874          -7.418           21.996
  131 (vir)     1          20.189          -3.541          -1.996          -7.559           22.210
  132 (vir)     1          20.279          -3.056          -1.547          -6.698           22.374
  133 (vir)     1          20.313          -4.422          -2.558          -9.138           22.471
  134 (vir)     1          20.574          -2.954          -1.610          -6.647           22.657
  135 (vir)     1          21.070          -3.558          -2.077          -7.787           23.222
  136 (vir)     1          21.124          -4.049          -2.214          -8.324           23.184
  137 (vir)     1          22.067          -3.578          -1.973          -7.698           24.214
  138 (vir)     1          22.170          -3.722          -2.025          -7.826           24.248
  139 (vir)     1          22.205          -3.664          -1.601          -7.340           24.280
  140 (vir)     1          22.356          -3.823          -1.576          -7.292           24.249
  141 (vir)     1          22.589          -3.901          -1.469          -7.097           24.315
  142 (vir)     1          22.743          -3.177          -1.546          -6.736           24.756
  143 (vir)     1          23.256          -3.890          -1.932          -7.799           25.233
  144 (vir)     1          23.436          -3.383          -1.302          -6.651           25.401
  145 (vir)     1          23.849          -4.663          -1.505          -7.454           25.135
  146 (vir)     1          24.059          -3.857          -1.615          -7.306           25.893
  147 (vir)     1          24.231          -4.228          -1.518          -6.994           25.479
  148 (vir)     1          24.984          -4.189          -1.611          -7.509           26.693
  149 (vir)     1          25.488          -1.230          -2.040          -8.261           30.479
  150 (vir)     1          25.595          -4.855          -1.693          -7.810           26.857
  151 (vir)     1          25.781          -4.176          -2.131          -8.458           27.932
  152 (vir)     1          26.206          -1.612          -1.528          -7.357           30.423
  153 (vir)     1          26.356          -3.914          -1.394          -7.030           28.079
  154 (vir)     1          27.280          -0.605          -1.799          -7.691           32.567
  155 (vir)     1          27.665          -4.501          -1.355          -7.063           28.873
  156 (vir)     1          27.822          -0.555          -2.095          -8.687           33.859
  157 (vir)     1          27.947          -1.105          -1.645          -7.718           32.915
  158 (vir)     1          28.080          -4.564          -1.783          -7.760           29.493
  159 (vir)     1          28.517          -3.554          -2.363          -9.201           31.801
  160 (vir)     1          28.643           0.978          -1.836          -8.072           35.857
  161 (vir)     1          29.395          -2.086          -2.080          -8.690           33.919
  162 (vir)     1          29.650           0.867          -1.774          -8.300           37.044
  163 (vir)     1          29.836          -4.777          -1.885          -7.813           30.986
  164 (vir)     1          30.196           2.740          -1.777          -8.073           39.231
  165 (vir)     1          30.828          -5.556          -1.719          -7.959           31.512
  166 (vir)     1          30.829          -5.539          -1.650          -7.693           31.333
  167 (vir)     1          31.264          -5.546          -1.645          -7.841           31.913
  168 (vir)     1          31.496          -9.892          -2.113          -8.846           28.337
  169 (vir)     1          32.294          -5.396          -1.986          -8.345           33.257
  170 (vir)     1          32.719          -6.202          -1.710          -8.108           32.915
  171 (vir)     1          32.793          -7.235          -1.965          -8.659           32.252
  172 (vir)     1          33.668          -8.529          -1.687          -8.231           31.683
  173 (vir)     1          34.467          -6.638          -2.091          -8.839           34.577
  174 (vir)     1          34.633          -6.710          -1.507          -7.833           34.249
  175 (vir)     1          35.037          -6.323          -2.042          -8.976           35.648
  176 (vir)     1          35.414          -8.877          -2.024          -9.265           33.778
  177 (vir)     1          35.585          -6.097          -2.124          -8.908           36.272
  178 (vir)     1          36.612          -7.531          -2.068          -9.493           36.506
  179 (vir)     1          37.161          -7.087          -1.562          -8.026           36.539
  180 (vir)     1          38.066          -8.104          -1.561          -8.435           36.836
  181 (vir)     1          38.286          -7.519          -2.158          -9.681           38.290
  182 (vir)     1          38.365          -9.626          -2.386         -10.387           36.740
  183 (vir)     1          38.682          -9.163          -1.813          -9.022           36.728
  184 (vir)     1          39.460          -8.197          -2.045          -9.614           38.833
  185 (vir)     1          40.081         -10.322          -2.310         -10.154           37.603
  186 (vir)     1          40.300          -9.454          -2.331          -9.864           38.379
  187 (vir)     1          40.628          -9.632          -2.133         -10.089           38.953
  188 (vir)     1          40.820         -10.158          -2.632         -10.638           38.667
  189 (vir)     1          41.447          -9.724          -2.566         -10.849           40.006
  190 (vir)     1          41.957          -9.536          -2.662         -11.012           40.772
  191 (vir)     1          42.693         -10.398          -2.248         -10.103           40.150
  192 (vir)     1          43.340           4.720          -2.280          -9.959           55.739
  193 (vir)     1          43.491          -8.180          -2.611         -10.916           43.617
  194 (vir)     1          44.964         -11.354          -2.377         -10.829           42.062
  195 (vir)     1          45.255         -10.170          -2.242         -10.383           43.226
  196 (vir)     1          46.905         -10.140          -2.478         -10.823           45.111
  197 (vir)     1          47.080           4.627          -2.419         -10.799           60.087
  198 (vir)     1          47.569           4.375          -2.384         -10.851           60.411
  199 (vir)     1          48.327         -11.404          -2.888         -11.688           45.723
  200 (vir)     1          48.876          -8.183          -2.714         -11.601           49.579
  201 (vir)     1          49.286         -12.235          -2.227         -10.731           45.555
  202 (vir)     1          49.437          -9.805          -2.332         -11.083           48.383
  203 (vir)     1          50.792          -8.545          -2.458         -11.414           51.203
  204 (vir)     1          51.507         -12.689          -2.224         -10.928           47.522
  205 (vir)     1          51.681           4.171          -2.338         -11.494           65.008
  206 (vir)     1          51.934          -9.654          -2.590         -11.684           51.374
  207 (vir)     1          51.964         -10.099          -2.735         -11.945           51.074
  208 (vir)     1          52.687           4.752          -2.440         -11.489           66.489
  209 (vir)     1          52.998           4.182          -2.269         -11.196           66.107
  210 (vir)     1          53.920          -9.759          -2.571         -11.941           53.531
  211 (vir)     1          53.926           4.409          -2.390         -11.341           67.287
  212 (vir)     1          54.262          -9.653          -2.707         -12.113           54.015
  213 (vir)     1          54.581          -1.788          -2.443         -11.399           61.749
  214 (vir)     1          55.666           3.888          -2.267         -11.628           68.914
  215 (vir)     1          56.662           4.953          -2.652         -12.654           71.617
  216 (vir)     1          57.149           5.082          -2.418         -12.002           71.815
  217 (vir)     1          57.513           4.424          -2.641         -12.492           71.789
  218 (vir)     1          57.812           1.898          -2.526         -12.223           69.407
  219 (vir)     1          59.244           5.074          -2.660         -12.621           74.279
  220 (vir)     1          59.438           4.902          -2.649         -12.751           74.443
  221 (vir)     1          59.496           4.554          -2.601         -12.584           74.033
  222 (vir)     1          59.824           4.320          -2.708         -12.951           74.387
  223 (vir)     1          60.665           4.110          -1.970         -11.276           74.080
  224 (vir)     1          61.013           4.593          -2.597         -12.657           75.666
  225 (vir)     1          61.501           4.744          -2.592         -12.766           76.418
  226 (vir)     1          61.533           4.796          -2.486         -12.566           76.409
  227 (vir)     1          61.985           4.805          -2.527         -12.719           76.982
  228 (vir)     1          63.284           4.795          -2.626         -13.211           78.665
  229 (vir)     1          63.496           4.002          -2.573         -12.855           77.779
  230 (vir)     1          63.822           4.755          -2.688         -13.225           79.114
  231 (vir)     1          64.052           3.850          -2.425         -12.822           78.299
  232 (vir)     1          64.514           4.310          -2.555         -13.132           79.400
  233 (vir)     1          65.352           4.232          -2.642         -13.466           80.408
  234 (vir)     1          65.494           4.558          -2.466         -12.918           80.504
  235 (vir)     1          65.700           4.557          -2.372         -12.635           80.520
  236 (vir)     1          66.884           3.751          -2.516         -12.942           81.061
  237 (vir)     1          66.980           3.931          -2.293         -12.675           81.292
  238 (vir)     1          67.620           3.338          -2.503         -13.554           82.008
  239 (vir)     1          67.719           3.912          -2.784         -14.248           83.095
  240 (vir)     1          68.145           4.227          -2.069         -12.360           82.663
  241 (vir)     1          68.934           4.253          -2.602         -13.860           84.444
  242 (vir)     1          69.159           3.873          -2.166         -12.601           83.467
  243 (vir)     1          69.828           3.566          -2.433         -13.429           84.390
  244 (vir)     1          70.182           4.057          -2.080         -12.767           84.926
  245 (vir)     1          70.390           3.627          -2.137         -12.858           84.737
  246 (vir)     1          70.767           4.211          -2.197         -13.272           86.052
  247 (vir)     1          71.881           4.295          -2.127         -13.189           87.238
  248 (vir)     1          71.982           3.914          -2.454         -13.630           87.071
  249 (vir)     1          72.342           3.753          -2.071         -12.768           86.792
  250 (vir)     1          72.666           4.868          -1.942         -13.058           88.650
  251 (vir)     1          73.121           3.790          -2.338         -13.179           87.752
  252 (vir)     1          73.122           3.519          -2.077         -12.834           87.397
  253 (vir)     1          73.484           4.060          -2.008         -12.894           88.431
  254 (vir)     1          74.331           4.193          -2.127         -13.336           89.732
  255 (vir)     1          74.712           4.218          -1.949         -12.789           89.771
  256 (vir)     1          74.954           3.773          -2.166         -13.051           89.611
  257 (vir)     1          75.050           3.934          -2.096         -13.230           90.118
  258 (vir)     1          75.636           3.723          -2.161         -12.937           90.134
  259 (vir)     1          75.964           3.535          -2.307         -13.407           90.600
  260 (vir)     1          76.332           3.650          -2.212         -13.209           90.980
  261 (vir)     1          77.108           3.797          -2.142         -13.127           91.890
  262 (vir)     1          78.105           3.492          -2.056         -13.065           92.606
  263 (vir)     1          78.151           3.434          -2.152         -13.283           92.716
  264 (vir)     1          78.197           4.052          -2.131         -13.426           93.544
  265 (vir)     1          78.913           3.435          -1.975         -12.904           93.277
  266 (vir)     1          79.320           3.420          -2.014         -13.087           93.813
  267 (vir)     1          80.463           2.877          -2.089         -12.914           94.165
  268 (vir)     1          80.621           3.009          -1.937         -12.448           94.141
  269 (vir)     1          81.996           3.318          -2.103         -13.222           96.433
  270 (vir)     1          82.509           3.458          -2.299         -13.865           97.532
  271 (vir)     1          83.019           3.450          -2.232         -13.706           97.944
  272 (vir)     1          83.906           3.148          -2.176         -13.589           98.466
  273 (vir)     1          85.863           2.959          -1.949         -13.050           99.923
  274 (vir)     1          86.971           2.886          -1.985         -12.990          100.861
  275 (vir)     1          87.645           2.740          -2.222         -13.799          101.961
  276 (vir)     1          88.987           3.099          -2.063         -13.532          103.556
  277 (vir)     1          89.710           2.575          -1.899         -13.313          103.700
  278 (vir)     1          89.876           2.977          -2.741         -15.313          105.425
  279 (vir)     1          92.198           2.739          -2.503         -14.793          107.227
  280 (vir)     1          92.239           2.801          -2.474         -14.751          107.317
  281 (vir)     1          92.914           2.469          -2.327         -14.290          107.346
  282 (vir)     1          93.690           2.479          -2.368         -14.342          108.144
  283 (vir)     1          94.151           2.406          -1.989         -13.679          108.248
  284 (vir)     1          96.336           2.037          -1.880         -13.333          109.826
  285 (vir)     1          98.686           1.724          -1.658         -12.653          111.405
  286 (vir)     1          99.735           1.955          -1.659         -12.664          112.695
  287 (vir)     1         101.248           2.476          -2.365         -15.043          116.401
  288 (vir)     1         101.802           2.382          -2.195         -14.612          116.601
  289 (vir)     1         103.516           2.766          -2.162         -14.636          118.756
  290 (vir)     1         104.401           2.481          -2.134         -14.701          119.450
  291 (vir)     1         106.745           2.275          -1.912         -14.102          121.209
  292 (vir)     1         106.775           2.337          -2.021         -14.401          121.492
  293 (vir)     1         108.065           1.379          -1.768         -13.727          121.403
  294 (vir)     1         110.844           2.083          -1.948         -14.223          125.202
  295 (vir)     1         113.457           2.040          -1.942         -14.228          127.783
  296 (vir)     1         114.397           1.990          -1.862         -14.290          128.815
  297 (vir)     1         115.626           1.505          -1.615         -13.810          129.326
  298 (vir)     1         118.356           2.019          -1.904         -14.469          132.941
  299 (vir)     1         121.061           1.706          -1.763         -14.116          135.119
  300 (vir)     1         127.466           1.141          -2.023         -15.957          142.541
  301 (vir)     1         129.614           1.674          -1.770         -14.534          144.052
  302 (vir)     1         130.248           1.745          -1.729         -14.391          144.655
  303 (vir)     1         135.139           1.741          -2.008         -15.699          150.571
  304 (vir)     1         156.708           2.571          -1.728         -15.889          173.440
  305 (vir)     1         162.460           2.709          -1.688         -15.931          179.412
  306 (vir)     1         162.519           2.683          -1.722         -16.086          179.566
  307 (vir)     1         163.424           2.577          -1.659         -15.869          180.211
  308 (vir)     1         163.724           2.520          -1.640         -15.821          180.425
  309 (vir)     1         164.820           2.698          -1.651         -15.904          181.770
  310 (vir)     1         165.403           2.599          -1.644         -15.827          182.185
  311 (vir)     1         165.800           2.735          -1.671         -16.010          182.875
  312 (vir)     1         166.569           2.604          -1.608         -15.854          183.419
  313 (vir)     1         166.690           2.629          -1.582         -15.699          183.436
  314 (vir)     1         182.272           0.989          -1.292         -15.637          197.606
  315 (vir)     1         212.046           8.917          -0.869         -12.587          232.681
  316 (vir)     1         239.321          -6.126          -0.867         -13.309          245.636
  317 (vir)     1         240.535          -5.598          -0.802         -13.344          247.480
  318 (vir)     1         241.918          -5.034          -0.808         -13.406          249.481
  319 (vir)     1         242.162          -4.321          -0.767         -13.461          250.535
  320 (vir)     1         244.353          -3.503          -0.818         -13.590          253.622
  321 (vir)     1         244.774          -2.438          -0.821         -13.613          255.128
  322 (vir)     1         246.614          -1.188          -0.794         -13.588          258.220
 
