 
  kpoint:       1             coordinate:     0.0000    0.0000    0.0000                  spin:  1
 
    n           k   ϵ_nk^DFT (eV)     Σ^c_nk (eV)     Σ^x_nk (eV)    v_nk^xc (eV)   ϵ_nk^G0W0 (eV)
 
    1 (occ)     1         -26.016           8.865         -28.069         -17.186          -28.034
    2 (occ)     1         -24.483           8.469         -27.784         -17.191          -26.607
    3 (occ)     1         -23.416           7.980         -27.703         -17.382          -25.757
    4 (occ)     1         -22.217           7.437         -27.654         -17.730          -24.704
    5 (occ)     1         -21.394           7.381         -27.659         -17.943          -23.729
    6 (occ)     1         -18.985           5.941         -25.134         -16.490          -21.687
    7 (occ)     1         -16.590           4.391         -23.896         -16.597          -19.498
    8 (occ)     1         -16.150           4.369         -23.830         -16.569          -19.042
    9 (occ)     1         -15.652           4.027         -23.691         -16.765          -18.552
   10 (occ)     1         -14.457           3.398         -22.951         -16.590          -17.420
   11 (occ)     1         -13.714           3.000         -22.750         -16.695          -16.770
   12 (occ)     1         -12.740           2.785         -22.321         -16.474          -15.801
   13 (occ)     1         -12.362           2.720         -23.099         -17.505          -15.237
   14 (occ)     1         -11.552           3.766         -19.789         -14.306          -13.269
   15 (occ)     1         -11.266           2.464         -21.960         -16.591          -14.171
   16 (occ)     1         -10.830           2.320         -21.992         -16.760          -13.741
   17 (occ)     1         -10.198           2.292         -21.491         -16.182          -13.215
   18 (occ)     1          -9.968           3.066         -19.580         -14.695          -11.786
   19 (occ)     1          -8.839           2.459         -19.168         -14.770          -10.778
   20 (occ)     1          -7.536           3.149         -22.023         -16.410          -10.001
   21 (occ)     1          -7.293           1.761         -19.704         -15.809           -9.427
   22 (occ)     1          -6.697           2.672         -21.739         -16.592           -9.173
   23 (occ)     1          -6.673           0.938         -18.073         -15.062           -8.746
   24 (occ)     1          -5.845           2.440         -21.594         -16.688           -8.312
   25 (occ)     1          -5.526           0.477         -17.681         -15.107           -7.623
   26 (vir)     1          -1.700          -2.455          -9.145         -14.073            0.772
   27 (vir)     1          -1.014          -2.777          -9.088         -14.359            1.480
   28 (vir)     1          -0.572          -1.031          -1.504          -4.016            0.908
   29 (vir)     1          -0.349          -1.034          -1.735          -4.257            1.139
   30 (vir)     1          -0.292          -3.137          -8.297         -13.826            2.100
   31 (vir)     1           0.182          -0.768          -0.965          -2.948            1.396
   32 (vir)     1           0.464          -0.827          -1.008          -3.107            1.735
   33 (vir)     1           0.497          -0.883          -1.188          -3.391            1.817
   34 (vir)     1           0.537          -0.621          -0.575          -2.216            1.556
   35 (vir)     1           0.876          -0.783          -0.979          -3.007            2.121
   36 (vir)     1           1.148          -0.569          -0.710          -2.249            2.118
   37 (vir)     1           1.372          -0.538          -0.533          -2.016            2.317
   38 (vir)     1           1.421          -0.712          -0.831          -2.706            2.586
   39 (vir)     1           1.536          -0.726          -0.874          -2.777            2.713
   40 (vir)     1           1.867          -0.800          -0.846          -2.849            3.069
   41 (vir)     1           2.068          -0.883          -1.071          -3.066            3.180
   42 (vir)     1           2.241          -0.757          -0.882          -2.811            3.412
   43 (vir)     1           2.259          -0.635          -0.633          -2.280            3.270
   44 (vir)     1           2.279          -0.990          -1.373          -3.740            3.656
   45 (vir)     1           2.547          -0.911          -1.319          -3.514            3.830
   46 (vir)     1           2.709          -0.597          -0.517          -2.101            3.695
   47 (vir)     1           2.889          -0.791          -0.974          -2.912            4.036
   48 (vir)     1           3.075          -1.180          -1.930          -4.485            4.450
   49 (vir)     1           3.158          -4.550          -6.189         -12.439            4.858
   50 (vir)     1           3.209          -1.782          -2.992          -6.395            4.830
   51 (vir)     1           3.505          -1.233          -1.868          -4.524            4.928
   52 (vir)     1           3.567          -0.632          -0.583          -2.251            4.604
   53 (vir)     1           3.631          -1.169          -1.728          -4.306            5.040
   54 (vir)     1           3.693          -0.809          -0.994          -2.943            4.833
   55 (vir)     1           3.860          -0.839          -1.013          -3.126            5.134
   56 (vir)     1           3.985          -1.287          -1.992          -4.827            5.532
   57 (vir)     1           4.017          -0.720          -0.742          -2.588            5.144
   58 (vir)     1           4.151          -1.962          -3.962          -7.950            6.177
   59 (vir)     1           4.192          -0.632          -0.509          -2.175            5.225
   60 (vir)     1           4.399          -1.163          -1.548          -4.103            5.791
   61 (vir)     1           4.577          -1.185          -1.666          -4.278            6.004
   62 (vir)     1           4.811          -1.194          -1.722          -4.358            6.252
   63 (vir)     1           4.873          -0.581          -0.411          -2.043            5.925
   64 (vir)     1           5.025          -1.776          -2.702          -6.239            6.787
   65 (vir)     1           5.201          -1.257          -1.905          -4.699            6.739
   66 (vir)     1           5.529          -1.326          -1.240          -4.109            7.071
   67 (vir)     1           5.541          -0.982          -1.107          -3.439            6.891
   68 (vir)     1           5.664          -1.564          -2.485          -5.834            7.449
   69 (vir)     1           5.824          -2.171          -3.629          -7.937            7.961
   70 (vir)     1           6.172          -1.654          -2.282          -5.744            7.980
   71 (vir)     1           6.273          -1.288          -1.424          -4.335            7.896
   72 (vir)     1           6.293          -1.280          -1.409          -4.258            7.862
   73 (vir)     1           6.527          -1.295          -1.147          -4.003            8.087
   74 (vir)     1           6.814          -1.440          -1.265          -4.394            8.503
   75 (vir)     1           6.917          -1.819          -2.584          -6.299            8.812
   76 (vir)     1           7.055          -3.333          -5.403         -11.314            9.633
   77 (vir)     1           7.538          -2.103          -2.851          -6.852            9.436
   78 (vir)     1           7.664          -2.075          -2.801          -6.780            9.568
   79 (vir)     1           7.767          -1.409          -1.121          -4.028            9.265
   80 (vir)     1           8.083          -2.400          -3.180          -7.663           10.166
   81 (vir)     1           8.172          -2.265          -2.166          -6.201            9.942
   82 (vir)     1           8.311          -2.977          -4.069          -9.251           10.516
   83 (vir)     1           8.493          -2.551          -3.766          -8.451           10.627
   84 (vir)     1           8.619          -1.813          -2.129          -5.709           10.386
   85 (vir)     1           8.787          -1.101          -0.735          -3.265           10.216
   86 (vir)     1           9.003          -3.836          -5.766         -12.189           11.590
   87 (vir)     1           9.475          -1.838          -1.403          -4.722           10.957
   88 (vir)     1           9.630          -2.521          -2.907          -7.584           11.785
   89 (vir)     1           9.783          -1.755          -1.460          -4.858           11.426
   90 (vir)     1          10.075          -2.648          -3.019          -7.783           12.190
   91 (vir)     1          10.128          -2.472          -2.887          -7.579           12.348
   92 (vir)     1          10.446          -2.578          -2.529          -7.149           12.489
   93 (vir)     1          10.546          -2.381          -2.178          -6.379           12.366
   94 (vir)     1          10.571          -2.218          -2.405          -6.572           12.520
   95 (vir)     1          11.045          -2.397          -2.612          -7.020           13.055
   96 (vir)     1          11.233          -1.808          -1.598          -5.262           13.090
   97 (vir)     1          11.399          -2.894          -1.447          -5.170           12.229
   98 (vir)     1          11.972          -2.406          -2.447          -6.970           14.089
   99 (vir)     1          12.218          -2.787          -2.603          -7.423           14.251
  100 (vir)     1          12.329          -2.792          -2.149          -6.663           14.051
  101 (vir)     1          12.675          -3.766          -1.876          -6.733           13.767
  102 (vir)     1          12.982          -2.977          -2.022          -6.709           14.693
  103 (vir)     1          13.018          -2.810          -2.673          -7.762           15.297
  104 (vir)     1          13.107          -2.717          -2.298          -7.023           15.114
  105 (vir)     1          13.257          -4.599          -1.861          -6.450           13.248
  106 (vir)     1          13.572          -2.701          -2.256          -7.094           15.708
  107 (vir)     1          13.823          -3.894          -3.912         -10.219           16.235
  108 (vir)     1          14.170          -3.361          -3.169          -8.699           16.340
  109 (vir)     1          14.435          -4.276          -3.853         -10.612           16.917
  110 (vir)     1          14.522          -3.017          -2.735          -8.016           16.786
  111 (vir)     1          14.832          -3.658          -3.313          -9.299           17.161
  112 (vir)     1          15.243          -3.616          -3.042          -9.016           17.601
  113 (vir)     1          15.449          -3.496          -3.044          -8.964           17.872
  114 (vir)     1          15.625          -4.530          -1.806          -6.752           16.042
  115 (vir)     1          15.790          -2.767          -1.880          -6.809           17.952
  116 (vir)     1          15.890          -4.835          -4.242         -11.755           18.567
  117 (vir)     1          16.589          -3.375          -2.719          -8.432           18.927
  118 (vir)     1          16.864          -3.825          -1.779          -6.686           17.946
  119 (vir)     1          16.927          -3.895          -1.581          -6.265           17.716
  120 (vir)     1          17.132          -3.268          -2.301          -7.771           19.333
  121 (vir)     1          17.479          -3.535          -2.971          -8.856           19.830
  122 (vir)     1          18.239          -3.156          -2.174          -7.450           20.360
  123 (vir)     1          18.308          -4.393          -2.145          -7.659           19.428
  124 (vir)     1          18.652          -3.117          -1.960          -7.211           20.787
  125 (vir)     1          18.873          -4.049          -2.043          -7.570           20.351
  126 (vir)     1          19.418          -5.656          -1.933          -7.476           19.304
  127 (vir)     1          19.456          -2.768          -1.790          -6.539           21.438
  128 (vir)     1          19.938          -3.445          -2.160          -7.763           22.096
  129 (vir)     1          20.087          -4.166          -2.052          -7.596           21.464
  130 (vir)     1          20.280          -3.234          -1.956          -7.168           22.258
  131 (vir)     1          20.374          -3.246          -1.917          -7.098           22.308
  132 (vir)     1          20.510          -3.276          -2.076          -7.636           22.794
  133 (vir)     1          20.715          -4.963          -2.187          -8.164           21.728
  134 (vir)     1          21.094          -3.772          -2.088          -8.037           23.271
  135 (vir)     1          21.495          -1.743          -1.979          -7.788           25.562
  136 (vir)     1          21.603          -3.476          -2.379          -8.049           23.796
  137 (vir)     1          21.829          -4.973          -1.790          -7.636           22.701
  138 (vir)     1          21.892          -4.011          -2.497          -8.747           24.130
  139 (vir)     1          22.328          -4.134          -2.618          -9.050           24.626
  140 (vir)     1          22.878          -3.964          -2.505          -8.690           25.099
  141 (vir)     1          23.665          -3.901          -2.029          -8.175           25.910
  142 (vir)     1          23.707          -4.612          -2.130          -8.051           25.017
  143 (vir)     1          24.099          -3.667          -1.614          -7.042           25.859
  144 (vir)     1          24.351          -5.078          -1.553          -7.006           24.727
  145 (vir)     1          24.624          -3.989          -2.068          -8.158           26.726
  146 (vir)     1          25.266          -4.266          -2.449          -8.805           27.357
  147 (vir)     1          25.328          -4.996          -2.080          -8.190           26.441
  148 (vir)     1          25.599          -4.240          -2.176          -8.260           27.444
  149 (vir)     1          26.141          -6.417          -2.469          -8.975           26.231
  150 (vir)     1          26.710          -4.840          -2.013          -8.293           28.151
  151 (vir)     1          26.733          -4.857          -2.007          -8.284           28.153
  152 (vir)     1          27.063          -6.026          -2.427          -8.993           27.603
  153 (vir)     1          27.127          -4.664          -2.190          -8.451           28.725
  154 (vir)     1          27.359          -4.242          -2.091          -8.400           29.425
  155 (vir)     1          27.787          -4.200          -1.938          -8.000           29.649
  156 (vir)     1          28.205          -2.335          -2.238          -8.825           32.457
  157 (vir)     1          28.861          -4.982          -2.144          -8.393           30.129
  158 (vir)     1          28.986          -7.412          -2.545          -9.087           28.116
  159 (vir)     1          29.374          -4.783          -2.312          -8.864           31.144
  160 (vir)     1          29.524          -4.590          -1.954          -8.460           31.441
  161 (vir)     1          30.250          -0.894          -2.720          -9.851           36.487
  162 (vir)     1          30.848          -4.755          -2.210          -8.757           32.640
  163 (vir)     1          31.712          -5.080          -2.339          -9.161           33.454
  164 (vir)     1          32.968          -5.180          -2.004          -8.532           34.317
  165 (vir)     1          33.093          -5.106          -2.354          -9.276           34.910
  166 (vir)     1          33.894           0.395          -2.290          -9.242           41.241
  167 (vir)     1          34.750          -5.983          -2.656         -10.125           36.237
  168 (vir)     1          35.109          -7.017          -2.524          -9.789           35.357
  169 (vir)     1          35.577          -7.528          -2.631          -9.993           35.411
  170 (vir)     1          37.007          -7.203          -3.172         -11.420           38.051
  171 (vir)     1          37.468          -7.685          -3.513         -11.594           37.864
  172 (vir)     1          37.898          -6.514          -2.504          -9.876           38.756
  173 (vir)     1          38.280          -7.164          -2.602         -10.347           38.860
  174 (vir)     1          38.684         -11.649          -3.120         -11.643           35.558
  175 (vir)     1          39.075         -10.131          -3.167         -11.594           37.372
  176 (vir)     1          39.239          -8.437          -2.638         -10.660           38.824
  177 (vir)     1          39.611          -8.088          -3.013         -11.191           39.701
  178 (vir)     1          40.755          -8.475          -2.870         -11.057           40.466
  179 (vir)     1          40.910         -11.776          -3.203         -11.583           37.513
  180 (vir)     1          41.160          -8.219          -3.130         -11.352           41.163
  181 (vir)     1          42.722          -9.257          -3.298         -12.462           42.629
  182 (vir)     1          42.801           3.860          -3.344         -12.572           55.889
  183 (vir)     1          43.160          -9.625          -2.713         -11.100           41.921
  184 (vir)     1          43.923          -9.494          -3.049         -11.699           43.080
  185 (vir)     1          44.231           4.274          -3.244         -12.267           57.529
  186 (vir)     1          44.575         -10.916          -3.438         -12.784           43.006
  187 (vir)     1          45.337          -9.866          -2.786         -11.499           44.184
  188 (vir)     1          45.618         -10.687          -2.682         -11.160           43.408
  189 (vir)     1          45.823           5.717          -3.286         -12.563           60.818
  190 (vir)     1          46.413         -12.185          -3.333         -12.525           43.421
  191 (vir)     1          46.765         -11.832          -3.476         -13.150           44.606
  192 (vir)     1          47.320         -11.412          -3.369         -12.766           45.304
  193 (vir)     1          48.104         -11.623          -2.879         -12.109           45.711
  194 (vir)     1          48.974         -12.455          -3.534         -13.554           46.539
  195 (vir)     1          49.308           4.653          -2.837         -12.205           63.328
  196 (vir)     1          49.675           4.069          -2.938         -12.703           63.509
  197 (vir)     1          50.573         -12.166          -3.222         -12.961           48.145
  198 (vir)     1          50.896          -5.441          -3.206         -13.328           55.577
  199 (vir)     1          51.621          -5.073          -3.728         -13.870           56.691
  200 (vir)     1          51.820           4.728          -3.263         -13.269           66.554
  201 (vir)     1          52.008           4.890          -2.911         -12.408           66.395
  202 (vir)     1          52.337          -4.174          -3.024         -12.780           57.918
  203 (vir)     1          52.639           5.150          -3.317         -13.691           68.163
  204 (vir)     1          53.162          -2.030          -3.701         -14.262           61.692
  205 (vir)     1          53.435          -0.587          -2.830         -12.534           62.552
  206 (vir)     1          54.402           4.665          -2.842         -12.650           68.875
  207 (vir)     1          54.502         -10.596          -2.776         -12.743           53.873
  208 (vir)     1          55.558           4.900          -2.738         -12.367           70.087
  209 (vir)     1          55.714         -12.084          -2.895         -12.837           53.572
  210 (vir)     1          55.806           0.395          -2.962         -12.950           66.188
  211 (vir)     1          56.441           3.027          -3.114         -13.276           69.631
  212 (vir)     1          56.909           4.524          -3.193         -13.622           71.863
  213 (vir)     1          57.266           5.393          -3.191         -13.698           73.166
  214 (vir)     1          58.194           4.596          -2.851         -13.138           73.078
  215 (vir)     1          58.244           5.116          -2.829         -13.030           73.562
  216 (vir)     1          58.460           4.567          -2.804         -13.018           73.241
  217 (vir)     1          58.597           4.478          -2.821         -13.126           73.380
  218 (vir)     1          59.055         -11.101          -2.798         -13.168           58.324
  219 (vir)     1          59.185         -10.608          -3.035         -13.397           58.938
  220 (vir)     1          59.638           3.046          -2.957         -13.418           73.145
  221 (vir)     1          60.158           3.788          -2.677         -13.139           74.409
  222 (vir)     1          60.468         -11.886          -2.929         -13.457           59.110
  223 (vir)     1          60.688           5.369          -3.107         -13.917           76.867
  224 (vir)     1          61.217           0.951          -3.109         -13.735           72.795
  225 (vir)     1          61.374           4.116          -2.809         -13.162           75.844
  226 (vir)     1          62.017           1.778          -2.837         -13.371           74.329
  227 (vir)     1          62.256           4.616          -2.754         -13.309           77.426
  228 (vir)     1          62.817           4.219          -2.614         -13.654           78.076
  229 (vir)     1          63.066           4.973          -2.906         -13.978           79.111
  230 (vir)     1          64.086           5.214          -2.623         -13.327           80.005
  231 (vir)     1          64.219           4.630          -2.519         -13.087           79.417
  232 (vir)     1          64.897           2.819          -2.782         -13.560           78.495
  233 (vir)     1          65.062           3.951          -2.574         -13.160           79.599
  234 (vir)     1          65.299           3.940          -2.608         -13.401           80.032
  235 (vir)     1          65.385           3.505          -2.420         -13.127           79.596
  236 (vir)     1          65.636           4.975          -2.922         -13.970           81.658
  237 (vir)     1          66.697           5.502          -2.700         -13.622           83.122
  238 (vir)     1          66.915           4.601          -2.492         -13.084           82.109
  239 (vir)     1          67.709           4.702          -2.651         -13.814           83.574
  240 (vir)     1          67.757           4.092          -2.405         -13.351           82.795
  241 (vir)     1          68.132           3.589          -2.463         -13.687           82.946
  242 (vir)     1          68.747           4.072          -2.432         -13.120           83.508
  243 (vir)     1          69.022           5.886          -2.666         -13.550           85.792
  244 (vir)     1          70.241           4.783          -2.618         -13.682           86.088
  245 (vir)     1          71.307           3.670          -2.157         -13.198           86.018
  246 (vir)     1          71.391           4.952          -2.399         -13.453           87.397
  247 (vir)     1          71.876           4.966          -2.669         -13.974           88.148
  248 (vir)     1          72.136           3.917          -2.267         -13.555           87.342
  249 (vir)     1          72.943           4.205          -2.537         -13.708           88.319
  250 (vir)     1          73.350           5.329          -2.820         -14.570           90.429
  251 (vir)     1          73.808           4.183          -2.297         -13.682           89.376
  252 (vir)     1          74.352           4.932          -2.746         -14.358           90.896
  253 (vir)     1          74.739           4.699          -2.185         -13.506           90.758
  254 (vir)     1          75.154           4.176          -2.493         -13.938           90.775
  255 (vir)     1          75.567           4.533          -2.199         -13.469           91.370
  256 (vir)     1          75.754           4.958          -2.815         -14.659           92.556
  257 (vir)     1          76.660           4.884          -2.208         -13.974           93.309
  258 (vir)     1          76.973           4.980          -2.534         -14.155           93.574
  259 (vir)     1          77.307           4.486          -2.954         -15.235           94.075
  260 (vir)     1          77.489           5.374          -2.408         -14.215           94.670
  261 (vir)     1          78.086           4.569          -2.472         -14.078           94.261
  262 (vir)     1          78.171           4.391          -2.572         -14.423           94.413
  263 (vir)     1          79.131           4.978          -2.542         -14.301           95.867
  264 (vir)     1          79.585           4.695          -2.479         -14.515           96.316
  265 (vir)     1          80.444           4.909          -2.537         -14.614           97.430
  266 (vir)     1          81.453           3.835          -2.519         -14.530           97.298
  267 (vir)     1          81.822           3.913          -2.626         -14.822           97.931
  268 (vir)     1          81.925           3.886          -2.574         -14.439           97.676
  269 (vir)     1          82.429           4.412          -2.632         -14.612           98.821
  270 (vir)     1          82.826           3.868          -2.460         -14.595           98.829
  271 (vir)     1          82.937           4.658          -2.944         -15.563          100.214
  272 (vir)     1          83.399           3.941          -2.458         -14.646           99.528
  273 (vir)     1          84.185           5.129          -2.617         -15.160          101.857
  274 (vir)     1          85.167           4.301          -2.388         -14.438          101.518
  275 (vir)     1          85.382           4.149          -2.446         -14.902          101.987
  276 (vir)     1          85.917           3.390          -2.197         -14.123          101.232
  277 (vir)     1          86.008           4.736          -2.449         -15.128          103.425
  278 (vir)     1          86.061           4.134          -2.443         -14.678          102.430
  279 (vir)     1          86.835           3.863          -2.372         -14.157          102.482
  280 (vir)     1          87.328           4.126          -2.432         -14.906          103.927
  281 (vir)     1          87.599           4.415          -2.496         -14.915          104.432
  282 (vir)     1          89.007           4.625          -2.661         -15.552          106.522
  283 (vir)     1          89.286           3.957          -2.591         -15.686          106.339
  284 (vir)     1          90.047           3.701          -2.284         -14.452          105.915
  285 (vir)     1          90.957           3.931          -2.529         -15.409          107.769
  286 (vir)     1          91.184           3.487          -2.522         -15.525          107.674
  287 (vir)     1          91.523           3.254          -2.613         -15.001          107.165
  288 (vir)     1          92.421           3.438          -2.562         -15.486          108.783
  289 (vir)     1          93.022           3.667          -2.502         -15.243          109.429
  290 (vir)     1          93.925           4.232          -2.459         -15.157          110.855
  291 (vir)     1          96.080           3.863          -2.402         -15.149          112.691
  292 (vir)     1          96.662           3.128          -2.404         -15.450          112.836
  293 (vir)     1          97.245           3.562          -2.443         -15.835          114.199
  294 (vir)     1          97.413           3.810          -2.542         -15.446          114.126
  295 (vir)     1          97.997           3.660          -2.265         -14.857          114.249
  296 (vir)     1          98.479           3.442          -2.391         -15.061          114.591
  297 (vir)     1          99.430           2.480          -1.749         -13.237          113.399
  298 (vir)     1         100.059           3.102          -2.145         -14.461          115.477
  299 (vir)     1         101.544           2.799          -2.173         -14.572          116.741
  300 (vir)     1         101.759           3.558          -2.545         -15.625          118.396
  301 (vir)     1         103.681           3.454          -2.398         -15.426          120.162
  302 (vir)     1         105.782           3.272          -2.449         -15.853          122.458
  303 (vir)     1         106.323           3.297          -2.044         -14.437          122.014
  304 (vir)     1         109.388           2.946          -2.654         -16.599          126.279
  305 (vir)     1         110.078           2.838          -2.285         -15.375          126.006
  306 (vir)     1         113.429           2.622          -2.281         -15.589          129.359
  307 (vir)     1         116.878           2.896          -2.306         -16.117          133.586
  308 (vir)     1         117.822           3.316          -2.576         -16.854          135.416
  309 (vir)     1         120.067           2.388          -2.498         -16.622          136.578
  310 (vir)     1         121.051           2.657          -2.487         -16.594          137.815
  311 (vir)     1         122.211           2.688          -2.378         -16.445          138.966
  312 (vir)     1         122.642           2.862          -2.217         -15.970          139.258
  313 (vir)     1         126.960           2.246          -2.373         -16.506          143.339
  314 (vir)     1         130.034           2.719          -2.504         -17.042          147.292
  315 (vir)     1         131.753           2.749          -2.680         -17.750          149.572
  316 (vir)     1         133.062           2.189          -2.489         -17.176          149.937
  317 (vir)     1         137.534           2.253          -2.343         -16.873          154.317
  318 (vir)     1         138.222           2.626          -2.192         -16.496          155.151
  319 (vir)     1         140.885           2.650          -2.231         -16.874          158.178
  320 (vir)     1         143.111           2.393          -2.068         -16.409          159.845
  321 (vir)     1         153.910           2.798          -1.733         -15.876          170.851
  322 (vir)     1         161.987           2.924          -1.520         -15.257          178.648
  323 (vir)     1         163.347           2.821          -1.569         -15.605          180.204
  324 (vir)     1         163.935           2.585          -1.631         -15.855          180.744
  325 (vir)     1         167.055           2.728          -1.420         -14.910          183.272
  326 (vir)     1         209.878           4.905          -1.372         -16.249          229.660
  327 (vir)     1         224.491           5.681          -1.438         -17.375          246.109
  328 (vir)     1         228.775           6.064          -1.338         -17.433          250.933
  329 (vir)     1         237.465           6.389          -1.239         -16.874          259.489
  330 (vir)     1         239.707           6.258          -0.868         -14.350          259.446
  331 (vir)     1         240.946           6.571          -0.959         -15.123          261.681
  332 (vir)     1         241.537           6.502          -0.842         -14.150          261.347
  333 (vir)     1         242.539           6.594          -0.802         -13.690          262.022
  334 (vir)     1         243.466           8.309          -0.864         -13.667          264.578
  335 (vir)     1         245.470           6.522          -1.055         -16.256          267.193
 
