 
  kpoint:       1             coordinate:     0.0000    0.0000    0.0000                  spin:  1
 
    n           k   ϵ_nk^DFT (eV)     Σ^c_nk (eV)     Σ^x_nk (eV)    v_nk^xc (eV)   ϵ_nk^G0W0 (eV)
 
    1 (occ)     1         -21.238           7.044         -24.442         -15.403          -23.234
    2 (occ)     1         -19.444           6.037         -23.623         -15.183          -21.847
    3 (occ)     1         -18.325           5.795         -23.635         -15.496          -20.671
    4 (occ)     1         -17.773           5.374         -23.319         -15.382          -20.335
    5 (occ)     1         -15.519           4.320         -22.147         -15.105          -18.242
    6 (occ)     1         -14.826           4.136         -22.008         -15.226          -17.473
    7 (occ)     1         -14.091           3.767         -21.611         -15.137          -16.798
    8 (occ)     1         -12.481           2.703         -20.150         -14.406          -15.522
    9 (occ)     1         -11.394           2.673         -20.455         -15.090          -14.086
   10 (occ)     1         -11.092           1.921         -19.961         -14.493          -14.639
   11 (occ)     1         -10.415           1.598         -19.523         -14.518          -13.823
   12 (occ)     1         -10.224           2.227         -19.817         -14.934          -12.881
   13 (occ)     1         -10.025           2.275         -19.813         -14.925          -12.638
   14 (occ)     1          -9.632           2.356         -18.946         -14.483          -11.739
   15 (occ)     1          -8.962           2.110         -19.009         -14.448          -11.413
   16 (occ)     1          -8.570           2.227         -17.685         -13.516          -10.511
   17 (occ)     1          -8.393           1.755         -19.090         -14.685          -11.043
   18 (occ)     1          -7.909           1.681         -19.218         -14.961          -10.486
   19 (occ)     1          -7.902           1.657         -19.604         -15.480          -10.368
   20 (occ)     1          -6.209           0.529         -15.534         -13.047           -8.167
   21 (occ)     1          -5.987           0.413         -15.592         -13.341           -7.826
   22 (vir)     1          -1.139          -2.775          -7.331         -12.381            1.135
   23 (vir)     1          -1.118          -2.678          -7.228         -12.196            1.172
   24 (vir)     1          -0.357          -1.158          -1.397          -3.822            0.910
   25 (vir)     1          -0.058          -1.005          -1.148          -3.362            1.150
   26 (vir)     1           0.038          -0.943          -0.952          -2.974            1.117
   27 (vir)     1           0.254          -0.914          -0.843          -2.838            1.335
   28 (vir)     1           0.604          -0.895          -0.853          -2.800            1.657
   29 (vir)     1           0.657          -0.860          -0.764          -2.636            1.669
   30 (vir)     1           0.862          -0.992          -0.879          -2.921            1.912
   31 (vir)     1           0.965          -0.753          -0.515          -2.154            1.851
   32 (vir)     1           1.202          -0.795          -0.634          -2.312            2.085
   33 (vir)     1           1.257          -0.984          -0.904          -3.021            2.389
   34 (vir)     1           1.455          -0.885          -0.674          -2.562            2.459
   35 (vir)     1           1.651          -0.943          -0.805          -2.713            2.617
   36 (vir)     1           1.841          -0.704          -0.567          -2.236            2.806
   37 (vir)     1           1.984          -0.752          -0.542          -2.095            2.785
   38 (vir)     1           2.280          -0.881          -0.737          -2.708            3.370
   39 (vir)     1           2.340          -1.052          -0.884          -2.947            3.352
   40 (vir)     1           2.406          -2.877          -3.288          -7.575            3.817
   41 (vir)     1           2.614          -1.207          -1.089          -3.249            3.566
   42 (vir)     1           2.661          -0.819          -0.577          -2.264            3.530
   43 (vir)     1           2.713          -1.095          -1.252          -3.554            3.920
   44 (vir)     1           2.920          -1.429          -1.700          -4.371            4.163
   45 (vir)     1           3.055          -0.887          -0.994          -2.951            4.126
   46 (vir)     1           3.176          -1.255          -1.350          -3.798            4.370
   47 (vir)     1           3.353          -1.015          -1.143          -3.300            4.494
   48 (vir)     1           3.497          -1.031          -0.983          -3.184            4.666
   49 (vir)     1           3.534          -1.163          -1.330          -3.767            4.808
   50 (vir)     1           3.641          -1.065          -1.238          -3.471            4.809
   51 (vir)     1           3.853          -0.970          -0.633          -2.467            4.717
   52 (vir)     1           4.014          -1.515          -1.800          -4.648            5.347
   53 (vir)     1           4.133          -1.360          -1.939          -5.026            5.860
   54 (vir)     1           4.228          -1.852          -2.649          -6.269            5.995
   55 (vir)     1           4.330          -1.461          -1.959          -5.083            5.993
   56 (vir)     1           4.415          -1.570          -1.912          -5.224            6.158
   57 (vir)     1           4.427          -1.656          -2.100          -5.420            6.091
   58 (vir)     1           4.739          -1.332          -2.005          -5.041            6.443
   59 (vir)     1           4.895          -1.942          -2.398          -5.930            6.486
   60 (vir)     1           5.249          -1.881          -2.217          -5.845            6.997
   61 (vir)     1           5.428          -2.081          -2.793          -6.800            7.354
   62 (vir)     1           5.452          -1.542          -1.268          -4.166            6.809
   63 (vir)     1           5.475          -1.419          -1.494          -4.505            7.066
   64 (vir)     1           5.766          -1.345          -1.446          -4.289            7.265
   65 (vir)     1           5.793          -1.449          -1.717          -4.648            7.276
   66 (vir)     1           6.078          -1.537          -1.424          -4.585            7.702
   67 (vir)     1           6.133          -1.909          -2.170          -5.812            7.866
   68 (vir)     1           6.247          -1.858          -2.188          -5.786            7.987
   69 (vir)     1           6.433          -1.646          -1.686          -4.983            8.083
   70 (vir)     1           6.643          -1.416          -1.465          -4.415            8.177
   71 (vir)     1           6.731          -1.670          -1.057          -4.011            8.015
   72 (vir)     1           6.925          -1.465          -1.320          -4.161            8.301
   73 (vir)     1           7.024          -1.455          -1.379          -4.670            8.859
   74 (vir)     1           7.275          -2.456          -2.901          -7.288            9.206
   75 (vir)     1           7.282          -1.943          -2.177          -5.825            8.987
   76 (vir)     1           7.423          -1.816          -1.783          -5.227            9.052
   77 (vir)     1           7.810          -2.484          -2.838          -7.215            9.703
   78 (vir)     1           7.945          -2.096          -1.999          -5.866            9.717
   79 (vir)     1           8.301          -2.247          -2.317          -6.407           10.144
   80 (vir)     1           8.360          -2.687          -2.936          -7.648           10.384
   81 (vir)     1           8.498          -1.901          -1.168          -4.618           10.047
   82 (vir)     1           8.916          -2.477          -1.615          -5.580           10.404
   83 (vir)     1           9.074          -2.583          -2.830          -7.358           11.019
   84 (vir)     1           9.145          -2.003          -1.565          -5.160           10.737
   85 (vir)     1           9.362          -1.944          -1.102          -4.523           10.839
   86 (vir)     1           9.419          -2.266          -1.776          -5.363           10.741
   87 (vir)     1           9.836          -2.094          -1.484          -4.966           11.224
   88 (vir)     1           9.917          -2.853          -2.672          -7.437           11.830
   89 (vir)     1           9.936          -2.414          -1.903          -5.788           11.407
   90 (vir)     1          10.416          -2.336          -1.519          -5.543           12.104
   91 (vir)     1          10.986          -3.317          -2.672          -7.902           12.898
   92 (vir)     1          10.991          -2.219          -1.650          -5.260           12.382
   93 (vir)     1          11.087          -1.712          -0.780          -4.064           12.659
   94 (vir)     1          11.329          -2.548          -1.615          -5.835           13.001
   95 (vir)     1          11.550          -3.653          -3.035          -8.693           13.555
   96 (vir)     1          11.585          -1.988          -1.210          -4.591           12.978
   97 (vir)     1          11.794          -2.635          -1.724          -6.045           13.480
   98 (vir)     1          12.314          -2.701          -1.833          -6.120           13.900
   99 (vir)     1          12.394          -2.704          -1.777          -6.144           14.058
  100 (vir)     1          12.423          -2.803          -2.159          -6.697           14.157
  101 (vir)     1          12.663          -2.636          -1.929          -6.236           14.334
  102 (vir)     1          12.981          -3.256          -1.970          -6.823           14.577
  103 (vir)     1          13.056          -3.233          -2.414          -7.611           15.021
  104 (vir)     1          13.621          -3.080          -2.200          -7.214           15.555
  105 (vir)     1          13.978          -3.768          -2.762          -8.269           15.717
  106 (vir)     1          14.079          -3.250          -2.463          -7.730           16.096
  107 (vir)     1          14.224          -3.188          -1.785          -6.744           15.994
  108 (vir)     1          14.378          -3.184          -1.698          -6.599           16.095
  109 (vir)     1          14.630          -3.922          -2.827          -8.898           16.780
  110 (vir)     1          14.828          -3.617          -1.600          -6.683           16.294
  111 (vir)     1          14.848          -3.598          -2.081          -7.511           16.680
  112 (vir)     1          15.110          -3.391          -2.190          -7.600           17.128
  113 (vir)     1          15.171          -4.479          -3.033          -9.469           17.128
  114 (vir)     1          15.352          -4.245          -3.054          -9.534           17.587
  115 (vir)     1          15.581          -3.800          -2.335          -7.942           17.388
  116 (vir)     1          15.599          -3.806          -1.766          -7.092           17.119
  117 (vir)     1          15.770          -4.991          -3.350         -10.288           17.717
  118 (vir)     1          16.205          -4.082          -2.067          -7.532           17.588
  119 (vir)     1          16.247          -3.348          -1.833          -7.164           18.230
  120 (vir)     1          16.623          -4.104          -2.484          -8.435           18.469
  121 (vir)     1          16.912          -2.821          -1.241          -5.730           18.580
  122 (vir)     1          17.689          -4.809          -2.895          -9.776           19.760
  123 (vir)     1          17.905          -4.041          -2.103          -7.877           19.638
  124 (vir)     1          18.115          -4.060          -2.549          -8.523           20.029
  125 (vir)     1          18.392          -3.929          -1.884          -7.457           20.036
  126 (vir)     1          18.880          -3.603          -1.833          -7.355           20.799
  127 (vir)     1          19.237          -3.732          -1.962          -7.619           21.162
  128 (vir)     1          19.613          -3.235          -1.488          -6.557           21.447
  129 (vir)     1          19.790          -3.851          -1.864          -7.473           21.548
  130 (vir)     1          19.927          -3.798          -1.768          -7.418           21.780
  131 (vir)     1          20.189          -3.806          -1.917          -7.559           22.024
  132 (vir)     1          20.279          -3.406          -1.488          -6.698           22.082
  133 (vir)     1          20.313          -4.708          -2.439          -9.138           22.304
  134 (vir)     1          20.574          -3.322          -1.560          -6.647           22.339
  135 (vir)     1          21.070          -4.351          -1.949          -7.787           22.557
  136 (vir)     1          21.124          -4.293          -2.093          -8.324           23.061
  137 (vir)     1          22.067          -4.192          -1.889          -7.698           23.684
  138 (vir)     1          22.170          -4.282          -1.885          -7.826           23.829
  139 (vir)     1          22.205          -4.246          -1.509          -7.340           23.790
  140 (vir)     1          22.356          -4.268          -1.492          -7.292           23.888
  141 (vir)     1          22.589          -4.276          -1.409          -7.097           24.002
  142 (vir)     1          22.743          -3.656          -1.465          -6.736           24.359
  143 (vir)     1          23.256          -4.332          -1.827          -7.799           24.896
  144 (vir)     1          23.436          -3.970          -1.242          -6.651           24.875
  145 (vir)     1          23.849          -4.883          -1.403          -7.454           25.017
  146 (vir)     1          24.059          -4.272          -1.533          -7.306           25.560
  147 (vir)     1          24.231          -4.717          -1.476          -6.994           25.032
  148 (vir)     1          24.984          -4.477          -1.504          -7.509           26.513
  149 (vir)     1          25.488          -5.293          -1.945          -8.261           26.511
  150 (vir)     1          25.595          -5.056          -1.617          -7.810           26.733
  151 (vir)     1          25.781          -4.549          -2.060          -8.458           27.630
  152 (vir)     1          26.206          -5.116          -1.466          -7.357           26.981
  153 (vir)     1          26.356          -4.321          -1.345          -7.030           27.720
  154 (vir)     1          27.280          -4.830          -1.759          -7.691           28.381
  155 (vir)     1          27.665          -4.510          -1.277          -7.063           28.941
  156 (vir)     1          27.822          -5.536          -1.969          -8.687           29.005
  157 (vir)     1          27.947          -5.212          -1.529          -7.718           28.924
  158 (vir)     1          28.080          -4.648          -1.696          -7.760           29.496
  159 (vir)     1          28.517           3.188          -2.301          -9.201           38.605
  160 (vir)     1          28.643          -5.304          -1.734          -8.072           29.677
  161 (vir)     1          29.395          -6.755          -1.985          -8.690           29.346
  162 (vir)     1          29.650          -5.771          -1.693          -8.300           30.486
  163 (vir)     1          29.836          -5.059          -1.811          -7.813           30.779
  164 (vir)     1          30.196          -5.614          -1.675          -8.073           30.979
  165 (vir)     1          30.828          -5.509          -1.582          -7.959           31.696
  166 (vir)     1          30.829          -5.389          -1.585          -7.693           31.548
  167 (vir)     1          31.264          -5.351          -1.542          -7.841           32.211
  168 (vir)     1          31.496          -6.469          -2.038          -8.846           31.835
  169 (vir)     1          32.294          -5.569          -1.806          -8.345           33.264
  170 (vir)     1          32.719          -5.779          -1.669          -8.108           33.379
  171 (vir)     1          32.793          -6.598          -1.866          -8.659           32.988
  172 (vir)     1          33.668          -6.239          -1.633          -8.231           34.027
  173 (vir)     1          34.467          -6.012          -1.991          -8.839           35.303
  174 (vir)     1          34.633          -5.543          -1.413          -7.833           35.510
  175 (vir)     1          35.037          -6.704          -1.934          -8.976           35.375
  176 (vir)     1          35.414          -6.908          -1.928          -9.265           35.842
  177 (vir)     1          35.585          -6.794          -2.094          -8.908           35.604
  178 (vir)     1          36.612          -7.093          -1.977          -9.493           37.035
  179 (vir)     1          37.161          -6.657          -1.609          -8.026           36.921
  180 (vir)     1          38.066          -6.938          -1.499          -8.435           38.064
  181 (vir)     1          38.286          -7.143          -2.010          -9.681           38.815
  182 (vir)     1          38.365          -8.021          -2.266         -10.387           38.466
  183 (vir)     1          38.682          -7.271          -1.728          -9.022           38.705
  184 (vir)     1          39.460          -7.647          -2.003          -9.614           39.424
  185 (vir)     1          40.081          -8.336          -2.196         -10.154           39.704
  186 (vir)     1          40.300          -7.470          -2.185          -9.864           40.509
  187 (vir)     1          40.628          -8.196          -1.951         -10.089           40.570
  188 (vir)     1          40.820          -9.104          -2.523         -10.638           39.830
  189 (vir)     1          41.447          -9.445          -2.434         -10.849           40.417
  190 (vir)     1          41.957          -9.020          -2.646         -11.012           41.303
  191 (vir)     1          42.693          -8.592          -2.138         -10.103           42.066
  192 (vir)     1          43.340         -10.369          -2.212          -9.959           40.718
  193 (vir)     1          43.491         -10.476          -2.616         -10.916           41.315
  194 (vir)     1          44.964          -9.690          -2.204         -10.829           43.898
  195 (vir)     1          45.255          -9.319          -2.119         -10.383           44.200
  196 (vir)     1          46.905         -10.678          -2.262         -10.823           44.788
  197 (vir)     1          47.080         -10.832          -2.371         -10.799           44.676
  198 (vir)     1          47.569         -11.736          -2.308         -10.851           44.376
  199 (vir)     1          48.327         -11.539          -2.558         -11.688           45.917
  200 (vir)     1          48.876         -12.243          -2.648         -11.601           45.585
  201 (vir)     1          49.286         -11.961          -2.034         -10.731           46.023
  202 (vir)     1          49.437         -12.740          -2.219         -11.083           45.561
  203 (vir)     1          50.792         -11.738          -2.239         -11.414           48.229
  204 (vir)     1          51.507         -12.874          -2.129         -10.928           47.432
  205 (vir)     1          51.681         -12.823          -2.396         -11.494           47.956
  206 (vir)     1          51.934         -13.048          -2.501         -11.684           48.069
  207 (vir)     1          51.964         -13.386          -2.666         -11.945           47.856
  208 (vir)     1          52.687         -13.568          -2.329         -11.489           48.279
  209 (vir)     1          52.998         -13.772          -2.065         -11.196           48.357
  210 (vir)     1          53.920         -14.123          -2.412         -11.941           49.326
  211 (vir)     1          53.926         -14.022          -2.266         -11.341           48.979
  212 (vir)     1          54.262         -13.047          -2.486         -12.113           50.843
  213 (vir)     1          54.581         -13.091          -2.415         -11.399           50.475
  214 (vir)     1          55.666         -12.903          -2.227         -11.628           52.164
  215 (vir)     1          56.662         -11.762          -2.583         -12.654           54.970
  216 (vir)     1          57.149         -11.890          -2.213         -12.002           55.048
  217 (vir)     1          57.513         -10.521          -2.490         -12.492           56.995
  218 (vir)     1          57.812         -10.595          -2.428         -12.223           57.012
  219 (vir)     1          59.244         -10.566          -2.583         -12.621           58.716
  220 (vir)     1          59.438          -9.131          -2.411         -12.751           60.648
  221 (vir)     1          59.496         -10.308          -2.311         -12.584           59.461
  222 (vir)     1          59.824           7.649          -2.531         -12.951           77.894
  223 (vir)     1          60.665          -6.877          -1.910         -11.276           63.154
  224 (vir)     1          61.013         -10.192          -2.523         -12.657           60.955
  225 (vir)     1          61.501           7.948          -2.435         -12.766           79.780
  226 (vir)     1          61.533          -4.146          -2.447         -12.566           67.506
  227 (vir)     1          61.985           8.196          -2.386         -12.719           80.513
  228 (vir)     1          63.284          -1.546          -2.503         -13.211           72.447
  229 (vir)     1          63.496           0.291          -2.411         -12.855           74.230
  230 (vir)     1          63.822           6.917          -2.390         -13.225           81.574
  231 (vir)     1          64.052           0.221          -2.275         -12.822           74.819
  232 (vir)     1          64.514           7.912          -2.409         -13.132           83.148
  233 (vir)     1          65.352           8.232          -2.550         -13.466           84.499
  234 (vir)     1          65.494           8.470          -2.187         -12.918           84.695
  235 (vir)     1          65.700         -10.291          -2.159         -12.635           65.885
  236 (vir)     1          66.884           7.380          -2.372         -12.942           84.834
  237 (vir)     1          66.980           6.707          -2.190         -12.675           84.171
  238 (vir)     1          67.620           7.878          -2.292         -13.554           86.759
  239 (vir)     1          67.719           8.967          -2.560         -14.248           88.374
  240 (vir)     1          68.145          -0.180          -1.996         -12.360           78.329
  241 (vir)     1          68.934           0.910          -2.320         -13.860           81.383
  242 (vir)     1          69.159           7.974          -2.015         -12.601           87.719
  243 (vir)     1          69.828           9.881          -2.419         -13.429           90.719
  244 (vir)     1          70.182          -0.476          -2.088         -12.767           80.384
  245 (vir)     1          70.390           8.796          -2.197         -12.858           89.846
  246 (vir)     1          70.767           1.451          -2.148         -13.272           83.342
  247 (vir)     1          71.881           1.101          -2.231         -13.189           83.940
  248 (vir)     1          71.982           7.996          -2.284         -13.630           91.323
  249 (vir)     1          72.342           7.554          -2.033         -12.768           90.632
  250 (vir)     1          72.666           2.098          -2.075         -13.058           85.747
  251 (vir)     1          73.121           9.101          -2.220         -13.179           93.181
  252 (vir)     1          73.122           8.750          -2.108         -12.834           92.597
  253 (vir)     1          73.484           3.911          -2.101         -12.894           88.188
  254 (vir)     1          74.331           5.139          -2.116         -13.336           90.689
  255 (vir)     1          74.712           8.620          -1.925         -12.789           94.196
  256 (vir)     1          74.954           8.828          -2.112         -13.051           94.720
  257 (vir)     1          75.050           7.128          -2.110         -13.230           93.299
  258 (vir)     1          75.636           8.276          -2.190         -12.937           94.658
  259 (vir)     1          75.964           7.675          -2.234         -13.407           94.813
  260 (vir)     1          76.332           7.503          -2.106         -13.209           94.938
  261 (vir)     1          77.108           7.685          -2.100         -13.127           95.819
  262 (vir)     1          78.105           8.780          -2.080         -13.065           97.870
  263 (vir)     1          78.151           6.375          -2.109         -13.283           95.700
  264 (vir)     1          78.197          10.126          -2.138         -13.426           99.611
  265 (vir)     1          78.913           7.951          -1.840         -12.904           97.928
  266 (vir)     1          79.320           9.462          -2.008         -13.087           99.861
  267 (vir)     1          80.463           5.635          -1.964         -12.914           97.047
  268 (vir)     1          80.621           6.755          -1.911         -12.448           97.913
  269 (vir)     1          81.996           6.530          -2.009         -13.222           99.739
  270 (vir)     1          82.509           7.958          -2.255         -13.865          102.077
  271 (vir)     1          83.019           7.135          -2.099         -13.706          101.762
  272 (vir)     1          83.906           6.347          -2.004         -13.589          101.837
  273 (vir)     1          85.863           6.561          -1.909         -13.050          103.565
  274 (vir)     1          86.971           8.650          -2.166         -12.990          106.445
  275 (vir)     1          87.645           7.409          -2.148         -13.799          106.704
  276 (vir)     1          88.987           8.521          -2.210         -13.532          108.830
  277 (vir)     1          89.710           5.888          -2.010         -13.313          106.901
  278 (vir)     1          89.876           5.627          -2.492         -15.313          108.324
  279 (vir)     1          92.198           4.358          -2.304         -14.793          109.045
  280 (vir)     1          92.239           6.455          -2.445         -14.751          111.000
  281 (vir)     1          92.914           4.563          -2.174         -14.290          109.593
  282 (vir)     1          93.690           4.712          -2.171         -14.342          110.573
  283 (vir)     1          94.151           6.084          -2.000         -13.679          111.915
  284 (vir)     1          96.336           6.811          -2.106         -13.333          114.374
  285 (vir)     1          98.686           5.227          -1.967         -12.653          114.599
  286 (vir)     1          99.735           4.423          -1.864         -12.664          114.958
  287 (vir)     1         101.248           5.749          -2.476         -15.043          119.564
  288 (vir)     1         101.802           4.150          -2.146         -14.612          118.417
  289 (vir)     1         103.516           6.722          -2.450         -14.636          122.424
  290 (vir)     1         104.401           6.619          -2.388         -14.701          123.333
  291 (vir)     1         106.745           5.717          -2.139         -14.102          124.425
  292 (vir)     1         106.775           5.584          -2.335         -14.401          124.426
  293 (vir)     1         108.065           4.985          -2.034         -13.727          124.743
  294 (vir)     1         110.844           4.908          -2.162         -14.223          127.812
  295 (vir)     1         113.457           4.769          -2.270         -14.228          130.185
  296 (vir)     1         114.397           5.461          -2.302         -14.290          131.846
  297 (vir)     1         115.626           3.514          -1.868         -13.810          131.082
  298 (vir)     1         118.356           5.883          -2.243         -14.469          136.465
  299 (vir)     1         121.061           2.851          -1.914         -14.116          136.113
  300 (vir)     1         127.466           3.317          -2.276         -15.957          144.464
  301 (vir)     1         129.614           3.041          -2.080         -14.534          145.109
  302 (vir)     1         130.248           3.095          -2.127         -14.391          145.608
  303 (vir)     1         135.139           3.206          -2.352         -15.699          151.692
  304 (vir)     1         156.708           2.862          -1.506         -15.889          173.954
  305 (vir)     1         162.460           2.913          -1.467         -15.931          179.838
  306 (vir)     1         162.519           2.853          -1.590         -16.086          179.868
  307 (vir)     1         163.424           2.023          -1.564         -15.869          179.752
  308 (vir)     1         163.724           2.202          -1.504         -15.821          180.243
  309 (vir)     1         164.820           2.963          -1.484         -15.904          182.202
  310 (vir)     1         165.403           3.366          -1.564         -15.827          183.032
  311 (vir)     1         165.800           3.115          -1.552         -16.010          183.374
  312 (vir)     1         166.569           2.469          -1.330         -15.854          183.562
  313 (vir)     1         166.690           2.437          -1.390         -15.699          183.436
  314 (vir)     1         182.272           1.832          -2.762         -15.637          196.980
  315 (vir)     1         212.046           0.960          -1.322         -12.587          224.271
  316 (vir)     1         239.321           0.601          -1.430         -13.309          251.800
  317 (vir)     1         240.535           0.662          -1.474         -13.344          253.067
  318 (vir)     1         241.918           0.934          -1.541         -13.406          254.718
  319 (vir)     1         242.162           1.279          -1.509         -13.461          255.393
  320 (vir)     1         244.353           0.897          -1.575         -13.590          257.264
  321 (vir)     1         244.774           0.725          -1.420         -13.613          257.692
  322 (vir)     1         246.614           0.781          -1.474         -13.588          259.509
 
