 
  kpoint:       1             coordinate:     0.0000    0.0000    0.0000                  spin:  1
 
    n           k   ϵ_nk^DFT (eV)     Σ^c_nk (eV)     Σ^x_nk (eV)    v_nk^xc (eV)   ϵ_nk^G0W0 (eV)
 
    1 (occ)     1         -28.747          11.652         -32.624         -20.579          -29.139
    2 (occ)     1         -19.820           6.992         -22.014         -14.217          -20.624
    3 (occ)     1         -13.594           4.504         -25.177         -17.896          -16.372
    4 (occ)     1         -11.614           3.170         -22.600         -16.935          -14.109
    5 (occ)     1         -11.614           3.170         -22.600         -16.935          -14.109
    6 (occ)     1         -11.506           1.983         -20.068         -15.102          -14.488
    7 (occ)     1          -6.945           0.318         -15.785         -12.580           -9.831
    8 (occ)     1          -6.945           0.318         -15.785         -12.580           -9.831
    9 (vir)     1          -2.018          -1.986          -8.752         -14.026            1.270
   10 (vir)     1          -2.018          -1.985          -8.752         -14.026            1.270
   11 (vir)     1          -0.526          -1.948          -5.371         -10.438            2.593
   12 (vir)     1           0.798          -0.565          -0.918          -2.912            2.228
   13 (vir)     1           0.977          -0.327          -0.489          -1.969            2.130
   14 (vir)     1           0.977          -0.327          -0.489          -1.969            2.130
   15 (vir)     1           1.113          -0.762          -1.311          -3.875            2.914
   16 (vir)     1           2.208          -0.364          -0.464          -1.930            3.310
   17 (vir)     1           2.208          -0.364          -0.464          -1.930            3.310
   18 (vir)     1           2.276          -0.453          -0.732          -2.863            3.954
   19 (vir)     1           2.276          -0.453          -0.732          -2.863            3.954
   20 (vir)     1           2.747          -0.646          -1.053          -3.160            4.208
   21 (vir)     1           4.745          -0.666          -1.210          -3.553            6.422
   22 (vir)     1           4.745          -0.666          -1.210          -3.553            6.422
   23 (vir)     1           4.807          -1.751          -1.447          -5.016            6.624
   24 (vir)     1           4.807          -1.751          -1.447          -5.016            6.624
   25 (vir)     1           5.474          -1.174          -1.549          -4.599            7.350
   26 (vir)     1           7.078          -1.844          -2.068          -6.321            9.486
   27 (vir)     1           8.244          -1.719          -1.471          -5.134           10.188
   28 (vir)     1           8.244          -1.719          -1.471          -5.134           10.188
   29 (vir)     1           9.302          -1.783          -2.080          -6.170           11.609
   30 (vir)     1          12.822          -2.069          -2.162          -6.813           15.405
   31 (vir)     1          12.822          -2.069          -2.162          -6.813           15.404
   32 (vir)     1          13.180          -4.224          -4.911         -11.823           15.868
   33 (vir)     1          13.637          -3.345          -2.540          -8.066           15.819
   34 (vir)     1          13.637          -3.345          -2.540          -8.066           15.819
   35 (vir)     1          14.174          -1.142          -3.547         -10.075           19.559
   36 (vir)     1          14.174          -1.142          -3.547         -10.075           19.559
   37 (vir)     1          15.467          -3.309          -2.740          -8.353           17.771
   38 (vir)     1          16.410          -0.858          -0.554          -4.435           19.433
   39 (vir)     1          16.410          -0.857          -0.553          -4.435           19.435
   40 (vir)     1          17.316          -5.953          -2.481          -8.928           17.810
   41 (vir)     1          18.766          -0.892          -2.501          -9.471           24.845
   42 (vir)     1          18.766          -0.894          -2.500          -9.471           24.843
   43 (vir)     1          19.091          -4.201          -2.663          -8.655           20.882
   44 (vir)     1          19.091          -4.201          -2.663          -8.655           20.882
   45 (vir)     1          20.660          -4.177          -2.868          -9.340           22.955
   46 (vir)     1          20.660          -4.177          -2.868          -9.340           22.955
   47 (vir)     1          22.673          -6.533          -4.116         -12.616           24.639
   48 (vir)     1          23.556          -4.558          -1.748          -8.652           25.902
   49 (vir)     1          23.556          -4.570          -1.746          -8.652           25.891
   50 (vir)     1          25.483          -8.452          -3.076         -11.095           25.051
   51 (vir)     1          25.483          -8.453          -3.076         -11.095           25.049
   52 (vir)     1          30.726          -9.269          -2.595         -10.519           29.380
   53 (vir)     1          34.421         -12.619          -2.985         -12.077           30.894
   54 (vir)     1          34.421         -12.617          -2.985         -12.077           30.896
   55 (vir)     1          34.598           3.266          -2.812         -10.987           46.039
   56 (vir)     1          34.598           3.267          -2.813         -10.987           46.040
   57 (vir)     1          39.015           3.464          -3.684         -12.139           50.934
   58 (vir)     1          46.265           2.482          -3.773         -13.519           58.494
   59 (vir)     1          46.265           2.483          -3.774         -13.519           58.494
   60 (vir)     1          46.949           2.127          -4.204         -14.012           58.884
   61 (vir)     1          46.949           2.126          -4.205         -14.012           58.883
   62 (vir)     1          47.953           3.328          -3.855         -13.361           60.788
   63 (vir)     1          64.793           3.111          -3.672         -15.115           79.346
   64 (vir)     1          68.865           2.702          -4.447         -17.118           84.239
   65 (vir)     1          71.205           2.394          -3.654         -15.764           85.710
   66 (vir)     1          71.205           2.394          -3.654         -15.764           85.711
   67 (vir)     1         108.967           1.835          -0.595          -8.878          119.085
   68 (vir)     1         108.967           1.831          -0.592          -8.878          119.083
   69 (vir)     1         109.812           4.652          -0.920          -8.819          122.363
   70 (vir)     1         116.596           2.572          -0.545          -9.158          127.780
   71 (vir)     1         123.866           3.743          -3.142         -18.392          142.859
   72 (vir)     1         123.866           3.752          -3.142         -18.392          142.867
   73 (vir)     1         129.364           4.246          -3.227         -18.780          149.163
   74 (vir)     1         171.696           2.223          -4.304         -20.835          190.450
   75 (vir)     1         174.661           1.452          -4.513         -22.966          194.565
   76 (vir)     1         174.663           1.450          -4.522         -22.963          194.555
   77 (vir)     1         179.682           1.749          -4.657         -23.261          200.034
   78 (vir)     1         179.682           1.752          -4.660         -23.261          200.034
   79 (vir)     1         201.230           2.637          -1.779         -15.302          217.390
   80 (vir)     1         208.430           2.407          -2.505         -17.651          225.984
   81 (vir)     1         226.167           0.856          -2.349         -20.605          245.279
   82 (vir)     1         226.167           0.856          -2.342         -20.605          245.287
   83 (vir)     1         231.236           1.150          -2.673         -21.411          251.124
   84 (vir)     1         231.236           1.151          -2.673         -21.411          251.125
   85 (vir)     1         235.595           1.192          -3.027         -21.988          255.748
   86 (vir)     1         235.595           1.193          -3.027         -21.988          255.749
   87 (vir)     1         244.494           1.574          -2.573         -20.483          263.978
 
