 
  kpoint:       1             coordinate:     0.0000    0.0000    0.0000                  spin:  1
 
    n           k   ϵ_nk^DFT (eV)     Σ^c_nk (eV)     Σ^x_nk (eV)    v_nk^xc (eV)   ϵ_nk^G0W0 (eV)
 
    1 (occ)     1         -33.960           8.838         -37.733         -23.105          -39.750
    2 (occ)     1         -27.639           7.965         -37.701         -24.062          -33.313
    3 (occ)     1         -15.279           1.380         -27.539         -22.417          -19.021
    4 (occ)     1         -12.792           4.644         -31.288         -22.120          -17.316
    5 (occ)     1         -12.792           4.650         -31.312         -22.120          -17.334
    6 (occ)     1          -9.401           3.711         -32.474         -23.925          -14.238
    7 (occ)     1          -9.401           3.721         -32.494         -23.925          -14.249
    8 (vir)     1          -5.671          -2.182         -15.328         -23.391            0.209
    9 (vir)     1           0.704          -0.390          -1.102          -3.791            3.003
   10 (vir)     1           2.193          -0.441          -1.075          -3.638            4.315
   11 (vir)     1          11.005          -0.662          -4.375          -9.945           15.913
   12 (vir)     1          11.005          -0.691          -4.375          -9.945           15.884
   13 (vir)     1          14.383          -2.109          -2.470          -8.462           18.265
   14 (vir)     1          15.777          -1.368          -3.638          -9.424           20.195
   15 (vir)     1          15.777          -1.359          -3.622          -9.424           20.220
   16 (vir)     1          17.436          -1.164          -2.256          -7.730           21.746
   17 (vir)     1          17.439          -1.164          -2.254          -7.728           21.749
   18 (vir)     1          20.434          -2.899          -3.207          -9.796           24.124
   19 (vir)     1          20.538          -1.543          -2.993          -9.056           25.059
   20 (vir)     1          20.538          -1.547          -3.007          -9.056           25.040
   21 (vir)     1          24.267          -2.360          -2.583          -9.073           28.396
   22 (vir)     1          25.915          -1.528          -2.304          -8.411           30.495
   23 (vir)     1          25.918          -1.510          -2.299          -8.409           30.517
   24 (vir)     1          28.980          -3.124          -2.531          -8.158           31.482
   25 (vir)     1          36.145          -0.952          -2.500         -10.288           42.981
   26 (vir)     1          38.333          -2.203          -1.794          -8.513           42.849
   27 (vir)     1          38.333          -2.232          -1.762          -8.513           42.852
   28 (vir)     1          38.682          -1.529          -1.341          -7.964           43.775
   29 (vir)     1          38.682          -1.537          -1.345          -7.964           43.764
   30 (vir)     1          44.612          -2.486          -1.585          -9.202           49.743
   31 (vir)     1          44.612          -2.481          -1.586          -9.202           49.747
   32 (vir)     1          44.729          -0.818          -1.030          -6.190           49.070
   33 (vir)     1          44.729          -0.885          -1.021          -6.190           49.013
   34 (vir)     1          49.718          -0.774          -3.793         -12.688           57.839
   35 (vir)     1          49.718          -0.753          -3.807         -12.688           57.847
   36 (vir)     1          54.554          -3.044          -1.695          -9.851           59.665
   37 (vir)     1          54.554          -3.076          -1.697          -9.851           59.631
   38 (vir)     1          56.314          -5.133          -1.936          -9.994           59.239
   39 (vir)     1          62.199          -3.244          -2.782         -11.218           67.391
   40 (vir)     1          62.199          -3.296          -2.706         -11.217           67.415
   41 (vir)     1          66.001           0.694          -6.958         -18.579           78.316
   42 (vir)     1          73.771          -8.191          -7.606         -19.095           77.069
   43 (vir)     1          73.771          -8.019          -7.608         -19.095           77.239
   44 (vir)     1          79.507          -3.837          -6.079         -18.935           88.527
   45 (vir)     1          79.507          -4.928          -6.156         -18.935           87.358
   46 (vir)     1          81.672           1.465          -3.495         -13.985           93.627
   47 (vir)     1          84.738           4.766          -6.732         -19.838          102.610
   48 (vir)     1          84.738           5.007          -6.754         -19.838          102.830
   49 (vir)     1          87.003           1.547          -5.950         -19.763          102.363
   50 (vir)     1          89.428          -1.711          -6.688         -18.904           99.933
   51 (vir)     1          89.428          -9.009          -6.626         -18.903           92.697
   52 (vir)     1          97.173           3.368          -3.794         -20.754          117.501
   53 (vir)     1         101.068           4.575          -5.404         -21.140          121.379
   54 (vir)     1         101.068           4.445          -5.492         -21.140          121.161
   55 (vir)     1         108.367          -6.049          -5.849         -23.133          119.602
   56 (vir)     1         108.367           0.938          -5.952         -23.133          126.485
   57 (vir)     1         135.245           2.284          -3.993         -22.863          156.399
   58 (vir)     1         408.203           0.570          -1.928         -22.085          428.929
 
