 
  kpoint:       1             coordinate:     0.0000    0.0000    0.0000                  spin:  1
 
    n           k   ϵ_nk^DFT (eV)     Σ^c_nk (eV)     Σ^x_nk (eV)    v_nk^xc (eV)   ϵ_nk^G0W0 (eV)
 
    1 (occ)     1         -17.063           4.478         -23.004         -14.637          -20.952
    2 (occ)     1          -9.455           1.140         -19.025         -13.817          -13.523
    3 (occ)     1          -9.455           1.126         -18.939         -13.817          -13.450
    4 (occ)     1          -9.455           1.136         -19.005         -13.817          -13.506
    5 (vir)     1          -0.116          -0.445          -0.836          -2.865            1.468
    6 (vir)     1           0.937          -0.273          -0.517          -1.909            2.056
    7 (vir)     1           0.937          -0.274          -0.510          -1.909            2.062
    8 (vir)     1           0.937          -0.277          -0.517          -1.909            2.053
    9 (vir)     1           1.961          -0.294          -0.558          -2.226            3.335
   10 (vir)     1           1.961          -0.290          -0.557          -2.226            3.341
   11 (vir)     1           1.961          -0.296          -0.559          -2.226            3.333
   12 (vir)     1           2.215          -0.164          -0.141          -1.419            3.329
   13 (vir)     1           2.216          -0.167          -0.141          -1.419            3.326
   14 (vir)     1           4.153          -0.720          -1.369          -3.957            6.020
   15 (vir)     1           4.374          -0.935          -2.308          -5.703            6.833
   16 (vir)     1           4.374          -0.929          -2.295          -5.703            6.853
   17 (vir)     1           4.374          -0.938          -2.321          -5.703            6.818
   18 (vir)     1           6.575          -0.720          -1.396          -4.650            9.109
   19 (vir)     1           6.575          -0.723          -1.384          -4.650            9.118
   20 (vir)     1           6.787          -0.940          -1.644          -5.039            9.243
   21 (vir)     1           6.787          -0.936          -1.656          -5.039            9.234
   22 (vir)     1           6.787          -0.935          -1.636          -5.039            9.255
   23 (vir)     1           8.223          -0.414          -0.205          -2.554           10.157
   24 (vir)     1           8.223          -0.439          -0.214          -2.554           10.124
   25 (vir)     1           8.223          -0.414          -0.202          -2.554           10.161
   26 (vir)     1          11.923          -1.660          -2.395          -6.978           14.845
   27 (vir)     1          13.419          -2.229          -2.726          -8.154           16.618
   28 (vir)     1          13.419          -2.199          -2.695          -8.154           16.679
   29 (vir)     1          13.420          -2.214          -2.723          -8.154           16.637
   30 (vir)     1          14.787          -1.690          -1.040          -5.588           17.645
   31 (vir)     1          15.970          -0.937          -0.586          -4.120           18.567
   32 (vir)     1          15.970          -0.918          -0.587          -4.120           18.585
   33 (vir)     1          15.970          -0.919          -0.587          -4.120           18.585
   34 (vir)     1          16.093          -1.086          -0.544          -4.365           18.828
   35 (vir)     1          16.093          -1.102          -0.550          -4.365           18.806
   36 (vir)     1          16.093          -1.090          -0.533          -4.365           18.835
   37 (vir)     1          23.567          -3.253          -2.218          -8.310           26.406
   38 (vir)     1          26.689          -3.062          -1.619          -7.293           29.301
   39 (vir)     1          26.690          -3.049          -1.673          -7.293           29.261
   40 (vir)     1          26.691          -3.107          -1.648          -7.293           29.230
   41 (vir)     1          32.045          -4.612          -3.747         -12.094           35.779
   42 (vir)     1          32.045          -4.596          -3.688         -12.094           35.855
   43 (vir)     1          38.313          -7.999          -3.089         -12.817           40.042
   44 (vir)     1          38.314          -7.699          -2.906         -12.817           40.526
   45 (vir)     1          38.314          -7.787          -3.123         -12.817           40.222
   46 (vir)     1          52.992          -9.842          -1.886         -11.657           52.921
   47 (vir)     1          52.992          -9.841          -1.925         -11.657           52.883
   48 (vir)     1          52.992         -10.312          -1.959         -11.657           52.379
   49 (vir)     1          53.309          -9.065          -1.967         -11.234           53.512
   50 (vir)     1          58.458           3.498          -1.660         -11.771           72.066
   51 (vir)     1          58.458           3.663          -1.698         -11.771           72.195
   52 (vir)     1          58.459           4.012          -1.761         -11.771           72.481
   53 (vir)     1          62.326           5.006          -2.354         -13.438           78.415
   54 (vir)     1          62.327           5.081          -2.154         -13.438           78.691
   55 (vir)     1          62.328           4.934          -2.219         -13.438           78.481
   56 (vir)     1          74.856           2.550          -1.922         -13.859           89.342
   57 (vir)     1          74.857           3.184          -2.050         -13.859           89.851
   58 (vir)     1          94.086           3.082          -2.003         -14.263          109.428
   59 (vir)     1          94.086           3.235          -1.764         -14.263          109.821
   60 (vir)     1          94.090           2.656          -1.804         -14.263          109.205
   61 (vir)     1         150.677           2.498          -1.519         -14.956          166.612
   62 (vir)     1         162.228           2.494          -1.688         -15.797          178.830
   63 (vir)     1         162.229           2.583          -1.681         -15.796          178.928
   64 (vir)     1         162.229           2.459          -1.705         -15.796          178.780
   65 (vir)     1         184.132           0.739          -1.126         -12.964          196.709
 
