 
  kpoint:       1             coordinate:     0.0000    0.0000    0.0000                  spin:  1
 
    n           k   ϵ_nk^DFT (eV)     Σ^c_nk (eV)     Σ^x_nk (eV)    v_nk^xc (eV)   ϵ_nk^G0W0 (eV)
 
    1 (occ)     1         -35.888           8.167         -31.744         -19.602          -39.864
    2 (occ)     1         -19.109           2.088         -24.854         -17.845          -24.030
    3 (occ)     1         -19.109           2.074         -24.787         -17.845          -23.978
    4 (occ)     1         -19.072           2.575         -24.766         -17.674          -23.589
    5 (occ)     1         -16.386           7.034         -22.427         -14.446          -17.332
    6 (occ)     1          -4.962           1.669         -16.006         -12.099           -7.199
    7 (occ)     1          -4.659           1.645         -15.742         -11.776           -6.980
    8 (occ)     1          -4.659           1.673         -15.789         -11.776           -6.999
    9 (vir)     1          -1.844          -0.480          -0.999          -3.216           -0.106
   10 (vir)     1          -0.320          -0.276          -0.457          -1.903            0.851
   11 (vir)     1          -0.320          -0.275          -0.458          -1.903            0.849
   12 (vir)     1          -0.114          -0.410          -0.772          -2.620            1.325
   13 (vir)     1           0.608          -0.324          -1.041          -3.149            2.392
   14 (vir)     1           0.608          -0.324          -1.052          -3.150            2.382
   15 (vir)     1           0.987          -0.278          -0.434          -1.729            2.005
   16 (vir)     1           1.122          -0.356          -1.291          -3.337            2.811
   17 (vir)     1           1.122          -0.356          -1.295          -3.337            2.808
   18 (vir)     1           1.348          -0.480          -0.919          -3.120            3.070
   19 (vir)     1           1.791          -0.316          -0.831          -2.646            3.290
   20 (vir)     1           1.791          -0.319          -0.833          -2.646            3.284
   21 (vir)     1           2.047          -0.508          -1.755          -4.423            4.206
   22 (vir)     1           2.254          -0.860          -3.641          -8.043            5.795
   23 (vir)     1           2.254          -0.870          -3.626          -8.043            5.801
   24 (vir)     1           2.283          -0.731          -3.554          -8.008            6.006
   25 (vir)     1           2.283          -0.725          -3.595          -8.007            5.971
   26 (vir)     1           4.380          -1.127          -4.209          -8.940            7.984
   27 (vir)     1           6.511          -1.193          -2.540          -6.547            9.326
   28 (vir)     1           6.511          -1.194          -2.530          -6.547            9.334
   29 (vir)     1           6.784          -1.265          -2.756          -6.918            9.682
   30 (vir)     1           7.662          -1.464          -3.040          -7.629           10.787
   31 (vir)     1           7.662          -1.466          -3.028          -7.629           10.798
   32 (vir)     1          11.590          -0.861          -0.514          -4.164           14.379
   33 (vir)     1          11.590          -0.874          -0.509          -4.164           14.370
   34 (vir)     1          11.812          -1.489          -0.747          -4.645           14.221
   35 (vir)     1          11.812          -1.487          -0.747          -4.645           14.223
   36 (vir)     1          11.928          -2.013          -1.680          -6.130           14.365
   37 (vir)     1          11.928          -2.032          -1.669          -6.130           14.356
   38 (vir)     1          12.090          -1.463          -1.492          -5.796           14.931
   39 (vir)     1          12.520          -2.584          -2.314          -7.274           14.896
   40 (vir)     1          13.255          -2.260          -2.311          -7.475           16.159
   41 (vir)     1          13.255          -2.256          -2.312          -7.475           16.161
   42 (vir)     1          18.660          -3.113          -2.412          -8.063           21.197
   43 (vir)     1          21.645          -4.211          -2.831          -8.907           23.510
   44 (vir)     1          26.573          -7.309          -4.386         -12.769           27.648
   45 (vir)     1          26.573          -7.221          -4.437         -12.769           27.685
   46 (vir)     1          27.641          -8.004          -4.290         -12.795           28.142
   47 (vir)     1          27.641          -7.901          -4.274         -12.795           28.260
   48 (vir)     1          29.625          -7.039          -3.603         -11.634           30.616
   49 (vir)     1          69.764           1.902          -2.049         -12.308           81.924
   50 (vir)     1          70.025           2.581          -1.968         -12.263           82.900
   51 (vir)     1          70.025           2.366          -2.004         -12.263           82.650
   52 (vir)     1          76.587           0.518          -3.021         -15.997           90.082
   53 (vir)     1          76.587           0.511          -3.019         -15.997           90.076
   54 (vir)     1          82.055           0.533          -3.232         -16.878           96.234
   55 (vir)     1          82.055           0.533          -3.239         -16.878           96.226
   56 (vir)     1          85.073           0.555          -3.496         -17.294           99.426
   57 (vir)     1          85.073           0.556          -3.492         -17.294           99.430
   58 (vir)     1          86.158           0.602          -3.462         -17.085          100.384
   59 (vir)     1         100.655         -10.982          -0.609          -8.069           97.133
 
