 
  kpoint:       1             coordinate:     0.0000    0.0000    0.0000                  spin:  1
 
    n           k   ϵ_nk^DFT (eV)     Σ^c_nk (eV)     Σ^x_nk (eV)    v_nk^xc (eV)   ϵ_nk^G0W0 (eV)
 
    1 (occ)     1         -32.461          10.531         -36.708         -22.572          -36.067
    2 (occ)     1         -32.283          10.458         -36.939         -22.797          -35.967
    3 (occ)     1         -32.283          10.462         -36.938         -22.797          -35.962
    4 (occ)     1         -31.943          10.428         -37.355         -23.198          -35.672
    5 (occ)     1         -31.943          10.431         -37.353         -23.198          -35.667
    6 (occ)     1         -31.771          10.390         -37.570         -23.402          -35.549
    7 (occ)     1         -22.781           4.434         -26.062         -16.411          -27.997
    8 (occ)     1         -19.788           6.714         -26.577         -17.541          -22.110
    9 (occ)     1         -19.788           6.714         -26.576         -17.541          -22.109
   10 (occ)     1         -17.068           5.315         -26.810         -18.722          -19.841
   11 (occ)     1         -17.067           5.315         -26.809         -18.721          -19.840
   12 (occ)     1         -15.420           4.209         -27.991         -20.646          -18.556
   13 (occ)     1         -15.342           4.403         -25.005         -17.687          -18.257
   14 (occ)     1         -15.012           4.478         -29.534         -21.789          -18.279
   15 (occ)     1         -14.078           3.673         -27.703         -20.932          -17.176
   16 (occ)     1         -14.077           3.672         -27.701         -20.931          -17.175
   17 (occ)     1         -13.640           3.984         -27.917         -20.784          -16.789
   18 (occ)     1         -13.639           3.984         -27.916         -20.783          -16.788
   19 (occ)     1         -13.414           4.952         -24.795         -17.526          -15.731
   20 (occ)     1         -12.567           4.776         -27.393         -19.722          -15.462
   21 (occ)     1         -12.566           4.775         -27.392         -19.722          -15.462
   22 (occ)     1         -11.780           5.067         -29.708         -21.682          -14.738
   23 (occ)     1         -11.779           5.067         -29.708         -21.682          -14.738
   24 (occ)     1         -11.530           5.115         -30.361         -22.249          -14.528
   25 (occ)     1         -11.045           5.184         -31.143         -22.777          -14.227
   26 (occ)     1         -11.044           5.185         -31.143         -22.776          -14.227
   27 (occ)     1         -10.746           5.173         -31.899         -23.484          -13.987
   28 (occ)     1         -10.147           3.945         -28.653         -21.538          -13.317
   29 (occ)     1         -10.146           3.944         -28.651         -21.537          -13.316
   30 (occ)     1          -9.387           3.511         -27.771         -21.102          -12.546
   31 (occ)     1          -8.773           3.410         -23.964         -18.330          -10.998
   32 (occ)     1          -6.645           0.930         -20.330         -16.968           -9.076
   33 (occ)     1          -6.645           0.930         -20.329         -16.968           -9.076
   34 (vir)     1          -2.218          -2.326          -7.888         -13.045            0.613
   35 (vir)     1          -1.835          -2.300         -10.538         -15.585            0.911
   36 (vir)     1          -1.835          -2.301         -10.537         -15.585            0.912
   37 (vir)     1          -0.253          -1.440          -3.051          -6.337            1.594
   38 (vir)     1          -0.252          -1.440          -3.052          -6.339            1.594
   39 (vir)     1           0.445          -1.104          -2.788          -5.500            2.053
   40 (vir)     1           0.452          -0.542          -0.534          -2.125            1.501
   41 (vir)     1           0.987          -0.583          -0.824          -2.591            2.171
   42 (vir)     1           0.987          -0.583          -0.824          -2.591            2.171
   43 (vir)     1           1.289          -0.732          -1.436          -3.661            2.783
   44 (vir)     1           1.301          -0.399          -0.437          -1.777            2.242
   45 (vir)     1           1.301          -0.399          -0.437          -1.777            2.242
   46 (vir)     1           1.685          -2.503          -4.825          -8.800            3.158
   47 (vir)     1           1.685          -1.656          -4.825          -8.801            4.004
   48 (vir)     1           1.834          -0.863          -1.438          -3.602            3.135
   49 (vir)     1           2.150          -0.343          -0.572          -1.956            3.191
   50 (vir)     1           2.244          -6.399          -8.214         -15.961            3.592
   51 (vir)     1           2.322          -0.303          -0.278          -1.434            3.176
   52 (vir)     1           2.322          -0.302          -0.278          -1.434            3.176
   53 (vir)     1           2.495          -0.933          -1.574          -3.800            3.787
   54 (vir)     1           2.495          -0.935          -1.574          -3.799            3.785
   55 (vir)     1           2.878          -0.338          -0.217          -1.361            3.685
   56 (vir)     1           3.280          -1.063          -1.844          -4.318            4.690
   57 (vir)     1           3.348          -0.305          -0.350          -1.619            4.311
   58 (vir)     1           3.348          -0.305          -0.350          -1.618            4.312
   59 (vir)     1           3.801          -0.199          -0.259          -1.193            4.536
   60 (vir)     1           3.821          -3.919          -7.976         -14.520            6.447
   61 (vir)     1           4.279          -3.269          -5.609         -11.143            6.544
   62 (vir)     1           4.279          -3.269          -5.608         -11.141            6.543
   63 (vir)     1           4.642          -1.567          -2.940          -6.435            6.570
   64 (vir)     1           4.642          -1.567          -2.940          -6.434            6.570
   65 (vir)     1           5.830          -2.327          -4.734          -9.322            8.091
   66 (vir)     1           5.830          -2.327          -4.735          -9.322            8.090
   67 (vir)     1           6.343          -0.861          -0.803          -2.990            7.670
   68 (vir)     1           6.344          -0.861          -0.803          -2.991            7.671
   69 (vir)     1           6.931          -1.551          -2.435          -5.987            8.933
   70 (vir)     1           6.932          -1.551          -2.436          -5.987            8.931
   71 (vir)     1           7.387          -1.496          -1.127          -4.243            9.006
   72 (vir)     1           7.914          -1.143          -1.862          -4.422            9.329
   73 (vir)     1           7.914          -1.144          -1.863          -4.423            9.330
   74 (vir)     1           8.281          -1.785          -2.665          -6.481           10.313
   75 (vir)     1           8.420          -1.758          -2.321          -6.411           10.753
   76 (vir)     1           8.487          -5.556          -7.080         -15.164           11.015
   77 (vir)     1           8.488          -5.557          -7.081         -15.165           11.015
   78 (vir)     1           8.914          -1.651          -2.089          -6.147           11.321
   79 (vir)     1           9.228          -3.894          -5.424         -11.885           11.796
   80 (vir)     1           9.229          -3.895          -5.424         -11.886           11.796
   81 (vir)     1           9.477          -2.775          -4.368         -10.125           12.458
   82 (vir)     1          10.625          -1.795          -2.252          -6.089           12.667
   83 (vir)     1          10.626          -1.795          -2.252          -6.088           12.667
   84 (vir)     1          10.701          -2.710          -4.610         -10.001           13.383
   85 (vir)     1          10.859          -2.034          -1.806          -5.957           12.976
   86 (vir)     1          10.859          -2.033          -1.807          -5.957           12.976
   87 (vir)     1          11.215          -2.805          -2.328          -7.679           13.762
   88 (vir)     1          11.216          -2.806          -2.328          -7.680           13.762
   89 (vir)     1          11.570          -1.931          -1.336          -4.782           13.085
   90 (vir)     1          11.570          -1.929          -1.336          -4.782           13.087
   91 (vir)     1          12.638          -2.203          -1.833          -6.193           14.796
   92 (vir)     1          12.895          -3.330          -2.693          -8.397           15.269
   93 (vir)     1          13.737          -6.981          -6.727         -16.564           16.592
   94 (vir)     1          13.761          -2.552          -2.400          -7.652           16.462
   95 (vir)     1          15.107          -3.022          -3.684          -9.709           18.110
   96 (vir)     1          15.107          -3.021          -3.685          -9.709           18.110
   97 (vir)     1          15.327          -3.081          -2.816          -8.527           17.957
   98 (vir)     1          15.327          -3.082          -2.816          -8.527           17.956
   99 (vir)     1          16.152          -1.591          -3.071          -8.918           20.408
  100 (vir)     1          16.152          -1.589          -3.071          -8.918           20.410
  101 (vir)     1          16.198          -3.811          -3.592          -9.682           18.477
  102 (vir)     1          16.267          -2.929          -3.224          -8.983           19.097
  103 (vir)     1          16.267          -2.928          -3.224          -8.983           19.097
  104 (vir)     1          16.297          -8.323          -5.742         -15.546           17.778
  105 (vir)     1          16.685          -0.580          -2.360          -7.805           21.550
  106 (vir)     1          17.286          -2.749          -3.091          -8.825           20.271
  107 (vir)     1          17.712          -2.765          -2.632          -8.210           20.525
  108 (vir)     1          17.922          -2.535          -2.501          -7.972           20.859
  109 (vir)     1          17.922          -2.534          -2.501          -7.972           20.859
  110 (vir)     1          18.130          -3.617          -2.600          -8.299           20.212
  111 (vir)     1          18.130          -3.617          -2.599          -8.299           20.213
  112 (vir)     1          18.766          -2.703          -2.571          -8.359           21.851
  113 (vir)     1          18.766          -2.705          -2.571          -8.359           21.849
  114 (vir)     1          19.353          -1.063          -1.643          -6.102           22.750
  115 (vir)     1          20.091          -3.353          -2.118          -8.134           22.754
  116 (vir)     1          20.091          -3.354          -2.118          -8.134           22.753
  117 (vir)     1          20.306          -3.132          -3.579         -10.134           23.729
  118 (vir)     1          20.435          -1.930          -3.004          -9.453           24.954
  119 (vir)     1          20.675          -3.882          -3.139          -9.781           23.434
  120 (vir)     1          20.675          -3.883          -3.139          -9.781           23.434
  121 (vir)     1          21.412          -3.760          -2.027          -7.796           23.421
  122 (vir)     1          21.412          -3.763          -2.027          -7.796           23.417
  123 (vir)     1          21.599          -1.938          -3.491         -10.185           26.355
  124 (vir)     1          21.599          -1.929          -3.491         -10.185           26.363
  125 (vir)     1          21.672          -2.388          -2.186          -7.801           24.900
  126 (vir)     1          21.673          -2.386          -2.185          -7.801           24.902
  127 (vir)     1          21.875          -4.942          -2.396          -8.111           22.648
  128 (vir)     1          22.572          -2.171          -1.999          -8.440           26.842
  129 (vir)     1          22.772          -3.093          -2.853          -9.021           25.847
  130 (vir)     1          22.773          -3.094          -2.853          -9.021           25.846
  131 (vir)     1          23.067          -2.936          -3.493          -9.996           26.634
  132 (vir)     1          23.923          -3.089          -2.508          -8.589           26.915
  133 (vir)     1          24.171          -5.269          -2.422          -9.974           26.454
  134 (vir)     1          24.771          -5.672          -3.958         -11.711           26.852
  135 (vir)     1          24.844          -1.204          -0.656          -3.638           26.622
  136 (vir)     1          26.746          -4.114          -2.744          -9.427           29.315
  137 (vir)     1          26.746          -4.121          -2.744          -9.427           29.309
  138 (vir)     1          26.925          -3.109          -2.598          -8.642           29.860
  139 (vir)     1          28.050          -2.949          -1.805          -8.286           31.582
  140 (vir)     1          28.050          -2.948          -1.805          -8.286           31.583
  141 (vir)     1          28.478          -5.082          -2.121          -8.897           30.172
  142 (vir)     1          28.478          -5.074          -2.120          -8.897           30.181
  143 (vir)     1          29.292          -3.520          -2.860          -9.645           32.557
  144 (vir)     1          30.624          -3.146          -2.771          -9.946           34.653
  145 (vir)     1          30.625          -3.236          -2.771          -9.946           34.564
  146 (vir)     1          30.966          -2.570          -1.992          -8.362           34.766
  147 (vir)     1          30.966          -2.572          -1.992          -8.362           34.763
  148 (vir)     1          32.286          -0.584          -2.156          -9.132           38.678
  149 (vir)     1          33.279          -3.614          -2.482          -9.649           36.832
  150 (vir)     1          33.279          -3.617          -2.482          -9.650           36.830
  151 (vir)     1          33.563          -3.678          -3.175         -10.301           37.012
  152 (vir)     1          34.243          -3.019          -3.271         -10.301           38.254
  153 (vir)     1          34.244          -3.045          -3.273         -10.301           38.227
  154 (vir)     1          34.964          -2.448          -2.665         -10.257           40.108
  155 (vir)     1          35.094          -1.481          -2.617          -9.059           40.055
  156 (vir)     1          35.095          -1.492          -2.618          -9.059           40.044
  157 (vir)     1          36.297          -0.384          -2.255          -9.509           43.168
  158 (vir)     1          36.300          -0.749          -2.386          -9.202           42.368
  159 (vir)     1          36.476           0.546          -1.747          -8.233           43.509
  160 (vir)     1          36.476           0.593          -1.747          -8.233           43.555
  161 (vir)     1          36.665          -0.695          -2.811          -9.983           43.142
  162 (vir)     1          37.144          -3.325          -2.089          -9.381           41.111
  163 (vir)     1          37.145          -3.324          -2.089          -9.381           41.113
  164 (vir)     1          37.693          -6.251          -3.642         -11.845           39.645
  165 (vir)     1          37.694          -6.257          -3.642         -11.844           39.639
  166 (vir)     1          37.992          -5.244          -3.326         -11.336           40.758
  167 (vir)     1          38.627          -0.972          -1.777          -8.862           44.739
  168 (vir)     1          38.627           0.163          -1.778          -8.862           45.874
  169 (vir)     1          39.241          -1.012          -2.912         -11.098           46.416
  170 (vir)     1          40.615           0.020          -2.635         -10.489           48.489
  171 (vir)     1          40.616           0.012          -2.635         -10.488           48.481
  172 (vir)     1          41.356           3.643          -1.980          -9.545           52.564
  173 (vir)     1          41.356           3.610          -1.979          -9.545           52.531
  174 (vir)     1          41.671          -3.834          -2.485         -10.410           45.762
  175 (vir)     1          41.672          -3.835          -2.485         -10.410           45.762
  176 (vir)     1          42.349           1.643          -2.305          -9.817           51.504
  177 (vir)     1          42.349           1.672          -2.305          -9.817           51.533
  178 (vir)     1          43.280          -1.513          -3.729         -13.321           51.358
  179 (vir)     1          43.281          -1.460          -3.730         -13.322           51.412
  180 (vir)     1          43.908          -3.695          -2.194          -8.869           46.889
  181 (vir)     1          44.101           0.518          -1.970         -10.508           53.157
  182 (vir)     1          44.739          -4.905          -3.018         -12.128           48.943
  183 (vir)     1          44.739          -4.956          -3.019         -12.127           48.892
  184 (vir)     1          45.140          -2.354          -1.487          -8.953           50.253
  185 (vir)     1          45.950          -3.929          -1.846         -10.376           50.550
  186 (vir)     1          46.151          -2.889          -2.534         -11.152           51.879
  187 (vir)     1          46.942          -3.142          -2.184         -10.636           52.253
  188 (vir)     1          47.399           3.012          -3.552         -12.693           59.552
  189 (vir)     1          47.399           2.996          -3.553         -12.693           59.536
  190 (vir)     1          47.744          -4.299          -2.211         -10.797           52.031
  191 (vir)     1          47.744          -4.300          -2.210         -10.797           52.031
  192 (vir)     1          48.522          -3.692          -1.621          -9.780           52.989
  193 (vir)     1          49.075           1.297          -3.638         -13.270           60.004
  194 (vir)     1          49.677          -1.837          -2.909         -12.283           57.214
  195 (vir)     1          49.677          -1.826          -2.908         -12.282           57.226
  196 (vir)     1          50.473          -5.307          -2.905         -12.650           54.911
  197 (vir)     1          50.594          -2.963          -3.315         -12.239           56.555
  198 (vir)     1          50.594          -3.123          -3.316         -12.239           56.395
  199 (vir)     1          51.379           2.322          -2.347         -11.110           62.464
  200 (vir)     1          51.379           2.329          -2.348         -11.110           62.471
  201 (vir)     1          53.523          -0.518          -3.012         -12.544           62.538
  202 (vir)     1          54.926          -7.834          -3.221         -13.040           56.911
  203 (vir)     1          54.984          -7.014          -2.940         -11.797           56.828
  204 (vir)     1          54.985          -7.027          -2.941         -11.798           56.814
  205 (vir)     1          57.083          -0.395          -2.495         -11.941           66.133
  206 (vir)     1          57.083          -0.401          -2.496         -11.941           66.127
  207 (vir)     1          57.123           0.365          -3.105         -13.154           67.536
  208 (vir)     1          57.123           0.369          -3.105         -13.154           67.541
  209 (vir)     1          57.352           1.717          -3.420         -13.417           69.067
  210 (vir)     1          57.353           1.687          -3.419         -13.416           69.038
  211 (vir)     1          59.602           1.495          -2.783         -12.135           70.449
  212 (vir)     1          59.602           1.493          -2.783         -12.135           70.447
  213 (vir)     1          59.651           4.714          -2.806         -12.446           74.005
  214 (vir)     1          59.735          -3.104          -2.706         -12.765           66.691
  215 (vir)     1          60.069           1.392          -3.604         -13.905           71.762
  216 (vir)     1          60.070           1.339          -3.604         -13.905           71.710
  217 (vir)     1          60.907          -0.599          -4.269         -14.196           70.236
  218 (vir)     1          61.065         -10.514          -1.819         -11.232           59.964
  219 (vir)     1          61.642           1.644          -2.623         -12.415           73.078
  220 (vir)     1          61.643           1.468          -2.624         -12.416           72.902
  221 (vir)     1          61.828          -8.890          -3.717         -14.721           63.941
  222 (vir)     1          61.828          -8.896          -3.717         -14.721           63.936
  223 (vir)     1          62.071         -10.087          -2.436         -12.213           61.761
  224 (vir)     1          62.564           1.571          -3.686         -14.173           74.622
  225 (vir)     1          64.013          -0.505          -2.302         -11.986           73.192
  226 (vir)     1          64.014          -0.500          -2.303         -11.986           73.197
  227 (vir)     1          64.277          -0.676          -2.425         -12.369           73.545
  228 (vir)     1          64.278          -0.716          -2.425         -12.369           73.505
  229 (vir)     1          66.540           2.671          -4.753         -14.683           79.141
  230 (vir)     1          66.990          -8.095          -2.848         -12.491           68.538
  231 (vir)     1          66.991          -8.105          -2.849         -12.491           68.528
  232 (vir)     1          68.922           3.461          -2.586         -12.909           82.706
  233 (vir)     1          68.924           3.466          -2.587         -12.909           82.712
  234 (vir)     1          69.710           0.249          -1.845         -11.834           79.947
  235 (vir)     1          70.072           0.083          -2.801         -13.945           81.299
  236 (vir)     1          70.072           0.082          -2.800         -13.945           81.299
  237 (vir)     1          70.586         -11.443          -2.701         -13.315           69.757
  238 (vir)     1          71.136          -6.309          -4.796         -16.134           76.165
  239 (vir)     1          72.138          -2.192          -2.758         -14.263           81.450
  240 (vir)     1          72.139          -1.615          -2.759         -14.263           82.029
  241 (vir)     1          72.548           2.190          -2.412         -13.499           85.825
  242 (vir)     1          72.548           2.179          -2.411         -13.499           85.816
  243 (vir)     1          72.789           0.245          -4.594         -16.038           84.478
  244 (vir)     1          73.354           0.867          -4.323         -16.048           85.946
  245 (vir)     1          74.645          -8.807          -2.254         -13.430           77.013
  246 (vir)     1          74.988           3.532          -4.551         -16.311           90.280
  247 (vir)     1          75.955           3.663          -5.118         -17.971           92.471
  248 (vir)     1          75.956           3.659          -5.120         -17.971           92.466
  249 (vir)     1          76.683           3.265          -3.451         -14.491           90.988
  250 (vir)     1          76.684           3.269          -3.450         -14.492           90.994
  251 (vir)     1          76.850           3.846          -3.417         -15.465           92.744
  252 (vir)     1          79.059           1.433          -4.028         -15.748           92.212
  253 (vir)     1          79.083           3.482          -3.045         -13.849           93.368
  254 (vir)     1          79.084           3.497          -3.046         -13.848           93.384
  255 (vir)     1          79.232         -11.225          -2.963         -14.376           79.420
  256 (vir)     1          79.232         -11.209          -2.963         -14.376           79.436
  257 (vir)     1          79.320           2.310          -3.300         -13.599           91.929
  258 (vir)     1          79.320           2.292          -3.301         -13.599           91.910
  259 (vir)     1          81.607           1.690          -3.204         -14.768           94.862
  260 (vir)     1          81.608           1.695          -3.203         -14.769           94.868
  261 (vir)     1          82.782           2.509          -3.948         -15.086           96.429
  262 (vir)     1          82.974           2.722          -3.166         -14.509           97.039
  263 (vir)     1          85.384           2.697          -2.792         -14.149           99.438
  264 (vir)     1          85.385           2.682          -2.792         -14.150           99.424
  265 (vir)     1          85.411           3.684          -4.807         -17.570          101.858
  266 (vir)     1          85.411           3.697          -4.804         -17.568          101.872
  267 (vir)     1          85.904           3.818          -4.001         -16.602          102.322
  268 (vir)     1          87.094           2.677          -5.176         -18.002          102.597
  269 (vir)     1          87.095           2.680          -5.178         -18.003          102.600
  270 (vir)     1          87.106           1.701          -4.038         -16.899          101.668
  271 (vir)     1          87.107           1.709          -4.037         -16.898          101.677
  272 (vir)     1          87.160           2.538          -6.009         -18.753          102.441
  273 (vir)     1          88.505           2.644          -5.255         -18.490          104.385
  274 (vir)     1          88.506           2.651          -5.252         -18.490          104.395
  275 (vir)     1          88.769           2.014          -2.116         -13.225          101.892
  276 (vir)     1          91.251           0.880          -6.034         -18.927          105.025
  277 (vir)     1          91.661           3.345          -5.467         -19.917          109.456
  278 (vir)     1          92.579           3.557          -4.567         -18.223          109.792
  279 (vir)     1          92.582           3.548          -4.567         -18.222          109.785
  280 (vir)     1          92.915           2.938          -5.427         -19.937          110.362
  281 (vir)     1          92.915           2.931          -5.427         -19.937          110.355
  282 (vir)     1          94.803           3.792          -3.098         -16.491          111.988
  283 (vir)     1          97.207           2.516          -5.575         -19.162          113.311
  284 (vir)     1          97.208           2.514          -5.576         -19.162          113.308
  285 (vir)     1          97.821           3.131          -3.417         -15.925          113.460
  286 (vir)     1          98.494           4.004          -4.238         -17.687          115.947
  287 (vir)     1          98.969           3.508          -3.701         -17.176          115.951
  288 (vir)     1          98.971           3.507          -3.700         -17.173          115.952
  289 (vir)     1          99.200           2.631          -3.073         -15.516          114.274
  290 (vir)     1          99.201           2.623          -3.073         -15.515          114.266
  291 (vir)     1         102.238           3.849          -3.648         -17.381          119.820
  292 (vir)     1         102.240           3.840          -3.644         -17.381          119.817
  293 (vir)     1         105.465           4.889          -5.026         -20.548          125.877
  294 (vir)     1         106.022           3.708          -4.048         -18.410          124.093
  295 (vir)     1         106.024           3.702          -4.047         -18.408          124.088
  296 (vir)     1         107.287           1.748          -2.779         -16.038          122.293
  297 (vir)     1         108.351           1.057          -2.396         -14.756          121.768
  298 (vir)     1         108.353           1.054          -2.396         -14.756          121.768
  299 (vir)     1         108.656           2.006          -2.520         -15.711          123.852
  300 (vir)     1         111.108           3.180          -5.025         -20.706          129.969
  301 (vir)     1         112.851           2.502          -5.241         -19.901          130.014
  302 (vir)     1         112.852           2.502          -5.242         -19.901          130.014
  303 (vir)     1         113.028           2.904          -2.852         -17.031          130.111
  304 (vir)     1         114.264           2.090          -4.239         -18.013          130.128
  305 (vir)     1         114.670           1.406          -2.515         -15.473          129.034
  306 (vir)     1         123.255           2.515          -4.869         -20.682          141.583
  307 (vir)     1         123.256           2.533          -4.868         -20.682          141.603
  308 (vir)     1         123.438           3.049          -4.604         -19.981          141.864
  309 (vir)     1         123.441           3.042          -4.603         -19.979          141.859
  310 (vir)     1         123.865           1.872          -3.394         -17.377          139.720
  311 (vir)     1         123.868           1.874          -3.395         -17.377          139.724
  312 (vir)     1         127.498           0.769          -3.200         -17.088          142.156
  313 (vir)     1         127.522           3.243          -5.006         -22.722          148.481
  314 (vir)     1         130.877           1.494          -3.779         -18.376          146.968
  315 (vir)     1         132.276           3.097          -3.666         -19.845          151.552
  316 (vir)     1         132.280           3.088          -3.665         -19.841          151.544
  317 (vir)     1         133.873           3.040          -4.665         -21.556          153.803
  318 (vir)     1         133.873           3.040          -4.667         -21.556          153.803
  319 (vir)     1         136.735           0.688          -3.493         -18.549          152.478
  320 (vir)     1         137.102           3.136          -4.518         -21.553          157.273
  321 (vir)     1         137.105           3.127          -4.513         -21.549          157.268
  322 (vir)     1         142.214           1.737          -2.696         -17.102          158.357
  323 (vir)     1         142.218           1.707          -2.698         -17.099          158.326
  324 (vir)     1         151.326           2.031          -4.086         -20.645          169.916
  325 (vir)     1         153.713           2.340          -3.367         -19.848          172.534
  326 (vir)     1         153.874           2.522          -3.889         -21.009          173.516
  327 (vir)     1         153.877           2.518          -3.886         -21.006          173.515
  328 (vir)     1         155.528           1.901          -2.345         -16.955          172.039
  329 (vir)     1         156.305           2.082          -3.560         -19.924          174.751
  330 (vir)     1         156.307           2.089          -3.556         -19.922          174.762
  331 (vir)     1         158.997           1.992          -4.027         -21.573          178.535
  332 (vir)     1         161.497           2.021          -3.635         -20.296          180.178
  333 (vir)     1         161.499           2.021          -3.632         -20.295          180.182
  334 (vir)     1         167.584           1.697          -2.352         -17.713          184.641
  335 (vir)     1         167.866           1.426          -3.121         -19.669          185.841
  336 (vir)     1         205.755           0.982          -1.513         -17.483          222.706
  337 (vir)     1         215.686           7.043          -0.994         -13.356          235.090
  338 (vir)     1         233.879          12.614          -0.855         -13.478          259.117
  339 (vir)     1         233.885          12.610          -0.854         -13.473          259.113
  340 (vir)     1         240.133           0.905          -0.810         -13.511          253.739
  341 (vir)     1         240.140           2.057          -0.812         -13.504          254.889
  342 (vir)     1         244.856           3.456          -0.787         -13.624          261.149
  343 (vir)     1         275.302           1.512          -1.484         -17.849          293.180
  344 (vir)     1         319.896           1.979          -1.367         -19.044          339.551
  345 (vir)     1         319.975           1.970          -1.372         -18.965          339.538
  346 (vir)     1         351.233           1.998          -1.640         -21.024          372.615
  347 (vir)     1         351.330           1.989          -1.643         -20.926          372.603
  348 (vir)     1         383.564           2.476          -1.542         -21.658          406.155
 
