 
  kpoint:       1             coordinate:     0.0000    0.0000    0.0000                  spin:  1
 
    n           k   ϵ_nk^DFT (eV)     Σ^c_nk (eV)     Σ^x_nk (eV)    v_nk^xc (eV)   ϵ_nk^G0W0 (eV)
 
    1 (occ)     1         -16.712           5.517         -18.697         -11.985          -17.907
    2 (occ)     1         -12.279           3.047         -15.707         -11.237          -13.703
    3 (occ)     1          -6.639           0.251         -13.785         -10.787           -9.387
    4 (occ)     1          -6.307          -0.338         -12.129          -9.727           -9.047
    5 (occ)     1          -6.307          -0.338         -12.130          -9.727           -9.048
    6 (vir)     1          -3.223          -0.956          -5.336          -9.259           -0.255
    7 (vir)     1          -3.223          -0.956          -5.336          -9.259           -0.255
    8 (vir)     1           0.583          -1.436          -3.824          -7.951            3.274
    9 (vir)     1           1.491          -1.066          -1.538          -4.631            3.518
   10 (vir)     1           2.456          -1.038          -1.542          -4.824            4.700
   11 (vir)     1           2.456          -1.038          -1.543          -4.824            4.700
   12 (vir)     1           3.526          -1.891          -1.816          -5.388            5.207
   13 (vir)     1           3.526          -1.890          -1.816          -5.388            5.208
   14 (vir)     1           4.298          -1.481          -1.067          -4.361            6.110
   15 (vir)     1           4.916          -1.685          -0.790          -4.111            6.551
   16 (vir)     1           4.916          -1.685          -0.790          -4.111            6.552
   17 (vir)     1           5.016          -1.384          -0.982          -4.235            6.886
   18 (vir)     1           5.016          -1.384          -0.981          -4.235            6.887
   19 (vir)     1           5.342          -2.025          -1.866          -5.994            7.445
   20 (vir)     1           6.088          -2.355          -1.619          -5.991            8.106
   21 (vir)     1           6.088          -2.355          -1.619          -5.991            8.106
   22 (vir)     1           7.794          -2.073          -2.270          -6.861           10.311
   23 (vir)     1           9.804          -1.858          -1.413          -5.777           12.309
   24 (vir)     1          10.183          -1.825          -0.849          -5.237           12.745
   25 (vir)     1          10.183          -1.825          -0.849          -5.237           12.745
   26 (vir)     1          11.016          -2.302          -1.666          -6.465           13.514
   27 (vir)     1          11.016          -2.301          -1.665          -6.465           13.515
   28 (vir)     1          11.065          -2.626          -1.034          -5.469           12.875
   29 (vir)     1          11.065          -2.626          -1.034          -5.469           12.875
   30 (vir)     1          11.729           1.760          -2.705          -8.151           18.935
   31 (vir)     1          11.729           1.760          -2.705          -8.151           18.935
   32 (vir)     1          12.334          -4.569          -2.215          -7.695           13.246
   33 (vir)     1          13.874          -1.951          -1.710          -7.379           17.591
   34 (vir)     1          13.874          -1.916          -1.710          -7.379           17.627
   35 (vir)     1          14.042          -3.100          -0.726          -5.431           15.647
   36 (vir)     1          14.042          -3.099          -0.726          -5.431           15.648
   37 (vir)     1          14.692          -5.907          -1.983          -7.917           14.719
   38 (vir)     1          14.692          -5.901          -1.984          -7.917           14.724
   39 (vir)     1          15.683          -4.843          -1.756          -7.366           16.449
   40 (vir)     1          15.683          -4.843          -1.756          -7.366           16.450
   41 (vir)     1          17.147          -4.846          -1.621          -7.121           17.801
   42 (vir)     1          18.843          -5.240          -1.087          -6.664           19.179
   43 (vir)     1          19.183           1.801          -1.105          -6.844           26.724
   44 (vir)     1          19.183           1.791          -1.105          -6.844           26.714
   45 (vir)     1          20.851          -5.688          -0.950          -6.615           20.828
   46 (vir)     1          20.851          -5.695          -0.950          -6.615           20.822
   47 (vir)     1          22.917           2.222          -2.142          -9.111           32.108
   48 (vir)     1          31.028          -8.508          -2.056         -10.070           30.534
   49 (vir)     1          31.756           2.254          -1.586          -8.905           41.330
   50 (vir)     1          31.756           2.254          -1.587          -8.905           41.328
   51 (vir)     1          75.474           5.346          -1.059          -9.723           89.484
   52 (vir)     1          75.762         -12.439          -0.885          -9.209           71.647
   53 (vir)     1          75.762         -12.382          -0.882          -9.209           71.707
   54 (vir)     1          78.274           4.972          -0.922          -9.432           91.757
   55 (vir)     1          78.274           5.011          -0.918          -9.432           91.799
   56 (vir)     1          83.750           4.829          -0.831          -9.201           96.949
   57 (vir)     1         102.918           5.724          -0.637          -7.419          115.425
   58 (vir)     1         103.855           5.968          -0.650          -7.572          116.746
 
