 
  kpoint:       1             coordinate:     0.0000    0.0000    0.0000                  spin:  1
 
    n           k   ϵ_nk^DFT (eV)     Σ^c_nk (eV)     Σ^x_nk (eV)    v_nk^xc (eV)   ϵ_nk^G0W0 (eV)
 
    1 (occ)     1         -80.790           8.587         -58.659         -35.040          -95.821
    2 (occ)     1         -47.480           4.772         -51.082         -36.042          -57.747
    3 (occ)     1         -47.480           4.763         -51.081         -36.042          -57.755
    4 (occ)     1         -47.466           5.197         -51.103         -36.008          -57.364
    5 (occ)     1         -19.631           9.001         -31.328         -19.958          -22.000
    6 (occ)     1          -6.141           1.375         -17.909         -14.670           -8.005
    7 (occ)     1          -4.822           3.828         -22.736         -17.074           -6.656
    8 (occ)     1          -4.822           3.827         -22.732         -17.074           -6.652
    9 (vir)     1          -4.322          -0.510          -6.335          -9.592           -1.575
   10 (vir)     1          -1.063          -0.901          -2.346          -5.288            0.977
   11 (vir)     1          -1.063          -0.906          -2.351          -5.288            0.967
   12 (vir)     1           0.234          -0.570          -1.297          -4.368            2.734
   13 (vir)     1           3.846          -1.302          -0.750          -4.503            6.297
   14 (vir)     1           3.904          -1.291          -0.749          -4.445            6.310
   15 (vir)     1           4.106          -0.698          -1.359          -4.895            6.944
   16 (vir)     1           4.165          -0.189          -1.513          -4.964            7.427
   17 (vir)     1           4.165          -0.184          -1.513          -4.964            7.432
   18 (vir)     1           5.877          -1.373          -3.030          -7.589            9.062
   19 (vir)     1           5.877          -1.366          -3.032          -7.589            9.068
   20 (vir)     1           6.304          -1.177          -2.006          -6.051            9.172
   21 (vir)     1          13.417          -0.767          -4.725         -10.970           18.895
   22 (vir)     1          21.632          -2.867          -4.519         -12.307           26.553
   23 (vir)     1          21.632          -2.873          -4.521         -12.307           26.544
   24 (vir)     1          22.605          -0.656          -3.684         -11.154           29.419
   25 (vir)     1          35.556          -0.661          -5.243         -13.097           42.750
   26 (vir)     1          39.447          -7.122          -5.636         -14.275           40.964
   27 (vir)     1          39.448          -7.018          -5.628         -14.273           41.075
   28 (vir)     1          42.706          -4.158          -5.205         -14.453           47.795
   29 (vir)     1          42.706          -3.646          -5.201         -14.453           48.312
   30 (vir)     1          44.098          -0.169          -5.415         -14.919           53.433
   31 (vir)     1          54.664           4.360          -4.998         -15.579           69.605
   32 (vir)     1         122.558           1.130          -3.241         -17.934          138.380
   33 (vir)     1         122.558           1.145          -3.250         -17.934          138.386
   34 (vir)     1         123.854           2.554          -2.987         -17.766          141.187
   35 (vir)     1         171.976           1.877          -4.557         -21.215          190.511
   36 (vir)     1         177.482           4.246          -5.118         -23.244          199.853
   37 (vir)     1         177.482           3.490          -5.080         -23.244          199.135
   38 (vir)     1         178.093           2.333          -5.555         -23.571          198.442
   39 (vir)     1         178.096           2.313          -5.517         -23.568          198.460
   40 (vir)     1         201.532          -0.183          -2.947         -17.691          216.093
   41 (vir)     1         228.612           1.466          -3.402         -20.653          247.329
   42 (vir)     1         228.612           1.466          -3.404         -20.653          247.328
   43 (vir)     1         231.597           0.572          -3.180         -20.789          249.778
   44 (vir)     1         231.598           0.569          -3.178         -20.788          249.777
   45 (vir)     1         234.040           3.366          -3.206         -20.841          255.041
   46 (vir)     1         234.040           3.414          -3.207         -20.841          255.088
   47 (vir)     1         235.073           0.099          -3.215         -20.902          252.859
 
