 
  kpoint:       1             coordinate:     0.0000    0.0000    0.0000                  spin:  1
 
    n           k   ϵ_nk^DFT (eV)     Σ^c_nk (eV)     Σ^x_nk (eV)    v_nk^xc (eV)   ϵ_nk^G0W0 (eV)
 
    1 (occ)     1         -18.493           5.246         -23.610         -14.832          -22.025
    2 (occ)     1         -15.025           3.751         -22.310         -14.707          -18.878
    3 (occ)     1         -10.503           1.612         -19.099         -13.720          -14.270
    4 (occ)     1         -10.503           1.650         -19.214         -13.719          -14.347
    5 (occ)     1          -8.824           1.231         -19.261         -14.680          -12.174
    6 (occ)     1          -8.152           1.028         -18.803         -14.050          -11.877
    7 (occ)     1          -8.151           1.061         -18.901         -14.050          -11.942
    8 (vir)     1          -0.246          -0.601          -1.058          -3.303            1.398
    9 (vir)     1           0.308          -0.499          -0.784          -2.731            1.757
   10 (vir)     1           0.636          -0.432          -0.680          -2.421            1.944
   11 (vir)     1           0.636          -0.435          -0.692          -2.421            1.930
   12 (vir)     1           1.439          -0.318          -0.373          -1.773            2.521
   13 (vir)     1           1.515          -0.404          -0.641          -2.339            2.810
   14 (vir)     1           1.515          -0.399          -0.632          -2.339            2.823
   15 (vir)     1           1.629          -0.275          -0.284          -1.613            2.682
   16 (vir)     1           1.629          -0.273          -0.286          -1.613            2.683
   17 (vir)     1           3.274          -0.391          -0.533          -2.211            4.561
   18 (vir)     1           3.407          -0.682          -1.229          -3.434            4.930
   19 (vir)     1           3.666          -0.922          -1.899          -5.040            5.885
   20 (vir)     1           3.667          -0.919          -1.885          -5.039            5.902
   21 (vir)     1           4.038          -0.317          -0.247          -1.865            5.340
   22 (vir)     1           4.039          -0.315          -0.252          -1.865            5.337
   23 (vir)     1           4.413          -1.038          -2.038          -5.296            6.633
   24 (vir)     1           4.413          -1.019          -2.026          -5.296            6.664
   25 (vir)     1           4.452          -1.234          -2.636          -6.167            6.749
   26 (vir)     1           4.560          -0.698          -1.289          -3.653            6.227
   27 (vir)     1           4.560          -0.689          -1.262          -3.653            6.263
   28 (vir)     1           5.294          -1.399          -2.889          -6.889            7.895
   29 (vir)     1           5.960          -0.978          -1.439          -4.509            8.052
   30 (vir)     1           6.477          -1.052          -1.434          -4.712            8.703
   31 (vir)     1           6.477          -1.074          -1.460          -4.712            8.655
   32 (vir)     1           7.339          -1.073          -1.930          -5.317            9.652
   33 (vir)     1           7.339          -1.084          -1.931          -5.317            9.641
   34 (vir)     1           7.379          -0.564          -0.207          -2.564            9.173
   35 (vir)     1           8.442          -1.096          -1.606          -5.210           10.950
   36 (vir)     1           8.442          -1.099          -1.581          -5.210           10.972
   37 (vir)     1          10.064          -0.804          -0.470          -3.439           12.228
   38 (vir)     1          10.064          -0.824          -0.486          -3.439           12.192
   39 (vir)     1          10.358          -0.805          -0.309          -3.130           12.374
   40 (vir)     1          11.528          -1.213          -0.745          -4.146           13.717
   41 (vir)     1          11.899          -3.810          -3.850         -11.062           15.301
   42 (vir)     1          12.335          -1.020          -0.955          -4.182           14.542
   43 (vir)     1          12.936          -1.967          -2.340          -7.068           15.697
   44 (vir)     1          12.937          -1.974          -2.338          -7.068           15.693
   45 (vir)     1          13.593          -3.205          -3.513         -10.053           16.927
   46 (vir)     1          13.714          -2.574          -2.768          -8.369           16.740
   47 (vir)     1          13.715          -2.556          -2.724          -8.370           16.805
   48 (vir)     1          13.867          -1.339          -0.762          -4.535           16.302
   49 (vir)     1          14.115          -1.200          -0.597          -4.071           16.389
   50 (vir)     1          17.471          -2.137          -0.930          -5.608           20.011
   51 (vir)     1          17.471          -2.231          -0.920          -5.608           19.928
   52 (vir)     1          17.837          -1.856          -1.008          -5.636           20.608
   53 (vir)     1          17.933          -3.196          -2.777          -8.963           20.923
   54 (vir)     1          19.286          -2.080          -1.486          -6.475           22.195
   55 (vir)     1          19.286          -2.076          -1.490          -6.476           22.196
   56 (vir)     1          21.926          -2.357          -1.172          -6.155           24.552
   57 (vir)     1          22.917          -2.941          -1.301          -7.098           25.773
   58 (vir)     1          22.918          -2.886          -1.313          -7.099           25.818
   59 (vir)     1          24.508          -3.208          -0.787          -5.401           25.913
   60 (vir)     1          24.575          -3.740          -2.203          -9.049           27.681
   61 (vir)     1          24.575          -3.783          -2.269          -9.049           27.573
   62 (vir)     1          27.132          -2.284          -0.465          -4.994           29.376
   63 (vir)     1          27.193          -3.279          -1.849          -7.327           29.392
   64 (vir)     1          27.195          -3.157          -1.830          -7.328           29.536
   65 (vir)     1          31.730          -4.294          -2.377          -8.969           34.028
   66 (vir)     1          31.730          -4.126          -2.426          -8.969           34.147
   67 (vir)     1          32.273          -4.616          -1.368          -7.590           33.879
   68 (vir)     1          32.274          -4.524          -1.374          -7.590           33.966
   69 (vir)     1          32.602          -4.372          -2.226          -8.531           34.535
   70 (vir)     1          36.712          -5.647          -2.025          -9.413           38.453
   71 (vir)     1          37.217          -6.170          -2.538         -11.084           39.594
   72 (vir)     1          37.218          -6.401          -2.741         -11.085           39.161
   73 (vir)     1          39.311          -8.297          -3.099         -12.474           40.389
   74 (vir)     1          42.647         -10.129          -2.653         -13.270           43.134
   75 (vir)     1          44.709          -7.711          -1.861         -10.211           45.347
   76 (vir)     1          44.709          -7.941          -1.728         -10.210           45.250
   77 (vir)     1          45.874          -9.615          -2.722         -11.924           45.461
   78 (vir)     1          45.876          -9.896          -2.724         -11.924           45.179
   79 (vir)     1          51.669         -11.332          -1.933         -11.619           50.023
   80 (vir)     1          54.404          -4.135          -2.297         -12.618           60.589
   81 (vir)     1          54.406           5.701          -2.361         -12.618           70.365
   82 (vir)     1          56.355          -2.491          -2.434         -13.964           65.393
   83 (vir)     1          58.044          -9.637          -1.786         -11.894           58.515
   84 (vir)     1          58.046          -9.843          -1.894         -11.894           58.204
   85 (vir)     1          61.328           5.169          -1.733         -11.763           76.526
   86 (vir)     1          63.513           4.838          -2.174         -13.484           79.661
   87 (vir)     1          63.515           5.122          -2.226         -13.485           79.896
   88 (vir)     1          64.492           4.499          -2.062         -13.288           80.217
   89 (vir)     1          64.492           4.834          -2.205         -13.288           80.409
   90 (vir)     1          67.005           5.386          -2.153         -13.599           83.836
   91 (vir)     1          67.608           5.579          -1.773         -12.798           84.212
   92 (vir)     1          69.589           3.986          -1.976         -13.491           85.091
   93 (vir)     1          69.593           4.853          -1.933         -13.491           86.004
   94 (vir)     1          72.710           3.913          -1.421         -12.163           87.366
   95 (vir)     1          73.361           4.861          -1.708         -13.582           90.096
   96 (vir)     1          73.362           6.165          -1.809         -13.582           91.299
   97 (vir)     1          78.084           3.493          -1.932         -14.188           93.834
   98 (vir)     1          78.086           4.042          -1.817         -14.188           94.499
   99 (vir)     1          82.315           4.805          -2.079         -13.925           98.965
  100 (vir)     1          97.123           3.290          -2.006         -14.735          113.141
  101 (vir)     1          97.128           3.365          -1.841         -14.735          113.387
  102 (vir)     1          98.514           4.852          -2.498         -15.074          115.942
  103 (vir)     1         110.590           2.841          -1.551         -14.067          125.948
  104 (vir)     1         110.594           3.435          -1.797         -14.068          126.300
  105 (vir)     1         154.903           2.613          -1.508         -15.417          171.426
  106 (vir)     1         162.537           2.356          -1.537         -15.873          179.228
  107 (vir)     1         162.539           2.370          -1.614         -15.873          179.167
  108 (vir)     1         163.238           2.314          -1.545         -15.873          179.880
  109 (vir)     1         163.242           2.385          -1.636         -15.872          179.864
  110 (vir)     1         165.230           2.580          -1.630         -16.157          182.338
  111 (vir)     1         197.300           1.200          -1.020         -12.557          210.038
  112 (vir)     1         238.375           1.101          -0.954         -13.345          251.866
 
