 
  kpoint:       1             coordinate:     0.0000    0.0000    0.0000                  spin:  1
 
    n           k   ϵ_nk^DFT (eV)     Σ^c_nk (eV)     Σ^x_nk (eV)    v_nk^xc (eV)   ϵ_nk^G0W0 (eV)
 
    1 (occ)     1         -22.775           7.728         -27.132         -16.775          -25.404
    2 (occ)     1         -20.776           7.161         -25.503         -15.831          -23.288
    3 (occ)     1         -18.372           6.195         -24.421         -15.539          -21.059
    4 (occ)     1         -17.925           5.869         -24.605         -15.933          -20.727
    5 (occ)     1         -15.071           4.317         -22.651         -15.354          -18.052
    6 (occ)     1         -14.648           4.109         -22.751         -15.694          -17.596
    7 (occ)     1         -12.900           3.015         -20.981         -14.988          -15.879
    8 (occ)     1         -12.566           2.829         -22.103         -15.985          -15.855
    9 (occ)     1         -11.507           2.754         -21.179         -15.278          -14.654
   10 (occ)     1         -10.500           2.496         -21.607         -16.255          -13.356
   11 (occ)     1         -10.445           2.374         -20.792         -15.357          -13.505
   12 (occ)     1         -10.122           2.230         -20.367         -15.141          -13.118
   13 (occ)     1          -9.327           3.333         -18.116         -13.330          -10.780
   14 (occ)     1          -8.468           1.827         -20.399         -15.623          -11.418
   15 (occ)     1          -8.184           1.697         -20.129         -15.484          -11.133
   16 (occ)     1          -7.439           2.157         -18.309         -14.070           -9.521
   17 (occ)     1          -6.175           0.539         -15.794         -13.065           -8.365
   18 (occ)     1          -5.012           0.712         -17.329         -14.451           -7.178
   19 (vir)     1          -1.094          -2.385          -7.447         -12.293            1.367
   20 (vir)     1          -0.707          -2.147          -6.696         -11.103            1.553
   21 (vir)     1          -0.430          -1.139          -2.211          -4.924            1.144
   22 (vir)     1          -0.089          -0.913          -1.275          -3.533            1.256
   23 (vir)     1           0.051          -0.766          -1.010          -2.994            1.269
   24 (vir)     1           0.641          -0.782          -0.967          -2.942            1.834
   25 (vir)     1           0.716          -0.725          -0.887          -2.764            1.868
   26 (vir)     1           0.779          -0.685          -0.846          -2.605            1.853
   27 (vir)     1           1.060          -0.777          -0.816          -2.821            2.288
   28 (vir)     1           1.342          -0.632          -0.711          -2.386            2.385
   29 (vir)     1           1.426          -0.590          -0.532          -2.123            2.428
   30 (vir)     1           1.520          -0.787          -0.875          -2.837            2.695
   31 (vir)     1           1.610          -0.709          -0.715          -2.555            2.740
   32 (vir)     1           2.309          -0.652          -0.705          -2.377            3.329
   33 (vir)     1           2.399          -0.577          -0.530          -2.115            3.407
   34 (vir)     1           2.439          -0.572          -0.578          -2.076            3.365
   35 (vir)     1           2.497          -0.931          -1.108          -3.282            3.740
   36 (vir)     1           2.797          -0.576          -0.317          -1.793            3.697
   37 (vir)     1           2.922          -3.057          -3.692          -8.251            4.424
   38 (vir)     1           2.968          -0.673          -0.554          -2.184            3.925
   39 (vir)     1           3.035          -1.571          -2.633          -5.731            4.562
   40 (vir)     1           3.125          -0.487          -0.319          -1.777            4.095
   41 (vir)     1           3.197          -1.077          -1.723          -4.252            4.649
   42 (vir)     1           3.270          -0.931          -1.213          -3.337            4.463
   43 (vir)     1           3.693          -1.111          -1.684          -4.201            5.099
   44 (vir)     1           3.944          -1.163          -1.614          -4.114            5.281
   45 (vir)     1           3.979          -0.715          -0.828          -2.770            5.207
   46 (vir)     1           4.051          -1.458          -1.676          -4.264            5.181
   47 (vir)     1           4.147          -1.185          -1.596          -4.204            5.571
   48 (vir)     1           4.685          -0.900          -1.019          -3.231            5.996
   49 (vir)     1           4.809          -1.566          -2.355          -5.614            6.502
   50 (vir)     1           4.855          -1.190          -1.866          -4.629            6.428
   51 (vir)     1           5.235          -1.117          -1.116          -3.650            6.652
   52 (vir)     1           5.240          -0.790          -0.659          -2.614            6.405
   53 (vir)     1           5.320          -1.895          -2.563          -6.228            7.090
   54 (vir)     1           5.643          -1.440          -1.997          -5.068            7.275
   55 (vir)     1           5.672          -1.231          -1.483          -4.169            7.127
   56 (vir)     1           5.879          -1.470          -1.625          -4.782            7.566
   57 (vir)     1           5.973          -1.487          -1.866          -5.145            7.765
   58 (vir)     1           6.279          -1.466          -1.702          -4.902            8.012
   59 (vir)     1           6.506          -1.646          -2.135          -5.599            8.323
   60 (vir)     1           6.626          -1.418          -1.237          -4.280            8.250
   61 (vir)     1           6.696          -2.307          -3.837          -8.318            8.870
   62 (vir)     1           6.902          -1.665          -1.854          -5.241            8.625
   63 (vir)     1           7.605          -1.675          -1.307          -4.610            9.234
   64 (vir)     1           7.755          -1.771          -1.922          -5.567            9.630
   65 (vir)     1           7.861          -2.761          -4.277          -9.483           10.305
   66 (vir)     1           8.073          -2.076          -2.538          -6.538            9.996
   67 (vir)     1           8.091          -1.593          -2.073          -5.356            9.780
   68 (vir)     1           8.671          -1.741          -1.168          -4.543           10.305
   69 (vir)     1           8.715          -2.912          -4.042          -9.377           11.138
   70 (vir)     1           9.169          -2.148          -1.758          -5.722           10.986
   71 (vir)     1           9.372          -1.408          -0.813          -3.390           10.540
   72 (vir)     1           9.412          -2.424          -1.938          -5.951           11.001
   73 (vir)     1           9.453          -2.431          -2.390          -6.711           11.343
   74 (vir)     1           9.579          -1.909          -1.616          -5.300           11.354
   75 (vir)     1           9.660          -2.316          -1.681          -5.432           11.096
   76 (vir)     1          10.512          -1.913          -1.341          -4.873           12.131
   77 (vir)     1          10.558          -2.250          -2.291          -6.384           12.401
   78 (vir)     1          11.172          -2.335          -1.970          -6.073           12.941
   79 (vir)     1          11.381          -3.298          -3.294          -8.605           13.393
   80 (vir)     1          11.550          -1.943          -1.130          -4.204           12.682
   81 (vir)     1          12.114          -1.770          -2.113          -6.856           15.088
   82 (vir)     1          12.408          -2.838          -2.637          -7.490           14.423
   83 (vir)     1          12.568          -2.455          -2.235          -6.665           14.543
   84 (vir)     1          12.897          -3.045          -1.820          -6.476           14.508
   85 (vir)     1          13.349          -3.054          -2.830          -7.995           15.460
   86 (vir)     1          13.676          -2.480          -2.108          -6.611           15.700
   87 (vir)     1          14.357          -3.406          -2.587          -8.044           16.407
   88 (vir)     1          14.541          -3.856          -2.242          -7.848           16.292
   89 (vir)     1          14.604          -3.928          -1.605          -5.741           14.812
   90 (vir)     1          14.662          -3.878          -2.466          -8.251           16.569
   91 (vir)     1          14.962          -3.577          -2.763          -8.407           17.029
   92 (vir)     1          15.045          -3.432          -1.898          -7.039           16.754
   93 (vir)     1          15.127          -3.766          -3.067          -9.127           17.421
   94 (vir)     1          15.310          -3.649          -2.825          -8.655           17.492
   95 (vir)     1          15.384          -3.079          -1.992          -7.192           17.504
   96 (vir)     1          15.634          -4.074          -3.086          -9.336           17.810
   97 (vir)     1          15.764          -4.684          -3.662         -10.618           18.036
   98 (vir)     1          15.817          -4.493          -2.207          -8.040           17.156
   99 (vir)     1          16.035          -3.416          -1.905          -7.083           17.798
  100 (vir)     1          16.445          -2.892          -1.702          -6.690           18.541
  101 (vir)     1          16.775          -2.992          -2.229          -7.354           18.908
  102 (vir)     1          17.665          -3.901          -2.792          -9.006           19.978
  103 (vir)     1          18.421          -5.694          -4.060         -12.116           20.783
  104 (vir)     1          18.981          -3.127          -2.411          -7.667           21.110
  105 (vir)     1          19.400          -4.106          -2.366          -8.534           21.463
  106 (vir)     1          19.661          -3.507          -1.894          -7.256           21.517
  107 (vir)     1          19.737          -4.138          -2.591          -8.929           21.937
  108 (vir)     1          20.183          -3.082          -1.606          -6.731           22.226
  109 (vir)     1          20.368          -4.270          -2.319          -8.814           22.593
  110 (vir)     1          20.895          -4.259          -2.359          -8.568           22.846
  111 (vir)     1          21.061          -4.839          -1.881          -7.420           21.761
  112 (vir)     1          21.483          -3.461          -1.745          -7.111           23.387
  113 (vir)     1          21.613          -3.613          -2.025          -7.710           23.685
  114 (vir)     1          22.142          -3.583          -1.193          -6.505           23.871
  115 (vir)     1          22.331          -3.469          -1.562          -6.825           24.126
  116 (vir)     1          22.712          -2.018          -1.140          -6.454           26.008
  117 (vir)     1          22.805          -4.010          -1.859          -7.481           24.417
  118 (vir)     1          23.294          -2.463          -1.109          -6.436           26.157
  119 (vir)     1          23.581          -4.422          -1.366          -7.122           24.915
  120 (vir)     1          24.243          -2.459          -1.743          -7.670           27.710
  121 (vir)     1          24.922          -5.815          -1.954          -8.539           25.692
  122 (vir)     1          26.020          -4.339          -1.876          -8.012           27.817
  123 (vir)     1          26.464          -4.916          -2.157          -8.744           28.134
  124 (vir)     1          27.286          -4.247          -2.107          -8.367           29.299
  125 (vir)     1          27.341          -5.344          -1.891          -8.009           28.115
  126 (vir)     1          27.347          -4.026          -1.770          -7.614           29.165
  127 (vir)     1          28.003          -3.193          -2.389          -8.811           31.232
  128 (vir)     1          28.252          -4.207          -1.984          -7.979           30.041
  129 (vir)     1          28.299          -2.712          -1.918          -8.302           31.970
  130 (vir)     1          28.689          -2.011          -1.822          -7.825           32.681
  131 (vir)     1          28.996          -2.407          -1.791          -8.368           33.166
  132 (vir)     1          29.263          -5.848          -2.053          -8.360           29.722
  133 (vir)     1          30.057          -4.834          -2.035          -8.298           31.486
  134 (vir)     1          30.303          -4.946          -1.689          -7.808           31.476
  135 (vir)     1          30.468          -6.635          -1.745          -9.050           31.139
  136 (vir)     1          30.988          -6.069          -1.921          -8.368           31.366
  137 (vir)     1          31.415          -6.176          -2.216          -9.031           32.053
  138 (vir)     1          31.588          -6.636          -1.866          -8.956           32.042
  139 (vir)     1          32.517          -5.900          -2.043          -9.005           33.578
  140 (vir)     1          33.209          -5.637          -2.278          -9.533           34.827
  141 (vir)     1          33.638          -6.573          -2.235          -9.216           34.045
  142 (vir)     1          34.371          -5.439          -2.439          -9.245           35.738
  143 (vir)     1          34.643          -8.165          -2.211          -9.423           33.690
  144 (vir)     1          34.777          -5.385          -1.284          -6.925           35.033
  145 (vir)     1          36.017          -5.837          -2.033          -8.662           36.808
  146 (vir)     1          37.394          -6.531          -1.950          -9.056           37.969
  147 (vir)     1          37.576          -7.267          -2.399          -9.992           37.903
  148 (vir)     1          38.011          -7.268          -2.448         -10.195           38.489
  149 (vir)     1          38.375          -7.270          -1.954          -9.345           38.496
  150 (vir)     1          38.666          -9.706          -3.245         -11.649           37.364
  151 (vir)     1          39.546          -7.169          -2.070          -9.250           39.557
  152 (vir)     1          39.961          -8.521          -2.831         -11.536           40.145
  153 (vir)     1          41.460          -9.822          -3.399         -12.685           40.923
  154 (vir)     1          42.208          -9.312          -2.775         -11.419           41.541
  155 (vir)     1          42.624          -9.339          -2.454         -10.218           41.050
  156 (vir)     1          43.775          -9.884          -2.085          -9.793           41.599
  157 (vir)     1          44.334          -9.967          -2.323         -10.018           42.061
  158 (vir)     1          45.366         -10.081          -2.550         -10.982           43.718
  159 (vir)     1          45.937         -11.686          -2.612         -11.091           42.730
  160 (vir)     1          46.346         -10.595          -2.447         -10.960           44.264
  161 (vir)     1          47.607         -10.857          -3.002         -12.418           46.167
  162 (vir)     1          47.979          -9.603          -2.346         -10.997           47.027
  163 (vir)     1          48.593         -10.417          -2.173         -10.552           46.556
  164 (vir)     1          49.920          -9.007          -3.116         -12.879           50.675
  165 (vir)     1          49.996         -12.522          -2.775         -12.399           47.099
  166 (vir)     1          50.465          -8.371          -2.542         -11.254           50.807
  167 (vir)     1          50.815          -8.566          -2.852         -12.501           51.898
  168 (vir)     1          51.327          -8.781          -2.737         -11.844           51.654
  169 (vir)     1          51.668          -5.910          -2.898         -12.500           55.360
  170 (vir)     1          53.020          -9.525          -2.398         -11.558           52.655
  171 (vir)     1          53.066           5.409          -2.435         -11.390           67.429
  172 (vir)     1          54.047           4.887          -2.332         -11.369           67.971
  173 (vir)     1          54.707          -9.537          -2.418         -11.712           54.464
  174 (vir)     1          56.049         -12.437          -2.540         -12.178           53.250
  175 (vir)     1          57.005           4.785          -2.571         -12.382           71.601
  176 (vir)     1          57.310          -0.597          -2.794         -12.620           66.539
  177 (vir)     1          57.575           5.443          -2.706         -12.721           73.033
  178 (vir)     1          57.618           3.345          -2.416         -12.195           70.741
  179 (vir)     1          57.861           4.901          -2.623         -12.654           72.793
  180 (vir)     1          58.528          -9.532          -2.550         -12.102           58.548
  181 (vir)     1          59.033           5.015          -2.820         -13.115           74.343
  182 (vir)     1          60.343           4.567          -2.538         -12.529           74.900
  183 (vir)     1          60.396           5.684          -2.181         -11.673           75.573
  184 (vir)     1          61.472           5.581          -2.275         -12.422           77.200
  185 (vir)     1          62.025           4.931          -2.533         -12.701           77.124
  186 (vir)     1          62.814           6.162          -2.862         -13.650           79.764
  187 (vir)     1          63.482           2.671          -2.950         -14.336           77.539
  188 (vir)     1          63.502           3.134          -2.913         -14.339           78.062
  189 (vir)     1          64.141           5.518          -2.572         -13.405           80.492
  190 (vir)     1          65.172           5.087          -2.444         -13.180           80.995
  191 (vir)     1          66.017           5.515          -2.648         -13.543           82.426
  192 (vir)     1          66.144           4.431          -2.342         -12.708           80.942
  193 (vir)     1          66.948           5.676          -2.109         -12.378           82.894
  194 (vir)     1          67.107           4.464          -2.381         -13.322           82.512
  195 (vir)     1          67.757           4.877          -2.398         -13.634           83.871
  196 (vir)     1          68.584           3.659          -2.035         -12.198           82.405
  197 (vir)     1          69.349           4.652          -2.298         -12.644           84.347
  198 (vir)     1          69.841           5.346          -2.562         -13.866           86.491
  199 (vir)     1          70.156           6.975          -2.289         -13.533           88.375
  200 (vir)     1          70.389           6.100          -2.553         -13.752           87.686
  201 (vir)     1          70.733           6.057          -2.190         -13.189           87.790
  202 (vir)     1          70.999           5.715          -2.319         -13.571           87.967
  203 (vir)     1          71.387           5.446          -2.134         -13.108           87.807
  204 (vir)     1          72.057           4.952          -2.234         -12.947           87.721
  205 (vir)     1          72.484           6.365          -1.864         -12.928           89.914
  206 (vir)     1          72.720           6.665          -2.203         -13.546           90.728
  207 (vir)     1          72.735           6.470          -2.139         -13.526           90.592
  208 (vir)     1          74.470           4.832          -2.268         -13.191           90.226
  209 (vir)     1          75.038           6.178          -1.844         -12.803           92.175
  210 (vir)     1          75.620           5.344          -2.099         -12.823           91.688
  211 (vir)     1          76.100           5.366          -2.277         -13.266           92.455
  212 (vir)     1          76.321           3.695          -2.104         -12.979           90.892
  213 (vir)     1          76.898           4.841          -2.077         -12.733           92.395
  214 (vir)     1          77.764           3.620          -2.078         -13.144           92.449
  215 (vir)     1          77.980           4.155          -1.924         -13.115           93.326
  216 (vir)     1          78.915           4.135          -2.204         -13.213           94.059
  217 (vir)     1          78.999           4.607          -2.482         -14.253           95.377
  218 (vir)     1          80.910           4.879          -2.485         -14.306           97.611
  219 (vir)     1          81.154           5.165          -2.181         -13.982           98.121
  220 (vir)     1          83.666           4.388          -2.246         -13.880           99.688
  221 (vir)     1          85.028           4.372          -2.156         -14.230          101.474
  222 (vir)     1          85.247           4.279          -2.231         -14.066          101.361
  223 (vir)     1          86.115           4.709          -2.200         -13.764          102.388
  224 (vir)     1          86.835           5.015          -2.293         -13.676          103.233
  225 (vir)     1          87.856           4.851          -2.159         -14.357          104.905
  226 (vir)     1          88.068           4.075          -2.152         -13.807          103.798
  227 (vir)     1          89.548           4.275          -2.618         -15.683          106.888
  228 (vir)     1          89.933           4.151          -2.238         -14.246          106.092
  229 (vir)     1          91.219           3.249          -2.529         -14.859          106.798
  230 (vir)     1          91.930           4.093          -2.294         -14.485          108.214
  231 (vir)     1          92.378           5.393          -2.527         -14.947          110.191
  232 (vir)     1          92.763           3.022          -2.109         -14.234          107.910
  233 (vir)     1          93.512           3.035          -1.869         -13.512          108.190
  234 (vir)     1          94.182           3.168          -2.071         -13.880          109.159
  235 (vir)     1          98.320           3.339          -2.466         -14.922          114.114
  236 (vir)     1         102.050           4.406          -2.236         -14.630          118.850
  237 (vir)     1         103.734           2.757          -1.790         -13.439          118.139
  238 (vir)     1         105.018           3.471          -2.039         -14.157          120.608
  239 (vir)     1         105.142           3.626          -2.142         -14.435          121.062
  240 (vir)     1         106.040           3.167          -2.133         -14.390          121.464
  241 (vir)     1         106.946           2.577          -2.011         -13.446          120.958
  242 (vir)     1         109.062           3.526          -2.224         -14.891          125.254
  243 (vir)     1         110.034           3.075          -1.989         -14.204          125.324
  244 (vir)     1         113.354           1.878          -1.503         -13.379          127.109
  245 (vir)     1         122.310           1.927          -1.951         -14.665          136.952
  246 (vir)     1         127.355           2.258          -2.060         -15.880          143.433
  247 (vir)     1         127.657           3.114          -2.484         -16.664          144.951
  248 (vir)     1         128.276           2.382          -1.974         -14.931          143.614
  249 (vir)     1         130.850           1.969          -1.857         -14.727          145.688
  250 (vir)     1         135.314           2.564          -2.070         -15.456          151.264
  251 (vir)     1         144.570           2.975          -2.436         -17.237          162.347
  252 (vir)     1         153.129           2.644          -1.829         -16.082          170.025
  253 (vir)     1         162.049           2.249          -1.696         -15.839          178.441
  254 (vir)     1         162.352           2.545          -1.711         -15.939          179.125
  255 (vir)     1         164.953           2.161          -1.657         -15.764          181.220
  256 (vir)     1         165.650           1.856          -1.626         -15.255          181.134
  257 (vir)     1         166.847           2.827          -1.642         -15.840          183.872
  258 (vir)     1         166.856           2.241          -1.591         -15.626          183.132
  259 (vir)     1         183.110           0.919          -1.839         -15.692          197.882
  260 (vir)     1         212.195           5.916          -1.025         -14.013          231.098
  261 (vir)     1         232.831           6.236          -1.178         -15.902          253.791
  262 (vir)     1         240.609           6.683          -0.732         -13.371          259.932
  263 (vir)     1         241.235           7.086          -0.770         -13.740          261.292
  264 (vir)     1         244.133           9.979          -0.551         -13.629          267.191
  265 (vir)     1         244.551           7.471          -0.724         -13.648          264.945
  266 (vir)     1         246.669           7.013          -0.692         -13.620          266.609
 
