 
  kpoint:       1             coordinate:     0.0000    0.0000    0.0000                  spin:  1
 
    n           k   ϵ_nk^DFT (eV)     Σ^c_nk (eV)     Σ^x_nk (eV)    v_nk^xc (eV)   ϵ_nk^G0W0 (eV)
 
    1 (occ)     1         -22.956           8.320         -24.420         -15.276          -23.780
    2 (occ)     1         -18.189           6.194         -23.936         -15.414          -20.517
    3 (occ)     1         -14.433           3.687         -21.216         -14.456          -17.506
    4 (occ)     1         -12.136           2.611         -19.960         -14.326          -15.159
    5 (occ)     1         -11.120           2.075         -20.330         -15.120          -14.255
    6 (occ)     1          -9.397           1.986         -17.326         -12.870          -11.867
    7 (occ)     1          -9.118           1.422         -18.992         -14.188          -12.501
    8 (occ)     1          -6.878           1.159         -17.114         -12.968           -9.865
    9 (occ)     1          -5.803           0.294         -15.887         -12.850           -8.546
   10 (vir)     1          -1.298          -1.870          -6.474         -11.351            1.709
   11 (vir)     1          -0.180          -0.747          -1.296          -3.675            1.453
   12 (vir)     1           0.284          -0.638          -0.917          -2.964            1.691
   13 (vir)     1           0.533          -0.711          -0.950          -3.155            2.027
   14 (vir)     1           0.630          -1.114          -2.846          -6.139            2.809
   15 (vir)     1           0.891          -0.467          -0.608          -2.271            2.087
   16 (vir)     1           1.384          -0.433          -0.527          -2.124            2.548
   17 (vir)     1           1.617          -0.429          -0.619          -2.279            2.849
   18 (vir)     1           1.681          -0.439          -0.624          -2.139            2.757
   19 (vir)     1           1.897          -0.407          -0.631          -2.269            3.127
   20 (vir)     1           2.199          -0.778          -1.878          -4.382            3.925
   21 (vir)     1           3.036          -0.681          -1.301          -3.517            4.571
   22 (vir)     1           3.303          -0.705          -1.254          -3.662            5.006
   23 (vir)     1           3.372          -1.223          -2.375          -5.607            5.381
   24 (vir)     1           4.171          -0.998          -1.397          -3.999            5.775
   25 (vir)     1           4.236          -0.780          -1.322          -4.026            6.160
   26 (vir)     1           4.580          -0.686          -1.071          -3.629            6.452
   27 (vir)     1           4.736          -0.942          -1.641          -4.468            6.621
   28 (vir)     1           4.962          -1.059          -1.514          -4.407            6.796
   29 (vir)     1           5.504          -0.868          -1.604          -4.448            7.481
   30 (vir)     1           5.804          -1.132          -1.569          -4.653            7.756
   31 (vir)     1           6.087          -0.935          -1.557          -4.971            8.567
   32 (vir)     1           6.089          -1.394          -2.111          -5.624            8.208
   33 (vir)     1           6.183          -1.338          -2.234          -5.934            8.545
   34 (vir)     1           6.533          -1.361          -1.569          -4.736            8.338
   35 (vir)     1           6.950          -1.248          -1.735          -5.136            9.103
   36 (vir)     1           7.227          -1.291          -1.322          -4.501            9.116
   37 (vir)     1           8.094          -1.393          -1.440          -4.923           10.183
   38 (vir)     1           8.325          -2.059          -1.332          -5.254           10.188
   39 (vir)     1           8.865          -1.643          -1.343          -5.033           10.911
   40 (vir)     1           9.353          -1.734          -1.933          -5.974           11.659
   41 (vir)     1           9.435          -1.994          -1.502          -5.633           11.572
   42 (vir)     1          10.555          -1.864          -1.782          -5.841           12.750
   43 (vir)     1          10.713          -0.891          -0.751          -4.521           13.591
   44 (vir)     1          11.253          -2.166          -1.677          -5.958           13.368
   45 (vir)     1          11.424          -1.097          -0.540          -4.070           13.857
   46 (vir)     1          11.626          -2.136          -1.491          -5.656           13.655
   47 (vir)     1          11.749          -1.778          -1.874          -6.107           14.205
   48 (vir)     1          12.786          -1.581          -0.907          -4.767           15.065
   49 (vir)     1          12.933          -1.738          -1.348          -5.344           15.191
   50 (vir)     1          13.276          -1.810          -1.055          -5.196           15.607
   51 (vir)     1          13.463          -2.059          -1.783          -6.204           15.824
   52 (vir)     1          14.099          -2.143          -2.069          -6.749           16.636
   53 (vir)     1          14.617          -3.471          -2.520          -8.159           16.784
   54 (vir)     1          15.707          -2.089          -1.563          -6.099           18.154
   55 (vir)     1          15.768          -2.654          -1.746          -6.679           18.047
   56 (vir)     1          16.029          -4.054          -3.301          -9.798           18.472
   57 (vir)     1          16.590          -3.777          -3.169          -9.690           19.333
   58 (vir)     1          17.003          -3.009          -2.657          -8.244           19.582
   59 (vir)     1          17.235          -1.460          -0.916          -5.138           19.997
   60 (vir)     1          18.097          -3.207          -1.703          -6.846           20.034
   61 (vir)     1          19.151          -2.447          -1.326          -6.134           21.512
   62 (vir)     1          21.261          -1.790          -1.093          -6.202           24.580
   63 (vir)     1          21.646          -3.150          -1.302          -6.617           23.811
   64 (vir)     1          22.091          -3.883          -2.107          -8.056           24.156
   65 (vir)     1          22.744          -2.878          -1.306          -6.316           24.875
   66 (vir)     1          23.306          -3.107          -2.957          -9.961           27.203
   67 (vir)     1          23.644          -4.041          -2.375          -8.686           25.914
   68 (vir)     1          24.032          -5.201          -2.392          -9.291           25.730
   69 (vir)     1          25.209          -5.611          -2.792          -9.510           26.315
   70 (vir)     1          26.089          -2.846          -1.902          -8.055           29.396
   71 (vir)     1          27.323          -8.068          -2.516          -9.553           26.292
   72 (vir)     1          27.493           0.015          -1.312          -6.439           32.636
   73 (vir)     1          28.512          -8.027          -2.500          -9.417           27.402
   74 (vir)     1          30.257          -7.782          -2.696         -10.372           30.151
   75 (vir)     1          30.937          -4.504          -2.859         -10.711           34.284
   76 (vir)     1          32.196          -5.028          -4.098         -12.610           35.679
   77 (vir)     1          33.237          -7.503          -2.065          -9.003           32.672
   78 (vir)     1          34.933          -6.953          -2.284          -9.873           35.568
   79 (vir)     1          36.060          -3.052          -3.072         -11.019           40.956
   80 (vir)     1          37.171          -7.967          -3.004         -11.158           37.358
   81 (vir)     1          39.408          -8.377          -2.558         -10.676           39.149
   82 (vir)     1          40.856          -7.419          -2.173          -9.590           40.854
   83 (vir)     1          41.116          -8.642          -2.615         -12.133           41.992
   84 (vir)     1          42.370           4.296          -2.026         -10.330           54.970
   85 (vir)     1          43.644         -10.128          -2.253         -10.543           41.806
   86 (vir)     1          46.986         -11.962          -2.616         -12.114           44.523
   87 (vir)     1          47.823           3.880          -2.718         -11.947           60.932
   88 (vir)     1          52.012           3.567          -2.911         -12.778           65.446
   89 (vir)     1          55.551           4.743          -2.421         -12.139           70.012
   90 (vir)     1          59.005           4.918          -2.814         -13.421           74.531
   91 (vir)     1          59.137           3.502          -2.480         -12.542           72.702
   92 (vir)     1          62.290           4.727          -2.487         -13.189           77.719
   93 (vir)     1          63.242           2.691          -2.690         -13.648           76.892
   94 (vir)     1          64.035           3.431          -2.433         -12.972           78.005
   95 (vir)     1          66.209           3.367          -2.454         -13.355           80.476
   96 (vir)     1          68.057           3.501          -2.526         -13.463           82.495
   97 (vir)     1          69.668           3.799          -2.333         -13.401           84.535
   98 (vir)     1          72.377           3.992          -1.741         -13.001           87.629
   99 (vir)     1          72.461           3.945          -2.265         -13.497           87.639
  100 (vir)     1          73.990           3.560          -1.941         -12.504           88.112
  101 (vir)     1          74.902           2.914          -2.068         -13.066           88.814
  102 (vir)     1          76.803          -5.101          -1.935         -12.881           82.648
  103 (vir)     1          79.509           3.148          -2.140         -13.548           94.066
  104 (vir)     1          83.343           2.503          -2.436         -14.034           97.444
  105 (vir)     1          87.119           2.475          -1.959         -13.331          100.965
  106 (vir)     1          88.883           2.149          -1.986         -13.418          102.463
  107 (vir)     1          96.483           1.703          -2.405         -15.123          110.904
  108 (vir)     1         112.159           3.649          -1.403         -11.994          126.399
  109 (vir)     1         114.100           3.112          -1.485         -12.519          128.246
  110 (vir)     1         155.767           2.434          -1.767         -16.105          172.540
  111 (vir)     1         162.806           2.499          -1.640         -15.887          179.553
  112 (vir)     1         164.244           2.573          -1.633         -15.909          181.093
  113 (vir)     1         202.472           5.911          -0.750         -12.404          220.036
  114 (vir)     1         240.731          11.265          -0.674         -13.609          264.931
 
