 
  kpoint:       1             coordinate:     0.0000    0.0000    0.0000                  spin:  1
 
    n           k   ϵ_nk^DFT (eV)     Σ^c_nk (eV)     Σ^x_nk (eV)    v_nk^xc (eV)   ϵ_nk^G0W0 (eV)
 
    1 (occ)     1         -26.094          10.730         -30.873         -19.095          -27.142
    2 (occ)     1         -22.985           8.199         -28.964         -18.431          -25.319
    3 (occ)     1         -22.003           6.187         -27.521         -17.527          -25.810
    4 (occ)     1         -15.159           3.117         -23.706         -16.805          -18.943
    5 (occ)     1         -13.766           2.510         -22.888         -16.663          -17.482
    6 (occ)     1         -13.463           2.471         -22.545         -16.213          -17.325
    7 (occ)     1         -11.540           1.634         -22.290         -16.790          -15.404
    8 (occ)     1         -10.396           2.845         -21.096         -15.363          -13.284
    9 (occ)     1          -9.839           3.591         -26.044         -19.139          -13.154
   10 (occ)     1          -6.623           1.819         -20.872         -16.037           -9.640
   11 (occ)     1          -6.504           2.095         -22.713         -17.700           -9.422
   12 (occ)     1          -5.914           2.800         -24.614         -18.761           -8.968
   13 (vir)     1          -0.821          -0.823          -1.547          -4.186            0.995
   14 (vir)     1          -0.145          -1.236          -4.063          -7.548            2.104
   15 (vir)     1           0.242          -1.118          -3.636          -6.815            2.303
   16 (vir)     1           0.383          -0.634          -1.247          -3.437            1.940
   17 (vir)     1           0.978          -0.955          -3.447          -6.275            2.851
   18 (vir)     1           1.123          -0.627          -1.495          -3.666            2.668
   19 (vir)     1           1.286          -0.474          -0.717          -2.535            2.630
   20 (vir)     1           1.618          -0.488          -0.783          -2.703            3.051
   21 (vir)     1           1.773          -0.354          -0.609          -2.158            2.969
   22 (vir)     1           1.896          -0.330          -0.496          -2.038            3.109
   23 (vir)     1           2.330          -0.637          -1.155          -3.352            3.890
   24 (vir)     1           2.848          -0.490          -0.998          -2.881            4.240
   25 (vir)     1           3.186          -0.691          -1.289          -3.533            4.739
   26 (vir)     1           3.359          -0.381          -0.483          -2.099            4.595
   27 (vir)     1           3.452          -0.448          -0.672          -2.409            4.741
   28 (vir)     1           3.476          -0.410          -0.669          -2.242            4.639
   29 (vir)     1           3.559          -0.853          -1.481          -4.142            5.366
   30 (vir)     1           3.873          -0.900          -1.883          -4.507            5.597
   31 (vir)     1           4.341          -1.052          -2.018          -4.905            6.177
   32 (vir)     1           4.589          -0.573          -1.014          -3.144            6.145
   33 (vir)     1           4.817          -0.504          -0.613          -2.529            6.228
   34 (vir)     1           4.849          -0.999          -1.985          -4.850            6.715
   35 (vir)     1           5.295          -0.960          -1.569          -4.485            7.250
   36 (vir)     1           6.190          -1.145          -1.762          -5.122            8.404
   37 (vir)     1           6.736          -1.110          -1.806          -5.154            8.975
   38 (vir)     1           6.998          -0.972          -1.475          -4.567            9.117
   39 (vir)     1           7.510          -0.909          -1.311          -4.355            9.644
   40 (vir)     1           7.685          -1.890          -3.007          -7.544           10.333
   41 (vir)     1           8.271          -1.180          -1.981          -5.561           10.670
   42 (vir)     1           9.242          -1.797          -3.369          -7.693           11.769
   43 (vir)     1           9.432          -3.044          -4.818         -10.806           12.376
   44 (vir)     1           9.607          -1.402          -2.768          -6.297           11.732
   45 (vir)     1          10.186          -1.804          -2.939          -7.383           12.826
   46 (vir)     1          10.469          -2.265          -3.249          -8.411           13.365
   47 (vir)     1          11.592          -1.487          -1.877          -5.928           14.156
   48 (vir)     1          12.415          -1.708          -1.231          -5.234           14.710
   49 (vir)     1          12.763          -1.562          -1.147          -5.211           15.264
   50 (vir)     1          12.864          -1.612          -2.084          -6.268           15.436
   51 (vir)     1          13.567          -3.026          -3.353          -9.321           16.509
   52 (vir)     1          13.742          -1.667          -2.063          -6.310           16.322
   53 (vir)     1          14.017          -2.638          -3.030          -8.465           16.814
   54 (vir)     1          14.300          -1.989          -2.521          -7.127           16.916
   55 (vir)     1          14.669          -2.233          -2.516          -7.676           17.596
   56 (vir)     1          14.754          -3.402          -3.540          -9.814           17.627
   57 (vir)     1          15.692          -2.880          -2.559          -8.076           18.329
   58 (vir)     1          16.754          -3.014          -3.233          -9.295           19.802
   59 (vir)     1          17.284          -3.606          -3.340          -9.981           20.319
   60 (vir)     1          17.505          -2.621          -2.041          -7.524           20.367
   61 (vir)     1          20.367          -2.845          -2.417          -8.360           23.465
   62 (vir)     1          21.106          -2.910          -2.900          -8.987           24.283
   63 (vir)     1          21.408          -2.826          -2.496          -8.310           24.396
   64 (vir)     1          22.069          -3.468          -2.429          -8.701           24.873
   65 (vir)     1          22.623          -3.410          -3.313          -9.873           25.773
   66 (vir)     1          22.957          -3.980          -3.547         -10.547           25.977
   67 (vir)     1          23.428          -3.230          -2.338          -8.377           26.238
   68 (vir)     1          24.031          -3.715          -3.237          -9.972           27.051
   69 (vir)     1          27.285          -4.130          -3.737         -10.888           30.305
   70 (vir)     1          30.554          -4.957          -2.925          -9.852           32.523
   71 (vir)     1          32.128          -5.911          -2.972         -10.714           33.958
   72 (vir)     1          32.226          -6.633          -3.492         -11.704           33.805
   73 (vir)     1          33.929          -6.550          -4.605         -12.756           35.530
   74 (vir)     1          33.933          -8.047          -3.929         -12.010           33.967
   75 (vir)     1          34.315          -7.058          -4.702         -13.064           35.620
   76 (vir)     1          36.542          -7.231          -4.000         -12.150           37.461
   77 (vir)     1          38.953          -9.384          -3.872         -12.383           38.080
   78 (vir)     1          39.233          -7.475          -3.911         -12.557           40.404
   79 (vir)     1          41.300          -8.858          -4.061         -13.576           41.957
   80 (vir)     1          41.557          -9.429          -4.020         -13.159           41.268
   81 (vir)     1          42.394          -7.987          -3.080         -11.167           42.495
   82 (vir)     1          44.215         -11.018          -3.620         -12.973           42.550
   83 (vir)     1          45.827          -9.832          -3.107         -12.330           45.218
   84 (vir)     1          46.755          -9.988          -2.947         -12.324           46.144
   85 (vir)     1          47.224           4.348          -3.950         -13.213           60.834
   86 (vir)     1          48.389          -9.813          -3.053         -12.253           47.777
   87 (vir)     1          48.895         -10.915          -3.108         -12.463           47.335
   88 (vir)     1          49.553          -5.994          -3.924         -13.253           52.889
   89 (vir)     1          49.932           4.752          -3.411         -12.740           64.012
   90 (vir)     1          50.790          -6.219          -3.632         -13.902           54.841
   91 (vir)     1          52.097          -5.207          -3.587         -13.556           56.859
   92 (vir)     1          52.836         -12.240          -3.341         -13.158           50.413
   93 (vir)     1          52.890         -11.632          -2.786         -12.684           51.156
   94 (vir)     1          54.337           4.926          -4.206         -14.853           69.911
   95 (vir)     1          55.311          -2.027          -3.063         -13.140           63.361
   96 (vir)     1          57.298         -11.466          -3.243         -13.274           55.863
   97 (vir)     1          58.966          -0.746          -2.913         -13.168           68.474
   98 (vir)     1          59.743           4.937          -2.787         -12.501           74.394
   99 (vir)     1          61.226           4.536          -3.045         -13.495           76.212
  100 (vir)     1          62.187           4.670          -3.634         -14.373           77.596
  101 (vir)     1          63.587           3.948          -3.299         -13.891           78.127
  102 (vir)     1          63.673           3.066          -3.535         -13.915           77.119
  103 (vir)     1          66.242           4.373          -2.665         -12.924           80.874
  104 (vir)     1          66.719           3.525          -2.623         -12.569           80.191
  105 (vir)     1          68.121           4.382          -3.132         -14.368           83.740
  106 (vir)     1          69.345           3.905          -2.865         -13.538           83.922
  107 (vir)     1          72.392           3.751          -3.178         -14.581           87.545
  108 (vir)     1          73.235           4.310          -3.021         -14.594           89.118
  109 (vir)     1          73.992           3.702          -2.818         -14.061           88.937
  110 (vir)     1          74.572           4.508          -2.700         -13.876           90.256
  111 (vir)     1          75.597           4.580          -2.732         -14.169           91.615
  112 (vir)     1          76.747           3.607          -3.457         -15.395           92.292
  113 (vir)     1          79.754           3.286          -3.063         -14.948           94.926
  114 (vir)     1          80.725           3.230          -2.774         -14.150           95.331
  115 (vir)     1          82.237           4.254          -2.886         -15.033           98.636
  116 (vir)     1          84.010           3.991          -2.906         -15.133          100.227
  117 (vir)     1          84.018           3.618          -2.738         -14.488           99.385
  118 (vir)     1          85.219           4.168          -3.174         -16.246          102.459
  119 (vir)     1          85.569           4.591          -3.101         -16.179          103.238
  120 (vir)     1          87.108           4.648          -2.701         -15.182          104.237
  121 (vir)     1          88.960           3.974          -3.036         -15.647          105.546
  122 (vir)     1          90.940           3.385          -2.747         -15.109          106.687
  123 (vir)     1          98.758           2.459          -2.019         -13.531          112.729
  124 (vir)     1         103.250           2.696          -2.892         -15.552          118.606
  125 (vir)     1         105.041           1.977          -3.036         -15.787          119.769
  126 (vir)     1         107.174           2.845          -2.645         -15.477          122.851
  127 (vir)     1         122.865           2.641          -3.103         -17.778          140.181
  128 (vir)     1         129.060           3.877          -3.446         -18.933          148.424
  129 (vir)     1         134.321           3.137          -3.718         -19.682          153.422
  130 (vir)     1         136.202           3.811          -3.250         -18.622          155.386
  131 (vir)     1         138.658           2.694          -2.600         -17.108          155.859
  132 (vir)     1         139.958           2.467          -2.555         -17.119          156.990
  133 (vir)     1         146.159           3.194          -2.062         -16.364          163.655
  134 (vir)     1         159.881           2.704          -1.670         -15.525          176.440
  135 (vir)     1         160.581           2.174          -1.765         -15.451          176.441
  136 (vir)     1         165.613           2.137          -1.535         -15.054          181.268
  137 (vir)     1         178.638           1.479          -5.275         -23.208          198.049
  138 (vir)     1         180.645           1.660          -4.971         -22.522          199.855
  139 (vir)     1         181.489           1.851          -4.845         -22.657          201.151
  140 (vir)     1         183.850           1.847          -4.996         -23.064          203.765
  141 (vir)     1         189.445           1.718          -5.095         -23.288          209.356
  142 (vir)     1         190.568           3.052          -2.589         -17.332          208.364
  143 (vir)     1         227.539           4.516          -2.287         -17.985          247.754
  144 (vir)     1         227.712           4.028          -1.995         -16.521          246.266
  145 (vir)     1         237.610           1.247          -3.641         -21.612          256.828
  146 (vir)     1         238.401           1.390          -3.527         -21.378          257.642
  147 (vir)     1         238.681           1.225          -3.580         -21.633          257.959
  148 (vir)     1         239.765           1.749          -3.501         -21.046          259.059
  149 (vir)     1         240.854           1.155          -3.709         -21.976          260.275
  150 (vir)     1         242.482           1.041          -3.742         -22.067          261.848
  151 (vir)     1         245.531           1.180          -3.734         -22.142          265.120
  152 (vir)     1         254.745           3.134          -2.285         -17.813          273.407
 
