 
  kpoint:       1             coordinate:     0.0000    0.0000    0.0000                  spin:  1
 
    n           k   ϵ_nk^DFT (eV)     Σ^c_nk (eV)     Σ^x_nk (eV)    v_nk^xc (eV)   ϵ_nk^G0W0 (eV)
 
    1 (occ)     1         -30.831          10.420         -37.165         -23.003          -34.572
    2 (occ)     1         -19.143           6.197         -24.414         -16.225          -21.136
    3 (occ)     1         -15.064           4.084         -24.607         -17.372          -18.215
    4 (occ)     1         -13.078           3.326         -24.123         -17.580          -16.295
    5 (occ)     1         -11.835           2.799         -23.148         -17.260          -14.923
    6 (occ)     1         -11.113           4.194         -27.426         -20.272          -14.073
    7 (occ)     1         -10.019           1.818         -20.572         -15.424          -13.349
    8 (occ)     1          -8.869           3.304         -26.864         -20.117          -12.312
    9 (occ)     1          -6.513           0.677         -18.422         -14.884           -9.374
   10 (vir)     1          -0.947          -2.114          -6.626         -12.058            2.370
   11 (vir)     1          -0.095          -0.712          -1.093          -3.308            1.409
   12 (vir)     1           0.306          -0.663          -0.845          -2.904            1.702
   13 (vir)     1           0.594          -0.704          -1.282          -3.483            2.091
   14 (vir)     1           0.934          -0.456          -0.540          -2.071            2.009
   15 (vir)     1           1.105          -0.850          -1.826          -4.312            2.741
   16 (vir)     1           1.472          -0.406          -0.396          -1.824            2.493
   17 (vir)     1           1.931          -0.321          -0.334          -1.593            2.870
   18 (vir)     1           1.962          -0.350          -0.351          -1.746            3.008
   19 (vir)     1           1.999          -0.447          -0.608          -2.101            3.045
   20 (vir)     1           2.849          -1.474          -3.903          -7.737            5.210
   21 (vir)     1           3.233          -0.627          -0.934          -2.967            4.639
   22 (vir)     1           3.636          -1.010          -1.831          -4.636            5.432
   23 (vir)     1           3.896          -0.960          -1.257          -3.727            5.406
   24 (vir)     1           4.240          -0.648          -0.843          -2.809            5.557
   25 (vir)     1           4.718          -0.369          -0.217          -1.836            5.968
   26 (vir)     1           4.959          -1.000          -1.444          -4.285            6.800
   27 (vir)     1           5.475          -1.122          -1.615          -4.681            7.419
   28 (vir)     1           5.641          -0.417          -0.386          -2.006            6.845
   29 (vir)     1           5.915          -1.395          -1.965          -5.579            8.134
   30 (vir)     1           6.281          -1.233          -1.525          -4.934            8.458
   31 (vir)     1           7.361          -1.214          -1.177          -4.180            9.149
   32 (vir)     1           7.833          -1.681          -2.519          -6.615           10.248
   33 (vir)     1           7.846          -0.973          -0.685          -3.033            9.221
   34 (vir)     1           8.350          -2.537          -2.895          -7.836           10.754
   35 (vir)     1           8.698          -1.610          -1.187          -4.747           10.648
   36 (vir)     1           9.050          -1.846          -2.031          -5.974           11.147
   37 (vir)     1          10.279          -1.643          -1.486          -5.157           12.307
   38 (vir)     1          11.898          -2.545          -1.892          -6.489           13.951
   39 (vir)     1          12.548          -0.985          -1.577          -6.106           16.092
   40 (vir)     1          13.667          -3.295          -2.873          -8.531           16.030
   41 (vir)     1          14.078          -0.984          -0.921          -4.525           16.697
   42 (vir)     1          14.486          -3.775          -3.375         -10.056           17.392
   43 (vir)     1          14.670          -1.390          -0.800          -4.369           16.850
   44 (vir)     1          15.601          -2.832          -2.563          -8.180           18.386
   45 (vir)     1          16.113          -3.561          -2.525          -8.190           18.217
   46 (vir)     1          16.271          -2.481          -2.012          -7.098           18.876
   47 (vir)     1          16.368          -4.163          -3.036          -9.585           18.753
   48 (vir)     1          16.828          -2.940          -2.127          -7.745           19.507
   49 (vir)     1          17.717          -2.429          -1.483          -6.364           20.168
   50 (vir)     1          18.206          -2.836          -2.686          -8.551           21.234
   51 (vir)     1          19.384          -2.830          -2.084          -7.650           22.120
   52 (vir)     1          19.547          -2.391          -1.788          -7.081           22.449
   53 (vir)     1          20.464          -2.916          -1.465          -6.750           22.833
   54 (vir)     1          21.450          -4.998          -1.544          -7.006           21.915
   55 (vir)     1          21.622          -1.520          -1.050          -6.467           25.519
   56 (vir)     1          23.742          -3.802          -1.172          -5.879           24.648
   57 (vir)     1          24.455          -2.520          -1.577          -7.474           27.831
   58 (vir)     1          24.970          -3.515          -2.576          -9.072           27.951
   59 (vir)     1          25.672          -4.639          -2.071          -8.658           27.621
   60 (vir)     1          27.042          -2.662          -3.002          -9.907           31.284
   61 (vir)     1          28.993           3.000          -2.019          -8.303           38.276
   62 (vir)     1          29.103          -2.153          -2.465         -10.020           34.505
   63 (vir)     1          30.317          -1.086          -2.548          -9.085           35.767
   64 (vir)     1          32.744          -4.687          -2.242          -9.176           34.991
   65 (vir)     1          33.829          -5.610          -2.441          -9.369           35.147
   66 (vir)     1          34.539          -6.440          -2.917         -11.183           36.365
   67 (vir)     1          34.895          -5.760          -1.942          -8.698           35.891
   68 (vir)     1          36.926          -8.568          -2.723         -11.350           36.985
   69 (vir)     1          37.728          -8.847          -2.419         -10.695           37.157
   70 (vir)     1          39.165          -5.611          -1.927          -8.858           40.485
   71 (vir)     1          41.936          -9.022          -2.479         -10.680           41.115
   72 (vir)     1          43.519         -10.529          -2.496         -10.906           41.399
   73 (vir)     1          44.364          -8.798          -2.228         -10.079           43.417
   74 (vir)     1          44.518          -7.312          -2.147         -10.901           45.960
   75 (vir)     1          47.285           2.773          -1.769          -9.574           57.863
   76 (vir)     1          50.103          -9.630          -2.906         -12.035           49.603
   77 (vir)     1          51.265           0.356          -2.408         -10.923           60.135
   78 (vir)     1          51.831           0.320          -2.808         -12.396           61.739
   79 (vir)     1          51.993          -9.078          -2.151         -10.201           50.965
   80 (vir)     1          53.293         -10.643          -1.999         -10.653           51.305
   81 (vir)     1          55.950           4.565          -2.602         -12.256           70.169
   82 (vir)     1          57.458           3.551          -2.439         -12.460           71.029
   83 (vir)     1          60.006           4.574          -2.885         -12.872           74.567
   84 (vir)     1          60.011         -10.876          -3.199         -13.925           59.860
   85 (vir)     1          61.634          -3.648          -2.755         -12.784           68.016
   86 (vir)     1          63.283         -10.925          -2.297         -13.298           63.360
   87 (vir)     1          64.002           2.940          -2.033         -12.341           77.250
   88 (vir)     1          66.703           3.779          -2.446         -13.643           81.680
   89 (vir)     1          67.660           6.622          -2.748         -13.704           85.239
   90 (vir)     1          68.509           4.187          -2.695         -13.132           83.133
   91 (vir)     1          72.776           5.802          -1.979         -12.947           89.547
   92 (vir)     1          73.164           3.984          -3.333         -14.772           88.587
   93 (vir)     1          75.700           2.243          -2.349         -13.979           89.572
   94 (vir)     1          77.136           4.387          -3.042         -14.684           93.166
   95 (vir)     1          79.779           3.794          -3.927         -15.903           95.548
   96 (vir)     1          80.004           4.882          -2.305         -13.848           96.429
   97 (vir)     1          83.254           5.631          -2.907         -15.006          100.985
   98 (vir)     1          87.088           2.716          -3.748         -16.611          102.668
   99 (vir)     1          89.837           4.451          -6.519         -19.636          107.404
  100 (vir)     1          91.658           4.097          -5.451         -19.195          109.498
  101 (vir)     1          91.805           4.697          -5.908         -18.880          109.474
  102 (vir)     1          96.211           3.080          -4.564         -17.383          112.109
  103 (vir)     1          97.294           2.539          -3.517         -17.738          114.054
  104 (vir)     1         100.642           3.333          -3.956         -17.755          117.775
  105 (vir)     1         116.356           3.272          -2.320         -15.415          132.723
  106 (vir)     1         116.361           4.951          -5.635         -21.183          136.860
  107 (vir)     1         125.413           3.124          -4.035         -21.144          145.646
  108 (vir)     1         135.700           3.180          -4.758         -21.884          156.006
  109 (vir)     1         156.848           4.005          -1.513         -16.234          175.573
  110 (vir)     1         163.235           4.678          -1.420         -15.877          182.369
  111 (vir)     1         164.566           3.877          -1.377         -15.818          182.883
  112 (vir)     1         199.359           0.794          -1.582         -12.832          211.404
  113 (vir)     1         240.137           0.696          -1.531         -13.423          252.726
  114 (vir)     1         278.502           0.225          -1.538         -17.379          294.568
 
