 
  kpoint:       1             coordinate:     0.0000    0.0000    0.0000                  spin:  1
 
    n           k   ϵ_nk^DFT (eV)     Σ^c_nk (eV)     Σ^x_nk (eV)    v_nk^xc (eV)   ϵ_nk^G0W0 (eV)
 
    1 (occ)     1         -35.888           7.970         -29.733         -19.602          -38.050
    2 (occ)     1         -19.109           2.155         -23.731         -17.845          -22.840
    3 (occ)     1         -19.109           2.030         -23.327         -17.845          -22.561
    4 (occ)     1         -19.072           2.516         -23.254         -17.674          -22.136
    5 (occ)     1         -16.386           7.056         -22.364         -14.446          -17.248
    6 (occ)     1          -4.962           1.633         -15.696         -12.099           -6.926
    7 (occ)     1          -4.659           1.760         -15.763         -11.776           -6.885
    8 (occ)     1          -4.659           1.732         -15.694         -11.776           -6.845
    9 (vir)     1          -1.844          -0.559          -0.757          -3.216            0.057
   10 (vir)     1          -0.320          -0.308          -0.363          -1.903            0.912
   11 (vir)     1          -0.320          -0.314          -0.380          -1.903            0.889
   12 (vir)     1          -0.114          -0.429          -0.656          -2.620            1.422
   13 (vir)     1           0.608          -0.397          -0.903          -3.149            2.457
   14 (vir)     1           0.608          -0.397          -0.856          -3.150            2.505
   15 (vir)     1           0.987          -0.299          -0.303          -1.729            2.114
   16 (vir)     1           1.122          -0.424          -1.190          -3.337            2.845
   17 (vir)     1           1.122          -0.411          -1.203          -3.337            2.846
   18 (vir)     1           1.348          -0.509          -0.791          -3.120            3.168
   19 (vir)     1           1.791          -0.344          -0.649          -2.646            3.443
   20 (vir)     1           1.791          -0.310          -0.647          -2.646            3.480
   21 (vir)     1           2.047          -0.589          -1.464          -4.423            4.416
   22 (vir)     1           2.254          -1.068          -3.132          -8.043            6.096
   23 (vir)     1           2.254          -1.050          -3.128          -8.043            6.119
   24 (vir)     1           2.283          -0.932          -2.978          -8.008            6.381
   25 (vir)     1           2.283          -0.921          -2.808          -8.007            6.562
   26 (vir)     1           4.380          -1.347          -3.554          -8.940            8.418
   27 (vir)     1           6.511          -1.333          -2.439          -6.547            9.286
   28 (vir)     1           6.511          -1.376          -2.392          -6.547            9.290
   29 (vir)     1           6.784          -1.425          -2.468          -6.918            9.810
   30 (vir)     1           7.662          -1.634          -2.801          -7.629           10.856
   31 (vir)     1           7.662          -1.664          -2.847          -7.629           10.780
   32 (vir)     1          11.590          -0.835          -0.469          -4.164           14.449
   33 (vir)     1          11.590          -0.928          -0.447          -4.164           14.378
   34 (vir)     1          11.812          -1.585          -0.602          -4.645           14.271
   35 (vir)     1          11.812          -1.431          -0.683          -4.645           14.344
   36 (vir)     1          11.928          -2.133          -1.729          -6.130           14.197
   37 (vir)     1          11.928          -2.115          -1.606          -6.130           14.337
   38 (vir)     1          12.090          -1.799          -1.189          -5.796           14.897
   39 (vir)     1          12.520          -2.870          -2.266          -7.274           14.658
   40 (vir)     1          13.255          -2.435          -1.935          -7.475           16.360
   41 (vir)     1          13.255          -2.444          -2.017          -7.475           16.268
   42 (vir)     1          18.660          -3.746          -2.217          -8.063           20.759
   43 (vir)     1          21.645          -4.420          -2.492          -8.907           23.640
   44 (vir)     1          26.573          -7.054          -3.845         -12.769           28.444
   45 (vir)     1          26.573          -6.984          -4.076         -12.769           28.282
   46 (vir)     1          27.641          -9.112          -3.610         -12.795           27.713
   47 (vir)     1          27.641          -7.428          -3.719         -12.795           29.288
   48 (vir)     1          29.625          -8.205          -3.532         -11.634           29.522
   49 (vir)     1          69.764           1.989          -1.991         -12.308           82.069
   50 (vir)     1          70.025           4.478          -1.789         -12.263           84.976
   51 (vir)     1          70.025           2.676          -1.954         -12.263           83.009
   52 (vir)     1          76.587           0.634          -2.483         -15.997           90.736
   53 (vir)     1          76.587           0.584          -2.666         -15.997           90.503
   54 (vir)     1          82.055           0.717          -2.927         -16.878           96.723
   55 (vir)     1          82.055           0.630          -2.203         -16.878           97.360
   56 (vir)     1          85.073           0.665          -2.831         -17.294          100.200
   57 (vir)     1          85.073           0.638          -2.942         -17.294          100.063
   58 (vir)     1          86.158           0.718          -2.731         -17.085          101.230
   59 (vir)     1         100.655           0.204          -0.543          -8.069          108.386
 
