 
  kpoint:       1             coordinate:     0.0000    0.0000    0.0000                  spin:  1
 
    n           k   ϵ_nk^DFT (eV)     Σ^c_nk (eV)     Σ^x_nk (eV)    v_nk^xc (eV)   ϵ_nk^G0W0 (eV)
 
    1 (occ)     1         -14.096           3.975         -17.480         -11.051          -16.549
    2 (occ)     1         -12.466           3.075         -17.263         -11.371          -15.283
    3 (occ)     1          -8.895           1.360         -15.566         -11.044          -12.057
    4 (occ)     1          -8.894           1.359         -15.562         -11.044          -12.053
    5 (occ)     1          -8.249           1.184         -15.880         -11.513          -11.432
    6 (occ)     1          -8.248           1.183         -15.877         -11.512          -11.429
    7 (occ)     1          -7.312           0.627         -14.082         -10.695          -10.072
    8 (vir)     1          -0.637          -1.688          -3.871          -8.133            1.937
    9 (vir)     1          -0.637          -1.687          -3.871          -8.132            1.937
   10 (vir)     1          -0.574          -1.018          -1.529          -4.424            1.304
   11 (vir)     1          -0.510          -1.304          -2.343          -5.716            1.559
   12 (vir)     1           0.255          -1.307          -1.953          -5.482            2.477
   13 (vir)     1           0.255          -1.307          -1.953          -5.482            2.478
   14 (vir)     1           0.834          -1.516          -2.408          -6.270            3.179
   15 (vir)     1           0.923          -0.749          -1.183          -3.420            2.410
   16 (vir)     1           0.938          -0.520          -0.581          -2.336            2.173
   17 (vir)     1           0.938          -0.521          -0.580          -2.336            2.173
   18 (vir)     1           1.882          -0.577          -0.658          -2.588            3.234
   19 (vir)     1           1.882          -0.579          -0.658          -2.588            3.233
   20 (vir)     1           2.323          -1.159          -1.520          -4.846            4.490
   21 (vir)     1           2.323          -1.159          -1.519          -4.846            4.491
   22 (vir)     1           2.527          -1.409          -2.151          -5.328            4.294
   23 (vir)     1           3.316          -1.082          -1.419          -4.121            4.935
   24 (vir)     1           4.113          -0.736          -0.863          -2.987            5.500
   25 (vir)     1           4.113          -0.742          -0.864          -2.987            5.494
   26 (vir)     1           5.251          -0.878          -0.710          -3.151            6.814
   27 (vir)     1           5.269          -1.143          -1.418          -4.419            7.126
   28 (vir)     1           5.436          -0.867          -0.830          -3.314            7.052
   29 (vir)     1           5.436          -0.873          -0.833          -3.314            7.045
   30 (vir)     1           5.600          -1.355          -1.363          -4.808            7.690
   31 (vir)     1           5.600          -1.356          -1.363          -4.808            7.689
   32 (vir)     1           6.058          -0.953          -1.078          -3.824            7.851
   33 (vir)     1           6.058          -0.953          -1.079          -3.824            7.850
   34 (vir)     1           6.241          -2.077          -1.541          -5.454            8.076
   35 (vir)     1           6.414          -1.216          -0.950          -4.155            8.403
   36 (vir)     1           6.414          -1.207          -0.949          -4.154            8.412
   37 (vir)     1           6.886          -1.602          -1.079          -4.438            8.643
   38 (vir)     1           6.998          -0.922          -1.051          -3.689            8.714
   39 (vir)     1           6.998          -0.921          -1.051          -3.690            8.716
   40 (vir)     1           7.013          -1.566          -0.994          -4.938            9.391
   41 (vir)     1           7.849          -1.696          -1.067          -4.748            9.834
   42 (vir)     1           7.849          -1.703          -1.066          -4.748            9.828
   43 (vir)     1           8.376          -1.575          -0.957          -4.918           10.763
   44 (vir)     1           9.104          -1.871          -0.774          -4.671           11.130
   45 (vir)     1           9.515          -1.914          -1.191          -5.164           11.574
   46 (vir)     1           9.516          -1.915          -1.193          -5.164           11.572
   47 (vir)     1          10.080          -2.165          -1.272          -5.469           12.112
   48 (vir)     1          10.362          -2.840          -1.513          -6.423           12.432
   49 (vir)     1          10.362          -2.834          -1.513          -6.423           12.438
   50 (vir)     1          11.025          -2.573          -1.549          -6.193           13.096
   51 (vir)     1          11.510          -2.543          -1.488          -6.244           13.723
   52 (vir)     1          12.491          -1.220          -0.337          -3.516           14.450
   53 (vir)     1          12.665          -2.142          -0.911          -4.936           14.548
   54 (vir)     1          12.665          -2.159          -0.914          -4.935           14.528
   55 (vir)     1          12.675          -2.234          -0.956          -5.344           14.828
   56 (vir)     1          12.676          -2.216          -0.956          -5.345           14.850
   57 (vir)     1          13.437          -2.196          -0.850          -5.028           15.419
   58 (vir)     1          14.150          -2.846          -1.054          -5.826           16.077
   59 (vir)     1          14.150          -2.851          -1.054          -5.826           16.071
   60 (vir)     1          15.071          -3.724          -1.986          -8.145           17.507
   61 (vir)     1          15.385          -3.218          -1.500          -6.988           17.655
   62 (vir)     1          15.385          -3.197          -1.497          -6.988           17.680
   63 (vir)     1          15.389          -3.480          -1.256          -6.770           17.423
   64 (vir)     1          15.390          -3.477          -1.254          -6.771           17.431
   65 (vir)     1          16.433          -3.204          -1.224          -6.017           18.022
   66 (vir)     1          16.703          -2.222          -0.606          -4.640           18.515
   67 (vir)     1          16.704          -2.216          -0.604          -4.640           18.525
   68 (vir)     1          18.842          -1.743          -0.609          -4.605           21.095
   69 (vir)     1          20.700          -5.387          -1.482          -7.953           21.783
   70 (vir)     1          20.700          -5.397          -1.478          -7.953           21.778
   71 (vir)     1          20.864          -4.283          -1.187          -7.126           22.520
   72 (vir)     1          20.864          -4.276          -1.185          -7.126           22.528
   73 (vir)     1          21.312          -3.893          -0.997          -5.870           22.292
   74 (vir)     1          22.850          -6.407          -2.319          -9.780           23.905
   75 (vir)     1          22.852          -6.389          -2.315          -9.781           23.928
   76 (vir)     1          23.714           3.337          -1.776          -8.066           33.342
   77 (vir)     1          23.840          -7.525          -2.364         -10.504           24.454
   78 (vir)     1          24.782          -7.216          -2.129          -9.994           25.431
   79 (vir)     1          24.784          -7.216          -2.131          -9.995           25.431
   80 (vir)     1          31.522          -8.807          -1.276          -8.328           29.767
   81 (vir)     1          32.659          -9.229          -1.190          -8.519           30.760
   82 (vir)     1          32.968          -8.606          -1.362          -8.910           31.910
   83 (vir)     1          32.970          -8.945          -1.360          -8.911           31.575
   84 (vir)     1          33.781           2.917          -1.358          -8.669           44.009
   85 (vir)     1          33.781           2.802          -1.357          -8.670           43.895
   86 (vir)     1          39.425           2.484          -1.188          -8.450           49.171
   87 (vir)     1          45.686           2.530          -1.862         -10.571           56.925
   88 (vir)     1          45.689           2.553          -1.866         -10.571           56.947
   89 (vir)     1          46.833           2.332          -2.141         -10.714           57.738
   90 (vir)     1          47.759           2.407          -1.921         -10.719           58.964
   91 (vir)     1          47.762           2.434          -1.923         -10.719           58.992
   92 (vir)     1          51.488           2.065          -1.715         -10.227           62.065
   93 (vir)     1          51.720           2.294          -1.895         -10.871           62.989
   94 (vir)     1          51.721           2.297          -1.893         -10.871           62.996
   95 (vir)     1          51.898           2.092          -1.889         -11.011           63.113
   96 (vir)     1          52.073           2.101          -2.094         -11.204           63.285
   97 (vir)     1          52.741           2.193          -1.990         -11.009           63.953
   98 (vir)     1          52.742           2.189          -1.991         -11.010           63.949
   99 (vir)     1          52.836           1.734          -1.843         -10.692           63.418
  100 (vir)     1          55.356           2.165          -1.847         -10.966           66.639
  101 (vir)     1          67.651           1.754          -1.855         -12.089           79.640
  102 (vir)     1          67.661           1.665          -1.854         -12.089           79.561
  103 (vir)     1          68.755           1.675          -1.848         -12.005           80.588
  104 (vir)     1          68.766           1.616          -1.847         -12.005           80.540
  105 (vir)     1          86.726          -8.009          -0.409          -6.896           85.204
  106 (vir)     1          93.275         -12.038          -0.402          -7.217           88.052
  107 (vir)     1         141.084           1.846          -1.888         -16.220          157.262
  108 (vir)     1         143.126           1.926          -1.806         -15.960          159.205
  109 (vir)     1         144.576           1.828          -1.828         -16.116          160.692
  110 (vir)     1         144.579           1.817          -1.828         -16.116          160.684
  111 (vir)     1         144.931           1.817          -1.834         -16.144          161.058
  112 (vir)     1         144.934           1.807          -1.834         -16.144          161.051
 
