 
  kpoint:       1             coordinate:     0.0000    0.0000    0.0000                  spin:  1
 
    n           k   ϵ_nk^DFT (eV)     Σ^c_nk (eV)     Σ^x_nk (eV)    v_nk^xc (eV)   ϵ_nk^G0W0 (eV)
 
    1 (occ)     1         -35.888           7.371         -31.719         -19.602          -40.635
    2 (occ)     1         -19.109           2.032         -24.809         -17.845          -24.040
    3 (occ)     1         -19.109           2.036         -24.838         -17.845          -24.066
    4 (occ)     1         -19.072           2.540         -24.783         -17.674          -23.641
    5 (occ)     1         -16.386           7.029         -22.430         -14.446          -17.340
    6 (occ)     1          -4.962           1.648         -15.968         -12.099           -7.183
    7 (occ)     1          -4.659           1.663         -15.778         -11.776           -6.997
    8 (occ)     1          -4.659           1.658         -15.768         -11.776           -6.992
    9 (vir)     1          -1.844          -0.470          -1.006          -3.216           -0.104
   10 (vir)     1          -0.320          -0.263          -0.460          -1.903            0.860
   11 (vir)     1          -0.320          -0.263          -0.461          -1.903            0.858
   12 (vir)     1          -0.114          -0.391          -0.774          -2.620            1.342
   13 (vir)     1           0.608          -0.324          -1.056          -3.149            2.377
   14 (vir)     1           0.608          -0.323          -1.052          -3.150            2.383
   15 (vir)     1           0.987          -0.257          -0.438          -1.729            2.022
   16 (vir)     1           1.122          -0.353          -1.298          -3.337            2.808
   17 (vir)     1           1.122          -0.348          -1.296          -3.337            2.815
   18 (vir)     1           1.348          -0.473          -0.919          -3.120            3.076
   19 (vir)     1           1.791          -0.312          -0.837          -2.646            3.288
   20 (vir)     1           1.791          -0.318          -0.840          -2.646            3.279
   21 (vir)     1           2.047          -0.507          -1.754          -4.423            4.208
   22 (vir)     1           2.254          -0.874          -3.645          -8.043            5.779
   23 (vir)     1           2.254          -0.870          -3.635          -8.043            5.792
   24 (vir)     1           2.283          -0.735          -3.598          -8.008            5.958
   25 (vir)     1           2.283          -0.732          -3.585          -8.007            5.974
   26 (vir)     1           4.380          -1.133          -4.179          -8.940            8.007
   27 (vir)     1           6.511          -1.197          -2.544          -6.547            9.317
   28 (vir)     1           6.511          -1.196          -2.544          -6.547            9.318
   29 (vir)     1           6.784          -1.259          -2.764          -6.918            9.680
   30 (vir)     1           7.662          -1.471          -3.050          -7.629           10.770
   31 (vir)     1           7.662          -1.466          -3.040          -7.629           10.785
   32 (vir)     1          11.590          -0.937          -0.530          -4.164           14.285
   33 (vir)     1          11.590          -0.939          -0.530          -4.164           14.284
   34 (vir)     1          11.812          -1.471          -0.763          -4.645           14.223
   35 (vir)     1          11.812          -1.486          -0.763          -4.645           14.208
   36 (vir)     1          11.928          -2.023          -1.687          -6.130           14.348
   37 (vir)     1          11.928          -2.022          -1.687          -6.130           14.349
   38 (vir)     1          12.090          -1.456          -1.521          -5.796           14.909
   39 (vir)     1          12.520          -2.566          -2.333          -7.274           14.894
   40 (vir)     1          13.255          -2.252          -2.339          -7.475           16.139
   41 (vir)     1          13.255          -2.238          -2.334          -7.475           16.158
   42 (vir)     1          18.660          -3.121          -2.432          -8.063           21.170
   43 (vir)     1          21.645          -4.271          -2.885          -8.907           23.395
   44 (vir)     1          26.573          -7.248          -4.450         -12.769           27.645
   45 (vir)     1          26.573          -7.262          -4.450         -12.769           27.631
   46 (vir)     1          27.641          -7.946          -4.336         -12.795           28.154
   47 (vir)     1          27.641          -7.924          -4.334         -12.795           28.177
   48 (vir)     1          29.625          -7.721          -3.668         -11.634           29.870
   49 (vir)     1          69.764           1.903          -2.254         -12.308           81.720
   50 (vir)     1          70.025           2.309          -2.202         -12.263           82.394
   51 (vir)     1          70.025           2.318          -2.200         -12.263           82.406
   52 (vir)     1          76.587           0.509          -3.694         -15.997           89.399
   53 (vir)     1          76.587           0.506          -3.698         -15.997           89.392
   54 (vir)     1          82.055           0.526          -3.921         -16.878           95.538
   55 (vir)     1          82.055           0.525          -3.923         -16.878           95.536
   56 (vir)     1          85.073           0.549          -4.041         -17.294           98.874
   57 (vir)     1          85.073           0.541          -4.042         -17.294           98.866
   58 (vir)     1          86.158           0.598          -3.919         -17.085           99.922
   59 (vir)     1         100.655         -11.300          -0.681          -8.069           96.744
 
