 
  kpoint:       1             coordinate:     0.0000    0.0000    0.0000                  spin:  1
 
    n           k   ϵ_nk^DFT (eV)     Σ^c_nk (eV)     Σ^x_nk (eV)    v_nk^xc (eV)   ϵ_nk^G0W0 (eV)
 
    1 (occ)     1         -16.712           5.528         -18.714         -11.985          -17.913
    2 (occ)     1         -12.279           3.070         -15.741         -11.237          -13.714
    3 (occ)     1          -6.639           0.256         -13.793         -10.787           -9.389
    4 (occ)     1          -6.307          -0.338         -12.147          -9.727           -9.064
    5 (occ)     1          -6.307          -0.339         -12.149          -9.727           -9.067
    6 (vir)     1          -3.223          -0.948          -5.350          -9.259           -0.262
    7 (vir)     1          -3.223          -0.948          -5.357          -9.259           -0.268
    8 (vir)     1           0.583          -1.436          -3.827          -7.951            3.271
    9 (vir)     1           1.491          -1.073          -1.542          -4.631            3.507
   10 (vir)     1           2.456          -1.030          -1.537          -4.824            4.713
   11 (vir)     1           2.456          -1.065          -1.538          -4.824            4.678
   12 (vir)     1           3.526          -1.894          -1.815          -5.388            5.204
   13 (vir)     1           3.526          -1.874          -1.814          -5.388            5.226
   14 (vir)     1           4.298          -1.485          -1.063          -4.361            6.110
   15 (vir)     1           4.916          -1.679          -0.771          -4.111            6.576
   16 (vir)     1           4.916          -1.686          -0.771          -4.111            6.570
   17 (vir)     1           5.016          -1.397          -0.996          -4.235            6.858
   18 (vir)     1           5.016          -1.396          -0.998          -4.235            6.858
   19 (vir)     1           5.342          -2.028          -1.892          -5.994            7.416
   20 (vir)     1           6.088          -2.351          -1.625          -5.991            8.103
   21 (vir)     1           6.088          -2.358          -1.636          -5.991            8.086
   22 (vir)     1           7.794          -2.070          -2.268          -6.861           10.317
   23 (vir)     1           9.804          -1.863          -1.406          -5.777           12.313
   24 (vir)     1          10.183          -1.769          -0.815          -5.237           12.836
   25 (vir)     1          10.183          -1.774          -0.829          -5.237           12.817
   26 (vir)     1          11.016          -2.345          -1.636          -6.465           13.500
   27 (vir)     1          11.016          -2.184          -1.652          -6.465           13.645
   28 (vir)     1          11.065          -2.597          -1.027          -5.469           12.910
   29 (vir)     1          11.065          -2.600          -1.031          -5.469           12.904
   30 (vir)     1          11.729           1.781          -2.697          -8.151           18.964
   31 (vir)     1          11.729           1.752          -2.699          -8.151           18.934
   32 (vir)     1          12.334          -4.632          -2.200          -7.695           13.197
   33 (vir)     1          13.874          -3.203          -1.685          -7.379           16.365
   34 (vir)     1          13.874          -0.669          -1.695          -7.379           18.889
   35 (vir)     1          14.042          -2.993          -0.570          -5.431           15.910
   36 (vir)     1          14.042          -2.947          -0.553          -5.431           15.972
   37 (vir)     1          14.692          -6.072          -1.944          -7.917           14.594
   38 (vir)     1          14.692          -5.853          -1.960          -7.917           14.797
   39 (vir)     1          15.683          -4.854          -1.730          -7.366           16.465
   40 (vir)     1          15.683          -4.844          -1.725          -7.366           16.480
   41 (vir)     1          17.147          -4.932          -1.601          -7.121           17.735
   42 (vir)     1          18.843          -5.273          -1.089          -6.664           19.144
   43 (vir)     1          19.183           1.779          -1.095          -6.844           26.711
   44 (vir)     1          19.183           1.526          -1.115          -6.844           26.438
   45 (vir)     1          20.851          -5.513          -0.866          -6.615           21.087
   46 (vir)     1          20.851          -5.724          -0.875          -6.615           20.868
   47 (vir)     1          22.917           2.264          -2.139          -9.111           32.153
   48 (vir)     1          31.028          -8.783          -2.048         -10.070           30.267
   49 (vir)     1          31.756           2.237          -1.564          -8.905           41.334
   50 (vir)     1          31.756           2.191          -1.538          -8.905           41.314
   51 (vir)     1          75.474          -9.158          -0.953          -9.723           75.086
   52 (vir)     1          75.762          -9.254          -0.605          -9.209           75.113
   53 (vir)     1          75.762         -11.031          -0.770          -9.209           73.171
   54 (vir)     1          78.274         -11.656          -0.630          -9.432           75.421
   55 (vir)     1          78.274           6.412          -0.806          -9.432           93.312
   56 (vir)     1          83.750          -2.507          -0.749          -9.201           89.694
   57 (vir)     1         102.918           6.091          -0.695          -7.419          115.733
   58 (vir)     1         103.855           6.331          -0.679          -7.572          117.080
 
