 
  kpoint:       1             coordinate:     0.0000    0.0000    0.0000                  spin:  1
 
    n           k   ϵ_nk^DFT (eV)     Σ^c_nk (eV)     Σ^x_nk (eV)    v_nk^xc (eV)   ϵ_nk^G0W0 (eV)
 
    1 (occ)     1         -26.692           8.661         -32.084         -20.178          -29.936
    2 (occ)     1         -15.683           3.343         -22.730         -15.181          -19.888
    3 (occ)     1         -12.144           2.498         -21.570         -15.238          -15.979
    4 (occ)     1         -10.938           2.877         -25.900         -18.926          -15.035
    5 (occ)     1         -10.037           0.983         -21.198         -16.609          -13.643
    6 (occ)     1          -6.229           2.006         -23.664         -17.874          -10.013
    7 (vir)     1          -2.647          -2.009          -7.988         -14.017            1.373
    8 (vir)     1          -0.179          -0.538          -1.129          -3.369            1.523
    9 (vir)     1           0.610          -0.364          -0.794          -2.545            1.997
   10 (vir)     1           0.706          -0.357          -0.747          -2.664            2.266
   11 (vir)     1           1.068          -0.344          -0.495          -1.980            2.209
   12 (vir)     1           2.027          -0.259          -0.458          -1.996            3.306
   13 (vir)     1           2.178          -0.134          -0.426          -1.624            3.243
   14 (vir)     1           2.297          -0.145          -0.114          -1.351            3.390
   15 (vir)     1           2.496          -0.178          -0.312          -1.446            3.453
   16 (vir)     1           2.641          -0.236          -0.437          -1.756            3.723
   17 (vir)     1           3.437          -0.765          -1.726          -4.296            5.242
   18 (vir)     1           4.455          -1.080          -2.825          -6.415            6.966
   19 (vir)     1           4.820          -0.879          -2.257          -5.655            7.340
   20 (vir)     1           6.400          -0.502          -0.670          -3.230            8.457
   21 (vir)     1           6.405          -0.770          -1.129          -4.309            8.815
   22 (vir)     1           7.372          -1.647          -1.532          -5.713            9.906
   23 (vir)     1           9.612          -1.409          -2.088          -6.564           12.678
   24 (vir)     1          10.622          -1.225          -2.705          -6.710           13.402
   25 (vir)     1          11.210          -2.262          -3.862          -9.347           14.434
   26 (vir)     1          12.809          -1.872          -1.472          -5.830           15.295
   27 (vir)     1          12.913          -1.919          -3.173          -8.609           16.429
   28 (vir)     1          13.412          -2.190          -2.551          -7.713           16.385
   29 (vir)     1          13.684          -1.229          -1.082          -4.898           16.270
   30 (vir)     1          15.394          -0.901          -1.010          -4.914           18.397
   31 (vir)     1          15.622          -1.640          -1.879          -6.598           18.701
   32 (vir)     1          16.219          -0.851          -0.471          -4.067           18.964
   33 (vir)     1          16.543          -0.821          -0.579          -4.035           19.179
   34 (vir)     1          17.359          -2.529          -2.798          -8.766           20.798
   35 (vir)     1          18.627          -3.438          -4.083         -11.069           22.175
   36 (vir)     1          20.547          -3.726          -2.905          -9.659           23.574
   37 (vir)     1          22.191          -3.443          -3.773         -10.810           25.784
   38 (vir)     1          29.354          -3.567          -3.527         -10.899           33.158
   39 (vir)     1          31.137          -5.723          -3.781         -11.829           33.462
   40 (vir)     1          32.084           2.179          -4.512         -13.276           43.027
   41 (vir)     1          34.940          -6.211          -4.875         -13.806           37.660
   42 (vir)     1          35.414          -8.368          -2.247         -11.144           35.943
   43 (vir)     1          38.519           3.058          -3.648         -11.687           49.616
   44 (vir)     1          43.610           2.999          -4.138         -13.616           56.085
   45 (vir)     1          44.126           3.092          -4.586         -13.482           56.114
   46 (vir)     1          47.219           3.237          -4.119         -13.994           60.331
   47 (vir)     1          49.270           4.067          -3.221         -12.517           62.633
   48 (vir)     1          52.102           2.903          -2.843         -11.818           63.981
   49 (vir)     1          54.041           3.216          -2.637         -12.184           66.803
   50 (vir)     1          54.474           2.100          -2.508         -12.169           66.236
   51 (vir)     1          55.468           2.256          -2.878         -12.351           67.197
   52 (vir)     1          62.372           2.408          -2.297         -12.757           75.240
   53 (vir)     1          65.616           2.340          -4.107         -15.726           79.574
   54 (vir)     1          65.729           2.749          -3.501         -14.648           79.624
   55 (vir)     1          67.909           2.216          -3.265         -14.683           81.542
   56 (vir)     1          75.451           2.644          -3.092         -15.124           90.128
   57 (vir)     1          93.170           1.782          -2.874         -15.678          107.757
   58 (vir)     1         124.885           3.889          -2.985         -17.986          143.775
   59 (vir)     1         126.180           2.541          -3.739         -19.071          144.053
   60 (vir)     1         128.786           2.940          -3.120         -17.151          145.757
   61 (vir)     1         141.882           2.432          -2.287         -15.130          157.157
   62 (vir)     1         151.404           2.133          -1.910         -16.111          167.737
   63 (vir)     1         161.406           2.052          -1.720         -15.900          177.639
   64 (vir)     1         176.103           1.023          -5.174         -23.145          195.097
   65 (vir)     1         176.374           1.055          -5.135         -23.098          195.392
   66 (vir)     1         180.774           1.571          -4.658         -22.880          200.567
   67 (vir)     1         181.031           1.696          -4.995         -23.158          200.890
   68 (vir)     1         182.861           1.400          -5.333         -23.453          202.381
   69 (vir)     1         221.811           1.521          -2.942         -19.321          239.712
   70 (vir)     1         228.264           1.051          -3.389         -20.888          246.814
   71 (vir)     1         232.395           0.410          -3.327         -20.993          250.471
   72 (vir)     1         232.589           0.712          -3.380         -21.361          251.283
   73 (vir)     1         233.090           0.971          -3.364         -21.347          252.045
   74 (vir)     1         234.548           0.777          -2.892         -21.187          253.621
   75 (vir)     1         237.022           1.070          -3.780         -22.136          256.447
   76 (vir)     1         248.713           2.008          -2.318         -18.195          266.598
 
