 
  kpoint:       1             coordinate:     0.0000    0.0000    0.0000                  spin:  1
 
    n           k   ϵ_nk^DFT (eV)     Σ^c_nk (eV)     Σ^x_nk (eV)    v_nk^xc (eV)   ϵ_nk^G0W0 (eV)
 
    1 (occ)     1         -26.016           8.867         -28.086         -17.186          -28.049
    2 (occ)     1         -24.483           8.494         -27.817         -17.191          -26.615
    3 (occ)     1         -23.416           7.995         -27.715         -17.382          -25.753
    4 (occ)     1         -22.217           7.425         -27.643         -17.730          -24.705
    5 (occ)     1         -21.394           7.407         -27.685         -17.943          -23.730
    6 (occ)     1         -18.985           5.946         -25.200         -16.490          -21.749
    7 (occ)     1         -16.590           4.411         -23.954         -16.597          -19.536
    8 (occ)     1         -16.150           4.369         -23.857         -16.569          -19.069
    9 (occ)     1         -15.652           4.046         -23.744         -16.765          -18.586
   10 (occ)     1         -14.457           3.408         -22.980         -16.590          -17.439
   11 (occ)     1         -13.714           3.009         -22.796         -16.695          -16.807
   12 (occ)     1         -12.740           2.794         -22.373         -16.474          -15.845
   13 (occ)     1         -12.362           2.728         -23.135         -17.505          -15.264
   14 (occ)     1         -11.552           3.773         -19.812         -14.306          -13.285
   15 (occ)     1         -11.266           2.477         -22.025         -16.591          -14.222
   16 (occ)     1         -10.830           2.333         -22.066         -16.760          -13.803
   17 (occ)     1         -10.198           2.276         -21.495         -16.182          -13.234
   18 (occ)     1          -9.968           3.079         -19.615         -14.695          -11.809
   19 (occ)     1          -8.839           2.457         -19.175         -14.770          -10.787
   20 (occ)     1          -7.536           3.178         -22.089         -16.410          -10.038
   21 (occ)     1          -7.293           1.769         -19.749         -15.809           -9.465
   22 (occ)     1          -6.697           2.682         -21.792         -16.592           -9.216
   23 (occ)     1          -6.673           0.944         -18.112         -15.062           -8.778
   24 (occ)     1          -5.845           2.440         -21.619         -16.688           -8.336
   25 (occ)     1          -5.526           0.480         -17.707         -15.107           -7.645
   26 (vir)     1          -1.700          -2.447          -9.179         -14.073            0.746
   27 (vir)     1          -1.014          -2.770          -9.137         -14.359            1.439
   28 (vir)     1          -0.572          -1.021          -1.507          -4.016            0.915
   29 (vir)     1          -0.349          -1.028          -1.740          -4.257            1.141
   30 (vir)     1          -0.292          -3.126          -8.331         -13.826            2.076
   31 (vir)     1           0.182          -0.761          -0.968          -2.948            1.400
   32 (vir)     1           0.464          -0.822          -1.011          -3.107            1.737
   33 (vir)     1           0.497          -0.875          -1.193          -3.391            1.820
   34 (vir)     1           0.537          -0.616          -0.577          -2.216            1.559
   35 (vir)     1           0.876          -0.777          -0.982          -3.007            2.125
   36 (vir)     1           1.148          -0.564          -0.712          -2.249            2.120
   37 (vir)     1           1.372          -0.534          -0.534          -2.016            2.320
   38 (vir)     1           1.421          -0.703          -0.835          -2.706            2.590
   39 (vir)     1           1.536          -0.716          -0.875          -2.777            2.722
   40 (vir)     1           1.867          -0.793          -0.846          -2.849            3.076
   41 (vir)     1           2.068          -0.878          -1.075          -3.066            3.181
   42 (vir)     1           2.241          -0.750          -0.885          -2.811            3.417
   43 (vir)     1           2.259          -0.630          -0.635          -2.280            3.273
   44 (vir)     1           2.279          -0.976          -1.377          -3.740            3.666
   45 (vir)     1           2.547          -0.903          -1.322          -3.514            3.835
   46 (vir)     1           2.709          -0.595          -0.520          -2.101            3.694
   47 (vir)     1           2.889          -0.789          -0.978          -2.912            4.034
   48 (vir)     1           3.075          -1.175          -1.937          -4.485            4.449
   49 (vir)     1           3.158          -4.539          -6.242         -12.439            4.816
   50 (vir)     1           3.209          -1.774          -3.003          -6.395            4.827
   51 (vir)     1           3.505          -1.227          -1.874          -4.524            4.928
   52 (vir)     1           3.567          -0.625          -0.584          -2.251            4.609
   53 (vir)     1           3.631          -1.171          -1.732          -4.306            5.034
   54 (vir)     1           3.693          -0.787          -0.996          -2.943            4.853
   55 (vir)     1           3.860          -0.829          -1.015          -3.126            5.142
   56 (vir)     1           3.985          -1.271          -2.004          -4.827            5.536
   57 (vir)     1           4.017          -0.704          -0.745          -2.588            5.155
   58 (vir)     1           4.151          -1.955          -3.978          -7.950            6.169
   59 (vir)     1           4.192          -0.619          -0.511          -2.175            5.237
   60 (vir)     1           4.399          -1.138          -1.556          -4.103            5.808
   61 (vir)     1           4.577          -1.167          -1.674          -4.278            6.014
   62 (vir)     1           4.811          -1.175          -1.727          -4.358            6.266
   63 (vir)     1           4.873          -0.570          -0.412          -2.043            5.933
   64 (vir)     1           5.025          -1.750          -2.703          -6.239            6.811
   65 (vir)     1           5.201          -1.242          -1.909          -4.699            6.749
   66 (vir)     1           5.529          -1.326          -1.245          -4.109            7.067
   67 (vir)     1           5.541          -0.969          -1.112          -3.439            6.900
   68 (vir)     1           5.664          -1.554          -2.498          -5.834            7.446
   69 (vir)     1           5.824          -2.173          -3.640          -7.937            7.948
   70 (vir)     1           6.172          -1.650          -2.297          -5.744            7.968
   71 (vir)     1           6.273          -1.303          -1.436          -4.335            7.869
   72 (vir)     1           6.293          -1.278          -1.421          -4.258            7.852
   73 (vir)     1           6.527          -1.304          -1.154          -4.003            8.071
   74 (vir)     1           6.814          -1.440          -1.269          -4.394            8.499
   75 (vir)     1           6.917          -1.803          -2.599          -6.299            8.813
   76 (vir)     1           7.055          -3.315          -5.432         -11.314            9.622
   77 (vir)     1           7.538          -2.076          -2.861          -6.852            9.453
   78 (vir)     1           7.664          -2.060          -2.817          -6.780            9.568
   79 (vir)     1           7.767          -1.411          -1.126          -4.028            9.258
   80 (vir)     1           8.083          -2.393          -3.197          -7.663           10.156
   81 (vir)     1           8.172          -2.261          -2.180          -6.201            9.931
   82 (vir)     1           8.311          -2.969          -4.093          -9.251           10.500
   83 (vir)     1           8.493          -2.502          -3.781          -8.451           10.662
   84 (vir)     1           8.619          -1.762          -2.141          -5.709           10.425
   85 (vir)     1           8.787          -1.080          -0.741          -3.265           10.231
   86 (vir)     1           9.003          -3.818          -5.778         -12.189           11.596
   87 (vir)     1           9.475          -1.791          -1.406          -4.722           11.000
   88 (vir)     1           9.630          -2.498          -2.919          -7.584           11.796
   89 (vir)     1           9.783          -1.731          -1.467          -4.858           11.442
   90 (vir)     1          10.075          -2.620          -3.042          -7.783           12.196
   91 (vir)     1          10.128          -2.462          -2.912          -7.579           12.334
   92 (vir)     1          10.446          -2.574          -2.545          -7.149           12.476
   93 (vir)     1          10.546          -2.345          -2.187          -6.379           12.392
   94 (vir)     1          10.571          -2.173          -2.419          -6.572           12.551
   95 (vir)     1          11.045          -2.333          -2.615          -7.020           13.116
   96 (vir)     1          11.233          -1.765          -1.610          -5.262           13.120
   97 (vir)     1          11.399          -2.828          -1.455          -5.170           12.286
   98 (vir)     1          11.972          -2.398          -2.472          -6.970           14.072
   99 (vir)     1          12.218          -2.750          -2.610          -7.423           14.281
  100 (vir)     1          12.329          -2.777          -2.156          -6.663           14.059
  101 (vir)     1          12.675          -3.672          -1.887          -6.733           13.850
  102 (vir)     1          12.982          -2.975          -2.031          -6.709           14.685
  103 (vir)     1          13.018          -2.759          -2.690          -7.762           15.330
  104 (vir)     1          13.107          -2.671          -2.312          -7.023           15.146
  105 (vir)     1          13.257          -4.702          -1.870          -6.450           13.135
  106 (vir)     1          13.572          -2.665          -2.282          -7.094           15.719
  107 (vir)     1          13.823          -3.862          -3.939         -10.219           16.240
  108 (vir)     1          14.170          -3.300          -3.174          -8.699           16.396
  109 (vir)     1          14.435          -4.266          -3.887         -10.612           16.894
  110 (vir)     1          14.522          -2.971          -2.760          -8.016           16.808
  111 (vir)     1          14.832          -3.598          -3.325          -9.299           17.207
  112 (vir)     1          15.243          -3.597          -3.087          -9.016           17.576
  113 (vir)     1          15.449          -3.457          -3.065          -8.964           17.891
  114 (vir)     1          15.625          -4.583          -1.809          -6.752           15.986
  115 (vir)     1          15.790          -2.706          -1.893          -6.809           18.000
  116 (vir)     1          15.890          -4.825          -4.294         -11.755           18.525
  117 (vir)     1          16.589          -3.352          -2.746          -8.432           18.923
  118 (vir)     1          16.864          -3.781          -1.789          -6.686           17.980
  119 (vir)     1          16.927          -2.767          -1.590          -6.265           18.835
  120 (vir)     1          17.132          -3.188          -2.319          -7.771           19.395
  121 (vir)     1          17.479          -3.494          -2.990          -8.856           19.852
  122 (vir)     1          18.239          -3.141          -2.189          -7.450           20.358
  123 (vir)     1          18.308          -4.347          -2.149          -7.659           19.471
  124 (vir)     1          18.652          -3.084          -1.972          -7.211           20.808
  125 (vir)     1          18.873          -4.091          -2.055          -7.570           20.297
  126 (vir)     1          19.418          -2.821          -1.935          -7.476           22.138
  127 (vir)     1          19.456          -2.703          -1.791          -6.539           21.502
  128 (vir)     1          19.938          -3.372          -2.177          -7.763           22.152
  129 (vir)     1          20.087          -4.089          -2.064          -7.596           21.530
  130 (vir)     1          20.280          -3.152          -1.969          -7.168           22.327
  131 (vir)     1          20.374          -3.172          -1.929          -7.098           22.370
  132 (vir)     1          20.510          -3.226          -2.083          -7.636           22.837
  133 (vir)     1          20.715          -5.023          -2.200          -8.164           21.656
  134 (vir)     1          21.094          -3.710          -2.097          -8.037           23.324
  135 (vir)     1          21.495          -1.574          -1.982          -7.788           25.727
  136 (vir)     1          21.603          -3.381          -2.394          -8.049           23.877
  137 (vir)     1          21.829          -4.862          -1.802          -7.636           22.800
  138 (vir)     1          21.892          -3.944          -2.521          -8.747           24.174
  139 (vir)     1          22.328          -4.109          -2.635          -9.050           24.634
  140 (vir)     1          22.878          -3.916          -2.513          -8.690           25.139
  141 (vir)     1          23.665          -3.872          -2.064          -8.175           25.904
  142 (vir)     1          23.707          -4.674          -2.137          -8.051           24.948
  143 (vir)     1          24.099          -3.520          -1.621          -7.042           25.999
  144 (vir)     1          24.351          -5.113          -1.556          -7.006           24.687
  145 (vir)     1          24.624          -3.942          -2.094          -8.158           26.747
  146 (vir)     1          25.266          -4.297          -2.467          -8.805           27.307
  147 (vir)     1          25.328          -5.159          -2.088          -8.190           26.270
  148 (vir)     1          25.599          -4.231          -2.179          -8.260           27.449
  149 (vir)     1          26.141          -4.944          -2.463          -8.975           27.709
  150 (vir)     1          26.710          -4.819          -2.024          -8.293           28.160
  151 (vir)     1          26.733          -4.873          -2.021          -8.284           28.123
  152 (vir)     1          27.063          -6.242          -2.440          -8.993           27.373
  153 (vir)     1          27.127          -4.710          -2.212          -8.451           28.657
  154 (vir)     1          27.359          -4.224          -2.111          -8.400           29.423
  155 (vir)     1          27.787          -4.003          -1.936          -8.000           29.848
  156 (vir)     1          28.205          -2.554          -2.245          -8.825           32.231
  157 (vir)     1          28.861          -4.934          -2.151          -8.393           30.169
  158 (vir)     1          28.986          -7.599          -2.539          -9.087           27.936
  159 (vir)     1          29.374          -4.692          -2.312          -8.864           31.234
  160 (vir)     1          29.524          -4.533          -1.962          -8.460           31.489
  161 (vir)     1          30.250          -1.426          -2.714          -9.851           35.961
  162 (vir)     1          30.848          -4.595          -2.204          -8.757           32.806
  163 (vir)     1          31.712          -5.015          -2.346          -9.161           33.512
  164 (vir)     1          32.968          -5.024          -1.997          -8.532           34.479
  165 (vir)     1          33.093          -5.013          -2.350          -9.276           35.007
  166 (vir)     1          33.894           0.114          -2.268          -9.242           40.982
  167 (vir)     1          34.750          -5.953          -2.658         -10.125           36.264
  168 (vir)     1          35.109          -6.968          -2.519          -9.789           35.412
  169 (vir)     1          35.577          -7.676          -2.634          -9.993           35.260
  170 (vir)     1          37.007          -7.162          -3.184         -11.420           38.080
  171 (vir)     1          37.468           4.144          -3.511         -11.594           49.695
  172 (vir)     1          37.898          -6.274          -2.493          -9.876           39.007
  173 (vir)     1          38.280          -7.061          -2.608         -10.347           38.957
  174 (vir)     1          38.684         -12.410          -3.128         -11.643           34.789
  175 (vir)     1          39.075         -10.361          -3.165         -11.594           37.144
  176 (vir)     1          39.239          -8.316          -2.615         -10.660           38.968
  177 (vir)     1          39.611          -8.086          -3.008         -11.191           39.709
  178 (vir)     1          40.755          -8.400          -2.865         -11.057           40.547
  179 (vir)     1          40.910         -12.545          -3.196         -11.583           36.751
  180 (vir)     1          41.160          -7.854          -3.116         -11.352           41.542
  181 (vir)     1          42.722           4.572          -3.311         -12.462           56.445
  182 (vir)     1          42.801           3.112          -3.357         -12.572           55.127
  183 (vir)     1          43.160          -9.644          -2.694         -11.100           41.921
  184 (vir)     1          43.923          -9.474          -3.037         -11.699           43.112
  185 (vir)     1          44.231           4.099          -3.231         -12.267           57.367
  186 (vir)     1          44.575         -10.866          -3.431         -12.784           43.062
  187 (vir)     1          45.337          -9.724          -2.788         -11.499           44.324
  188 (vir)     1          45.618         -10.417          -2.659         -11.160           43.701
  189 (vir)     1          45.823          -8.639          -3.285         -12.563           46.462
  190 (vir)     1          46.413         -12.050          -3.329         -12.525           43.560
  191 (vir)     1          46.765         -11.822          -3.486         -13.150           44.607
  192 (vir)     1          47.320         -11.385          -3.353         -12.766           45.347
  193 (vir)     1          48.104         -11.418          -2.868         -12.109           45.926
  194 (vir)     1          48.974         -12.380          -3.533         -13.554           46.616
  195 (vir)     1          49.308           3.968          -2.849         -12.205           62.632
  196 (vir)     1          49.675           3.434          -2.944         -12.703           62.868
  197 (vir)     1          50.573         -12.104          -3.210         -12.961           48.220
  198 (vir)     1          50.896           6.607          -3.203         -13.328           67.628
  199 (vir)     1          51.621          -5.525          -3.720         -13.870           56.246
  200 (vir)     1          51.820           4.203          -3.269         -13.269           66.023
  201 (vir)     1          52.008           4.113          -2.907         -12.408           65.621
  202 (vir)     1          52.337         -12.931          -3.032         -12.780           49.153
  203 (vir)     1          52.639           4.820          -3.318         -13.691           67.832
  204 (vir)     1          53.162          -2.320          -3.703         -14.262           61.401
  205 (vir)     1          53.435          -0.915          -2.823         -12.534           62.231
  206 (vir)     1          54.402           4.176          -2.846         -12.650           68.382
  207 (vir)     1          54.502         -10.983          -2.777         -12.743           53.485
  208 (vir)     1          55.558           4.534          -2.741         -12.367           69.718
  209 (vir)     1          55.714          -0.958          -2.890         -12.837           64.703
  210 (vir)     1          55.806           0.186          -2.960         -12.950           65.981
  211 (vir)     1          56.441           2.279          -3.116         -13.276           68.880
  212 (vir)     1          56.909           4.335          -3.185         -13.622           71.681
  213 (vir)     1          57.266           5.123          -3.175         -13.698           72.912
  214 (vir)     1          58.194           4.376          -2.854         -13.138           72.854
  215 (vir)     1          58.244           4.831          -2.844         -13.030           73.261
  216 (vir)     1          58.460           4.334          -2.805         -13.018           73.007
  217 (vir)     1          58.597           4.294          -2.830         -13.126           73.187
  218 (vir)     1          59.055         -11.253          -2.799         -13.168           58.170
  219 (vir)     1          59.185         -10.818          -3.035         -13.397           58.729
  220 (vir)     1          59.638           2.482          -2.952         -13.418           72.586
  221 (vir)     1          60.158           3.297          -2.689         -13.139           73.905
  222 (vir)     1          60.468         -11.932          -2.932         -13.457           59.060
  223 (vir)     1          60.688           5.299          -3.096         -13.917           76.808
  224 (vir)     1          61.217           1.836          -3.125         -13.735           73.663
  225 (vir)     1          61.374           4.007          -2.812         -13.162           75.731
  226 (vir)     1          62.017           5.308          -2.840         -13.371           77.857
  227 (vir)     1          62.256           4.520          -2.761         -13.309           77.322
  228 (vir)     1          62.817           3.720          -2.637         -13.654           77.554
  229 (vir)     1          63.066           4.732          -2.920         -13.978           78.856
  230 (vir)     1          64.086           5.144          -2.620         -13.327           79.937
  231 (vir)     1          64.219           4.417          -2.516         -13.087           79.207
  232 (vir)     1          64.897           2.484          -2.785         -13.560           78.156
  233 (vir)     1          65.062           3.767          -2.566         -13.160           79.423
  234 (vir)     1          65.299           3.707          -2.611         -13.401           79.796
  235 (vir)     1          65.385           2.931          -2.422         -13.127           79.020
  236 (vir)     1          65.636           4.655          -2.933         -13.970           81.328
  237 (vir)     1          66.697           5.481          -2.708         -13.622           83.092
  238 (vir)     1          66.915           4.510          -2.508         -13.084           82.000
  239 (vir)     1          67.709           4.505          -2.661         -13.814           83.367
  240 (vir)     1          67.757           3.852          -2.422         -13.351           82.539
  241 (vir)     1          68.132           3.270          -2.472         -13.687           82.617
  242 (vir)     1          68.747           3.648          -2.435         -13.120           83.080
  243 (vir)     1          69.022           5.487          -2.655         -13.550           85.404
  244 (vir)     1          70.241           4.317          -2.605         -13.682           85.635
  245 (vir)     1          71.307           3.701          -2.179         -13.198           86.027
  246 (vir)     1          71.391           4.704          -2.414         -13.453           87.134
  247 (vir)     1          71.876           4.923          -2.701         -13.974           88.072
  248 (vir)     1          72.136           3.909          -2.294         -13.555           87.307
  249 (vir)     1          72.943           4.246          -2.547         -13.708           88.350
  250 (vir)     1          73.350           5.008          -2.817         -14.570           90.111
  251 (vir)     1          73.808           3.928          -2.298         -13.682           89.120
  252 (vir)     1          74.352           4.865          -2.760         -14.358           90.815
  253 (vir)     1          74.739           4.658          -2.203         -13.506           90.700
  254 (vir)     1          75.154           4.112          -2.508         -13.938           90.696
  255 (vir)     1          75.567           4.378          -2.215         -13.469           91.200
  256 (vir)     1          75.754           4.898          -2.859         -14.659           92.452
  257 (vir)     1          76.660           4.890          -2.254         -13.974           93.269
  258 (vir)     1          76.973           4.908          -2.545         -14.155           93.491
  259 (vir)     1          77.307           4.367          -2.987         -15.235           93.922
  260 (vir)     1          77.489           5.145          -2.413         -14.215           94.436
  261 (vir)     1          78.086           4.440          -2.489         -14.078           94.115
  262 (vir)     1          78.171           4.474          -2.599         -14.423           94.469
  263 (vir)     1          79.131           4.565          -2.503         -14.301           95.494
  264 (vir)     1          79.585           4.535          -2.515         -14.515           96.120
  265 (vir)     1          80.444           4.555          -2.534         -14.614           97.079
  266 (vir)     1          81.453           3.790          -2.528         -14.530           97.245
  267 (vir)     1          81.822           3.696          -2.640         -14.822           97.701
  268 (vir)     1          81.925           3.585          -2.574         -14.439           97.375
  269 (vir)     1          82.429           4.255          -2.638         -14.612           98.657
  270 (vir)     1          82.826           3.672          -2.495         -14.595           98.598
  271 (vir)     1          82.937           4.426          -2.967         -15.563           99.959
  272 (vir)     1          83.399           3.747          -2.482         -14.646           99.309
  273 (vir)     1          84.185           4.932          -2.665         -15.160          101.611
  274 (vir)     1          85.167           3.990          -2.398         -14.438          101.196
  275 (vir)     1          85.382           3.942          -2.495         -14.902          101.732
  276 (vir)     1          85.917           3.215          -2.216         -14.123          101.039
  277 (vir)     1          86.008           4.593          -2.486         -15.128          103.244
  278 (vir)     1          86.061           3.909          -2.471         -14.678          102.177
  279 (vir)     1          86.835           3.939          -2.390         -14.157          102.541
  280 (vir)     1          87.328           4.194          -2.501         -14.906          103.927
  281 (vir)     1          87.599           4.267          -2.541         -14.915          104.240
  282 (vir)     1          89.007           4.468          -2.695         -15.552          106.331
  283 (vir)     1          89.286           3.717          -2.629         -15.686          106.060
  284 (vir)     1          90.047           3.692          -2.285         -14.452          105.905
  285 (vir)     1          90.957           3.867          -2.565         -15.409          107.668
  286 (vir)     1          91.184           3.335          -2.559         -15.525          107.485
  287 (vir)     1          91.523           3.436          -2.638         -15.001          107.322
  288 (vir)     1          92.421           3.438          -2.588         -15.486          108.757
  289 (vir)     1          93.022           3.442          -2.519         -15.243          109.188
  290 (vir)     1          93.925           4.094          -2.467         -15.157          110.709
  291 (vir)     1          96.080           3.812          -2.418         -15.149          112.623
  292 (vir)     1          96.662           2.819          -2.415         -15.450          112.516
  293 (vir)     1          97.245           3.042          -2.447         -15.835          113.675
  294 (vir)     1          97.413           3.602          -2.540         -15.446          113.921
  295 (vir)     1          97.997           3.564          -2.260         -14.857          114.158
  296 (vir)     1          98.479           3.359          -2.379         -15.061          114.519
  297 (vir)     1          99.430           2.276          -1.716         -13.237          113.228
  298 (vir)     1         100.059           3.027          -2.138         -14.461          115.408
  299 (vir)     1         101.544           2.827          -2.191         -14.572          116.751
  300 (vir)     1         101.759           3.304          -2.550         -15.625          118.137
  301 (vir)     1         103.681           3.358          -2.408         -15.426          120.057
  302 (vir)     1         105.782           3.220          -2.486         -15.853          122.369
  303 (vir)     1         106.323           3.206          -2.008         -14.437          121.959
  304 (vir)     1         109.388           2.935          -2.710         -16.599          126.212
  305 (vir)     1         110.078           2.948          -2.304         -15.375          126.098
  306 (vir)     1         113.429           2.451          -2.313         -15.589          129.156
  307 (vir)     1         116.878           2.840          -2.322         -16.117          133.514
  308 (vir)     1         117.822           2.866          -2.569         -16.854          134.973
  309 (vir)     1         120.067           2.424          -2.522         -16.622          136.591
  310 (vir)     1         121.051           2.461          -2.502         -16.594          137.604
  311 (vir)     1         122.211           2.475          -2.399         -16.445          138.732
  312 (vir)     1         122.642           2.411          -2.202         -15.970          138.821
  313 (vir)     1         126.960           2.211          -2.364         -16.506          143.313
  314 (vir)     1         130.034           2.293          -2.497         -17.042          146.872
  315 (vir)     1         131.753           2.513          -2.687         -17.750          149.329
  316 (vir)     1         133.062           2.131          -2.520         -17.176          149.848
  317 (vir)     1         137.534           2.200          -2.340         -16.873          154.267
  318 (vir)     1         138.222           2.295          -2.174         -16.496          154.838
  319 (vir)     1         140.885           2.412          -2.217         -16.874          157.954
  320 (vir)     1         143.111           2.348          -2.045         -16.409          159.824
  321 (vir)     1         153.910           2.648          -1.744         -15.876          170.690
  322 (vir)     1         161.987           2.761          -1.524         -15.257          178.480
  323 (vir)     1         163.347           2.672          -1.561         -15.605          180.064
  324 (vir)     1         163.935           2.555          -1.630         -15.855          180.716
  325 (vir)     1         167.055           2.238          -1.392         -14.910          182.810
  326 (vir)     1         209.878           5.145          -1.517         -16.249          229.755
  327 (vir)     1         224.491           5.509          -1.611         -17.375          245.764
  328 (vir)     1         228.775           6.025          -1.573         -17.433          250.661
  329 (vir)     1         237.465           6.472          -1.363         -16.874          259.448
  330 (vir)     1         239.707          10.543          -0.840         -14.350          263.759
  331 (vir)     1         240.946           8.894          -1.023         -15.123          263.939
  332 (vir)     1         241.537          12.070          -0.818         -14.150          266.939
  333 (vir)     1         242.539           3.858          -0.739         -13.690          259.350
  334 (vir)     1         243.466           6.430          -0.714         -13.667          262.849
  335 (vir)     1         245.470           7.426          -1.131         -16.256          268.021
 
