 
  kpoint:       1             coordinate:     0.0000    0.0000    0.0000                  spin:  1
 
    n           k   ϵ_nk^DFT (eV)     Σ^c_nk (eV)     Σ^x_nk (eV)    v_nk^xc (eV)   ϵ_nk^G0W0 (eV)
 
    1 (occ)     1         -21.425           7.822         -23.869         -15.110          -22.361
    2 (occ)     1         -19.264           7.119         -23.047         -15.179          -20.013
    3 (occ)     1         -12.659           3.222         -18.907         -13.663          -14.680
    4 (occ)     1         -10.660           1.880         -18.567         -14.110          -13.238
    5 (occ)     1          -9.580           2.007         -16.798         -12.742          -11.631
    6 (occ)     1          -9.580           2.010         -16.841         -12.742          -11.670
    7 (occ)     1          -6.761           0.385         -15.110         -12.191           -9.295
    8 (occ)     1          -6.761           0.380         -15.032         -12.191           -9.222
    9 (vir)     1          -2.817          -1.626          -7.543         -12.234            0.248
   10 (vir)     1          -2.817          -1.605          -7.482         -12.234            0.330
   11 (vir)     1          -0.015          -2.023          -4.119          -8.797            2.640
   12 (vir)     1           0.565          -1.295          -1.901          -5.191            2.560
   13 (vir)     1           0.681          -0.695          -0.639          -2.533            1.880
   14 (vir)     1           0.960          -0.435          -0.539          -2.048            2.034
   15 (vir)     1           0.960          -0.445          -0.532          -2.048            2.030
   16 (vir)     1           1.772          -0.646          -0.734          -2.861            3.253
   17 (vir)     1           1.772          -0.650          -0.735          -2.861            3.248
   18 (vir)     1           1.785          -2.218          -3.534          -8.252            4.286
   19 (vir)     1           1.862          -0.535          -0.678          -2.338            2.988
   20 (vir)     1           1.862          -0.532          -0.672          -2.338            2.997
   21 (vir)     1           2.852          -1.088          -1.560          -4.215            4.419
   22 (vir)     1           3.979          -1.576          -1.584          -5.033            5.852
   23 (vir)     1           3.979          -1.565          -1.596          -5.033            5.851
   24 (vir)     1           4.629          -1.135          -1.740          -4.803            6.558
   25 (vir)     1           4.629          -1.139          -1.760          -4.803            6.533
   26 (vir)     1           5.072          -1.373          -1.602          -4.659            6.756
   27 (vir)     1           5.226          -0.746          -1.962          -5.419            7.937
   28 (vir)     1           5.226          -3.654          -1.950          -5.419            5.040
   29 (vir)     1           5.399          -1.889          -1.297          -4.844            7.057
   30 (vir)     1           5.399          -1.878          -1.271          -4.844            7.093
   31 (vir)     1           6.036          -1.535          -0.990          -4.021            7.532
   32 (vir)     1           6.036          -1.529          -0.965          -4.021            7.562
   33 (vir)     1           6.157          -1.329          -1.058          -3.719            7.489
   34 (vir)     1           7.549          -2.815          -2.672          -7.639            9.701
   35 (vir)     1           7.673          -1.642          -1.275          -4.544            9.300
   36 (vir)     1           7.673          -1.635          -1.223          -4.544            9.359
   37 (vir)     1           8.379          -1.505          -1.006          -4.248           10.116
   38 (vir)     1          10.015          -2.660          -2.248          -6.949           12.056
   39 (vir)     1          10.015          -2.888          -2.285          -6.949           11.792
   40 (vir)     1          11.169          -3.017          -1.246          -6.086           12.992
   41 (vir)     1          11.169          -3.010          -1.284          -6.086           12.962
   42 (vir)     1          12.600          -2.241          -0.805          -5.355           14.910
   43 (vir)     1          12.600          -2.281          -0.795          -5.355           14.880
   44 (vir)     1          13.416          -2.561          -0.932          -5.316           15.239
   45 (vir)     1          13.565          -2.621          -3.405         -10.154           17.693
   46 (vir)     1          13.565          -2.705          -3.454         -10.154           17.559
   47 (vir)     1          13.726          -3.821          -1.776          -7.149           15.278
   48 (vir)     1          14.411          -2.003          -0.849          -5.658           17.217
   49 (vir)     1          14.411          -1.953          -0.846          -5.658           17.270
   50 (vir)     1          14.843          -3.773          -2.592          -9.685           18.163
   51 (vir)     1          14.843          -4.345          -2.567          -9.685           17.616
   52 (vir)     1          15.640          -4.533          -2.699          -8.988           17.395
   53 (vir)     1          16.196          -6.206          -3.245         -11.137           17.882
   54 (vir)     1          16.196          -6.205          -3.248         -11.137           17.880
   55 (vir)     1          17.038          -2.082          -1.028          -6.313           20.240
   56 (vir)     1          17.038          -2.170          -1.055          -6.313           20.125
   57 (vir)     1          17.123          -1.288          -0.325          -3.761           19.270
   58 (vir)     1          17.123          -1.295          -0.288          -3.761           19.301
   59 (vir)     1          18.394          -3.788          -1.323          -6.273           19.555
   60 (vir)     1          18.828          -2.720          -2.121          -9.123           23.110
   61 (vir)     1          18.828          -7.110          -2.072          -9.123           18.769
   62 (vir)     1          19.970          -4.965          -1.185          -6.318           20.137
   63 (vir)     1          19.970          -4.467          -1.184          -6.318           20.636
   64 (vir)     1          20.348          -4.140          -1.411          -6.543           21.340
   65 (vir)     1          21.006          -2.840          -1.753          -7.909           24.323
   66 (vir)     1          21.006          -2.865          -1.698          -7.909           24.352
   67 (vir)     1          23.278          -4.937          -2.017          -9.338           25.663
   68 (vir)     1          23.278          -5.113          -2.002          -9.338           25.501
   69 (vir)     1          23.503          -7.260          -1.207          -6.645           21.681
   70 (vir)     1          23.503          -7.105          -1.168          -6.645           21.875
   71 (vir)     1          24.366          -1.407          -1.396          -8.011           29.575
   72 (vir)     1          24.366          -1.937          -1.404          -8.011           29.037
   73 (vir)     1          25.528          -6.398          -1.239          -7.899           25.791
   74 (vir)     1          27.227          -7.063          -2.109          -9.658           27.713
   75 (vir)     1          27.234         -10.517          -2.131         -10.211           24.797
   76 (vir)     1          34.768         -11.995          -2.250         -11.581           32.104
   77 (vir)     1          42.037           3.282          -2.827         -13.103           55.596
   78 (vir)     1          42.037           3.312          -2.811         -13.103           55.641
   79 (vir)     1          48.530          -2.486          -1.856         -12.133           56.321
   80 (vir)     1          48.530          -1.530          -1.835         -12.133           57.298
   81 (vir)     1          55.918           3.588          -3.104         -14.980           71.382
   82 (vir)     1          55.918           2.922          -3.036         -14.980           70.784
   83 (vir)     1          63.096           4.624          -2.199         -13.948           79.468
   84 (vir)     1          63.599           2.710          -2.518         -13.493           77.283
   85 (vir)     1          88.473           1.284          -1.407         -11.221           99.571
   86 (vir)     1         109.755           0.974          -0.609          -8.931          119.050
   87 (vir)     1         235.268           0.194          -0.955         -13.033          247.541
 
