 
  kpoint:       1             coordinate:     0.0000    0.0000    0.0000                  spin:  1
 
    n           k   ϵ_nk^DFT (eV)     Σ^c_nk (eV)     Σ^x_nk (eV)    v_nk^xc (eV)   ϵ_nk^G0W0 (eV)
 
    1 (occ)     1         -26.014           9.338         -29.718         -18.538          -27.856
    2 (occ)     1         -24.346           8.481         -28.739         -18.014          -26.590
    3 (occ)     1         -23.722           8.045         -28.365         -17.779          -26.263
    4 (occ)     1         -21.818           7.689         -28.198         -17.811          -24.515
    5 (occ)     1         -19.523           5.964         -24.532         -16.298          -21.793
    6 (occ)     1         -16.607           4.284         -23.326         -16.362          -19.288
    7 (occ)     1         -16.236           4.259         -23.731         -16.903          -18.804
    8 (occ)     1         -14.124           3.115         -21.881         -16.039          -16.850
    9 (occ)     1         -14.081           3.241         -22.570         -16.525          -16.884
   10 (occ)     1         -13.111           2.914         -22.606         -16.963          -15.838
   11 (occ)     1         -12.319           2.727         -22.159         -16.531          -15.220
   12 (occ)     1         -11.175           3.288         -20.133         -14.485          -13.535
   13 (occ)     1         -11.003           2.393         -20.794         -15.699          -13.705
   14 (occ)     1         -10.622           2.065         -20.701         -16.183          -13.075
   15 (occ)     1          -9.691           3.981         -25.678         -19.103          -12.285
   16 (occ)     1          -9.400           2.353         -20.055         -15.097          -12.005
   17 (occ)     1          -8.566           2.118         -19.474         -15.255          -10.667
   18 (occ)     1          -6.326           2.725         -21.546         -16.518           -8.629
   19 (occ)     1          -6.280           1.888         -20.159         -16.054           -8.496
   20 (occ)     1          -5.778           3.413         -24.680         -18.938           -8.108
   21 (occ)     1          -5.709           1.188         -19.484         -16.391           -7.613
   22 (vir)     1          -2.047          -2.610          -8.975         -14.026            0.394
   23 (vir)     1          -0.836          -1.749          -3.672          -7.163            0.905
   24 (vir)     1          -0.748          -2.343          -5.949         -10.344            1.305
   25 (vir)     1          -0.560          -1.211          -1.769          -4.416            0.876
   26 (vir)     1           0.010          -1.034          -1.315          -3.583            1.244
   27 (vir)     1           0.459          -0.788          -0.764          -2.500            1.407
   28 (vir)     1           0.508          -1.029          -1.341          -3.610            1.749
   29 (vir)     1           0.621          -0.986          -0.866          -3.012            1.781
   30 (vir)     1           1.089          -0.916          -1.148          -3.129            2.154
   31 (vir)     1           1.121          -0.925          -1.124          -3.200            2.272
   32 (vir)     1           1.505          -0.597          -0.615          -2.133            2.426
   33 (vir)     1           1.586          -0.811          -0.910          -2.965            2.831
   34 (vir)     1           1.747          -0.802          -1.025          -3.009            2.928
   35 (vir)     1           2.115          -2.722          -4.150          -8.506            3.750
   36 (vir)     1           2.223          -1.485          -1.872          -4.651            3.517
   37 (vir)     1           2.377          -0.802          -0.900          -2.780            3.455
   38 (vir)     1           2.416          -0.820          -1.029          -2.946            3.514
   39 (vir)     1           2.468          -1.117          -1.494          -3.812            3.669
   40 (vir)     1           2.568          -0.917          -0.973          -2.915            3.593
   41 (vir)     1           2.815          -0.679          -0.660          -2.337            3.813
   42 (vir)     1           3.061          -1.265          -1.632          -4.201            4.365
   43 (vir)     1           3.108          -1.062          -1.133          -3.269            4.182
   44 (vir)     1           3.167          -1.099          -1.623          -4.001            4.447
   45 (vir)     1           3.422          -1.305          -1.792          -4.458            4.783
   46 (vir)     1           3.643          -1.390          -1.946          -4.743            5.050
   47 (vir)     1           3.810          -1.191          -1.754          -4.376            5.242
   48 (vir)     1           3.940          -1.443          -2.040          -5.047            5.504
   49 (vir)     1           4.213          -0.832          -0.829          -2.725            5.276
   50 (vir)     1           4.398          -1.066          -1.206          -3.509            5.635
   51 (vir)     1           4.427          -0.945          -0.705          -2.598            5.376
   52 (vir)     1           4.493          -1.329          -1.839          -4.714            6.038
   53 (vir)     1           4.885          -1.694          -2.474          -5.788            6.506
   54 (vir)     1           5.108          -1.467          -1.825          -4.879            6.695
   55 (vir)     1           5.336          -1.105          -0.865          -3.217            6.583
   56 (vir)     1           5.634          -1.365          -1.534          -4.422            7.157
   57 (vir)     1           5.714          -1.660          -2.385          -5.731            7.400
   58 (vir)     1           5.752          -1.405          -1.455          -4.343            7.236
   59 (vir)     1           5.769          -2.124          -2.830          -6.893            7.708
   60 (vir)     1           6.454          -1.659          -1.692          -5.013            8.116
   61 (vir)     1           6.605          -1.517          -1.738          -4.904            8.253
   62 (vir)     1           6.665          -1.748          -2.398          -5.714            8.232
   63 (vir)     1           6.719          -1.557          -1.679          -4.912            8.395
   64 (vir)     1           6.923          -2.877          -3.992          -9.089            9.143
   65 (vir)     1           7.102          -1.509          -1.430          -4.601            8.765
   66 (vir)     1           7.409          -2.305          -3.364          -7.613            9.352
   67 (vir)     1           7.615          -2.481          -3.265          -7.696            9.566
   68 (vir)     1           7.730          -2.538          -3.368          -7.852            9.677
   69 (vir)     1           8.217          -1.918          -1.686          -5.202            9.816
   70 (vir)     1           8.291          -1.786          -1.818          -5.267            9.954
   71 (vir)     1           8.614          -2.861          -3.666          -8.795           10.883
   72 (vir)     1           8.770          -2.107          -1.420          -5.179           10.423
   73 (vir)     1           8.954          -2.028          -2.221          -6.014           10.720
   74 (vir)     1           9.486          -2.771          -2.852          -7.557           11.419
   75 (vir)     1           9.982          -1.566          -1.487          -4.814           11.743
   76 (vir)     1          10.026          -1.949          -1.884          -5.697           11.890
   77 (vir)     1          10.459          -2.898          -3.189          -8.400           12.773
   78 (vir)     1          10.757          -2.197          -1.926          -5.919           12.553
   79 (vir)     1          11.061          -2.210          -1.633          -5.560           12.779
   80 (vir)     1          11.317          -3.121          -3.030          -8.128           13.293
   81 (vir)     1          11.774          -2.447          -2.003          -6.460           13.784
   82 (vir)     1          11.840          -2.477          -2.289          -6.807           13.880
   83 (vir)     1          11.904          -2.551          -2.239          -6.735           13.849
   84 (vir)     1          12.422          -3.194          -3.022          -8.367           14.573
   85 (vir)     1          12.612          -2.592          -1.903          -6.440           14.557
   86 (vir)     1          12.872          -3.484          -3.343          -9.195           15.240
   87 (vir)     1          13.638          -3.202          -2.617          -7.834           15.654
   88 (vir)     1          13.871          -3.385          -2.104          -7.308           15.690
   89 (vir)     1          13.960          -2.833          -1.807          -6.436           15.756
   90 (vir)     1          14.225          -4.072          -3.748         -10.362           16.766
   91 (vir)     1          14.390          -3.116          -2.050          -7.041           16.265
   92 (vir)     1          14.620          -3.165          -2.148          -7.290           16.595
   93 (vir)     1          14.932          -4.829          -3.879         -11.090           17.314
   94 (vir)     1          15.058          -3.413          -1.940          -7.208           16.913
   95 (vir)     1          15.214          -2.946          -2.079          -7.190           17.380
   96 (vir)     1          15.321          -3.839          -1.880          -7.113           16.715
   97 (vir)     1          15.925          -5.046          -4.169         -11.884           18.595
   98 (vir)     1          16.468          -3.185          -2.234          -7.443           18.492
   99 (vir)     1          16.803          -3.307          -1.990          -7.194           18.699
  100 (vir)     1          17.024          -3.864          -2.632          -8.700           19.228
  101 (vir)     1          17.079          -3.559          -2.303          -8.008           19.225
  102 (vir)     1          17.780          -2.768          -1.840          -6.797           19.969
  103 (vir)     1          18.244          -3.464          -1.924          -7.320           20.177
  104 (vir)     1          18.631          -3.594          -2.595          -8.272           20.714
  105 (vir)     1          19.004          -3.637          -2.056          -7.614           20.925
  106 (vir)     1          19.359          -3.857          -2.164          -8.231           21.569
  107 (vir)     1          19.631          -3.401          -2.107          -7.805           21.927
  108 (vir)     1          19.819          -3.733          -2.302          -8.291           22.076
  109 (vir)     1          19.876          -3.724          -1.959          -7.512           21.706
  110 (vir)     1          20.416          -4.104          -2.613          -8.898           22.596
  111 (vir)     1          20.993          -3.770          -1.881          -7.692           23.033
  112 (vir)     1          21.817          -4.378          -1.822          -7.899           23.516
  113 (vir)     1          22.258          -3.160          -1.257          -6.479           24.320
  114 (vir)     1          22.723          -4.231          -2.344          -8.864           25.012
  115 (vir)     1          23.240          -4.735          -2.539          -9.403           25.369
  116 (vir)     1          23.364          -4.399          -1.671          -7.599           24.893
  117 (vir)     1          23.490          -4.188          -2.361          -8.681           25.621
  118 (vir)     1          24.037          -4.726          -2.656          -9.411           26.066
  119 (vir)     1          24.353          -4.132          -2.487          -8.904           26.638
  120 (vir)     1          24.534          -4.143          -1.869          -7.932           26.454
  121 (vir)     1          24.592          -3.647          -1.822          -7.368           26.491
  122 (vir)     1          24.965          -4.433          -1.848          -8.113           26.798
  123 (vir)     1          25.682          -4.867          -2.287          -8.831           27.360
  124 (vir)     1          25.787          -4.041          -2.378          -8.581           27.949
  125 (vir)     1          26.241          -4.543          -2.548          -9.240           28.390
  126 (vir)     1          26.420          -4.641          -2.447          -9.223           28.556
  127 (vir)     1          27.349          -4.269          -1.973          -8.028           29.135
  128 (vir)     1          27.973          -5.673          -2.607          -9.168           28.862
  129 (vir)     1          28.468          -4.289          -2.040          -8.064           30.205
  130 (vir)     1          29.682          -5.402          -2.187          -8.901           30.993
  131 (vir)     1          29.918          -6.508          -2.542          -9.953           30.821
  132 (vir)     1          30.561          -6.058          -2.650          -9.777           31.630
  133 (vir)     1          31.286          -5.255          -1.933          -8.922           33.019
  134 (vir)     1          31.718          -6.200          -2.343          -9.552           32.727
  135 (vir)     1          32.217          -5.333          -2.243          -9.100           33.741
  136 (vir)     1          34.009          -6.979          -2.970         -11.246           35.306
  137 (vir)     1          34.133          -7.264          -2.847         -10.996           35.018
  138 (vir)     1          34.514          -6.403          -2.705         -10.445           35.850
  139 (vir)     1          35.128          -6.538          -2.485         -10.322           36.427
  140 (vir)     1          35.794          -6.230          -2.079          -9.440           36.925
  141 (vir)     1          36.565          -6.971          -3.104         -11.717           38.207
  142 (vir)     1          37.289          -7.601          -3.412         -12.112           38.388
  143 (vir)     1          37.515          -6.885          -3.271         -11.320           38.679
  144 (vir)     1          38.194          -7.242          -3.056         -10.952           38.848
  145 (vir)     1          40.502          -7.789          -2.644         -10.920           40.988
  146 (vir)     1          40.816          -8.332          -2.718         -11.442           41.207
  147 (vir)     1          41.186          -8.475          -3.061         -11.690           41.340
  148 (vir)     1          42.005          -8.196          -2.529         -10.724           42.003
  149 (vir)     1          43.375          -9.238          -3.244         -12.190           43.083
  150 (vir)     1          43.566          -8.967          -3.285         -12.456           43.771
  151 (vir)     1          43.885          -9.115          -2.786         -11.569           43.552
  152 (vir)     1          44.442          -9.111          -3.077         -12.208           44.461
  153 (vir)     1          45.170          -8.998          -3.335         -12.388           45.225
  154 (vir)     1          45.294         -10.551          -3.404         -13.247           44.585
  155 (vir)     1          45.665          -9.376          -3.318         -12.516           45.487
  156 (vir)     1          46.247         -10.301          -2.947         -12.300           45.300
  157 (vir)     1          46.873         -10.543          -3.305         -12.833           45.858
  158 (vir)     1          47.414         -10.278          -2.672         -12.511           46.975
  159 (vir)     1          48.544         -10.627          -3.071         -12.715           47.561
  160 (vir)     1          49.037         -10.157          -3.055         -12.728           48.552
  161 (vir)     1          49.591         -11.373          -2.897         -12.549           47.871
  162 (vir)     1          50.315         -11.138          -2.726         -12.362           48.813
  163 (vir)     1          51.749         -11.472          -3.370         -13.714           50.621
  164 (vir)     1          51.973         -11.953          -3.458         -13.202           49.764
  165 (vir)     1          52.238         -11.086          -2.821         -12.423           50.754
  166 (vir)     1          52.555         -12.295          -3.163         -12.921           50.019
  167 (vir)     1          53.150         -12.189          -2.842         -12.556           50.675
  168 (vir)     1          53.505         -11.842          -3.091         -13.324           51.897
  169 (vir)     1          53.726         -12.019          -3.287         -13.272           51.692
  170 (vir)     1          54.601         -12.123          -2.833         -13.071           52.717
  171 (vir)     1          55.107         -12.860          -2.977         -12.961           52.231
  172 (vir)     1          55.649         -12.237          -3.059         -13.240           53.592
  173 (vir)     1          55.799         -12.947          -3.150         -13.568           53.270
  174 (vir)     1          56.458         -12.724          -3.186         -13.610           54.159
  175 (vir)     1          57.710         -10.288          -2.933         -12.761           57.251
  176 (vir)     1          58.016          -9.112          -2.682         -12.756           58.978
  177 (vir)     1          58.373         -12.026          -2.723         -12.867           56.490
  178 (vir)     1          58.472         -12.659          -2.814         -12.937           55.936
  179 (vir)     1          58.862         -10.654          -3.176         -13.808           58.840
  180 (vir)     1          59.627         -10.457          -3.053         -13.402           59.519
  181 (vir)     1          59.911         -10.301          -2.842         -13.304           60.073
  182 (vir)     1          60.533         -10.922          -3.333         -13.998           60.277
  183 (vir)     1          61.024          -9.478          -2.916         -13.747           62.377
  184 (vir)     1          61.661         -10.309          -2.755         -13.465           62.063
  185 (vir)     1          61.858         -10.713          -2.686         -13.520           61.979
  186 (vir)     1          62.813         -11.801          -2.906         -13.878           61.984
  187 (vir)     1          63.148          -9.545          -2.431         -13.121           64.293
  188 (vir)     1          63.738          -9.197          -2.691         -13.362           65.212
  189 (vir)     1          64.765           9.450          -2.932         -13.533           84.816
  190 (vir)     1          65.154         -11.334          -2.858         -14.026           64.988
  191 (vir)     1          66.233         -12.405          -2.869         -13.820           64.779
  192 (vir)     1          66.459          -8.120          -2.438         -13.982           69.883
  193 (vir)     1          66.874           5.763          -2.793         -13.845           83.689
  194 (vir)     1          67.537         -10.709          -2.706         -13.694           67.816
  195 (vir)     1          68.113         -12.578          -2.484         -13.626           66.677
  196 (vir)     1          69.143           7.176          -2.655         -13.730           87.394
  197 (vir)     1          69.904          -7.270          -2.403         -13.775           74.006
  198 (vir)     1          70.527         -10.724          -2.259         -13.215           70.759
  199 (vir)     1          70.641          -6.853          -2.328         -13.629           75.088
  200 (vir)     1          71.251           7.206          -2.449         -13.685           89.694
  201 (vir)     1          71.347          -5.721          -2.582         -14.136           77.180
  202 (vir)     1          72.347          -4.358          -2.656         -13.977           79.310
  203 (vir)     1          73.101          -2.897          -2.721         -14.055           81.538
  204 (vir)     1          74.085          -1.927          -2.539         -14.147           83.766
  205 (vir)     1          74.778           7.583          -2.265         -13.548           93.644
  206 (vir)     1          75.977           5.816          -2.242         -13.815           93.366
  207 (vir)     1          76.692           0.816          -2.732         -14.235           89.011
  208 (vir)     1          77.275           6.106          -2.250         -14.136           95.267
  209 (vir)     1          77.599           3.538          -2.941         -14.942           93.138
  210 (vir)     1          78.123           8.555          -2.744         -14.554           98.488
  211 (vir)     1          78.450           4.901          -2.215         -14.248           95.383
  212 (vir)     1          80.042           6.577          -2.650         -14.597           98.565
  213 (vir)     1          81.071           5.425          -2.291         -14.055           98.259
  214 (vir)     1          81.537           7.429          -2.658         -13.967          100.276
  215 (vir)     1          81.886           7.538          -3.183         -15.506          101.747
  216 (vir)     1          82.132           5.899          -2.313         -15.309          101.027
  217 (vir)     1          82.888           5.730          -2.297         -15.071          101.392
  218 (vir)     1          83.118           6.874          -2.529         -14.892          102.355
  219 (vir)     1          83.289           6.051          -2.645         -14.707          101.402
  220 (vir)     1          85.391           6.925          -2.487         -13.831          103.660
  221 (vir)     1          86.034           7.723          -2.578         -14.597          105.776
  222 (vir)     1          86.408           8.362          -2.819         -15.285          107.236
  223 (vir)     1          87.366           6.707          -2.786         -14.947          106.233
  224 (vir)     1          87.851           5.918          -2.354         -13.823          105.238
  225 (vir)     1          88.056           5.248          -2.456         -15.147          105.996
  226 (vir)     1          88.903           7.123          -2.766         -15.129          108.389
  227 (vir)     1          89.547           4.512          -2.315         -15.180          106.924
  228 (vir)     1          90.564           7.852          -2.653         -14.989          110.752
  229 (vir)     1          92.140           7.710          -2.622         -15.084          112.312
  230 (vir)     1          92.854           4.917          -2.248         -14.559          110.081
  231 (vir)     1          93.231           6.824          -2.900         -15.768          112.922
  232 (vir)     1          93.520           3.767          -2.250         -15.403          110.441
  233 (vir)     1          94.328           6.020          -2.548         -14.268          112.068
  234 (vir)     1          96.383           4.227          -2.169         -14.563          113.005
  235 (vir)     1          98.424           6.324          -2.857         -15.588          117.480
  236 (vir)     1          98.988           5.332          -2.434         -14.169          116.055
  237 (vir)     1         100.704           4.844          -2.569         -15.163          118.141
  238 (vir)     1         103.720           5.237          -2.404         -15.680          122.234
  239 (vir)     1         108.323           4.793          -2.693         -15.823          126.246
  240 (vir)     1         109.665           5.842          -2.871         -16.094          128.731
  241 (vir)     1         113.133           4.016          -2.211         -15.121          130.058
  242 (vir)     1         113.597           5.148          -2.492         -15.697          131.950
  243 (vir)     1         120.176           4.209          -2.799         -16.830          138.415
  244 (vir)     1         122.303           3.565          -2.539         -15.882          139.211
  245 (vir)     1         124.879           3.389          -2.239         -16.663          142.693
  246 (vir)     1         128.928           2.965          -2.457         -16.964          146.401
  247 (vir)     1         131.149           3.013          -2.495         -17.634          149.300
  248 (vir)     1         131.344           7.633          -2.301         -19.283          155.960
  249 (vir)     1         134.686           7.931          -2.854         -19.601          159.363
  250 (vir)     1         137.959           3.400          -3.197         -17.692          155.855
  251 (vir)     1         139.290           7.441          -2.564         -18.601          162.769
  252 (vir)     1         140.678           2.137          -2.163         -17.216          157.868
  253 (vir)     1         152.386           6.019          -1.679         -15.949          172.676
  254 (vir)     1         160.861           5.452          -1.639         -15.529          180.203
  255 (vir)     1         162.808           5.539          -1.489         -15.579          182.436
  256 (vir)     1         164.702           4.778          -1.490         -15.716          183.707
  257 (vir)     1         165.796           7.126          -1.646         -14.999          186.276
  258 (vir)     1         180.198           0.970          -3.515         -23.167          200.820
  259 (vir)     1         181.363           1.552          -5.332         -23.055          200.637
  260 (vir)     1         184.971           1.632          -4.076         -22.998          205.525
  261 (vir)     1         187.536           2.018          -4.713         -22.994          207.835
  262 (vir)     1         193.788           1.756          -4.050         -23.048          214.542
  263 (vir)     1         208.336           1.259          -2.033         -15.848          223.409
  264 (vir)     1         227.156           0.713          -2.061         -17.824          243.633
  265 (vir)     1         233.449           0.864          -2.112         -16.421          248.622
  266 (vir)     1         235.141           0.818          -2.192         -16.469          250.236
  267 (vir)     1         239.188           0.827          -1.969         -16.017          254.062
  268 (vir)     1         240.116           1.291          -2.841         -21.680          260.247
  269 (vir)     1         240.561           1.568          -2.746         -21.247          260.630
  270 (vir)     1         240.946           1.174          -1.730         -15.502          255.892
  271 (vir)     1         241.849           1.208          -2.291         -20.201          260.966
  272 (vir)     1         242.785           1.400          -1.838         -15.514          257.861
  273 (vir)     1         244.206           0.938          -2.393         -20.442          263.193
  274 (vir)     1         244.804           0.566          -2.760         -22.197          264.808
  275 (vir)     1         246.871           0.971          -3.061         -22.307          267.087
  276 (vir)     1         249.816           1.088          -2.309         -20.202          268.798
  277 (vir)     1         266.581           0.624          -1.782         -18.538          283.961
 
