 
  kpoint:       1             coordinate:     0.0000    0.0000    0.0000                  spin:  1
 
    n           k   ϵ_nk^DFT (eV)     Σ^c_nk (eV)     Σ^x_nk (eV)    v_nk^xc (eV)   ϵ_nk^G0W0 (eV)
 
    1 (occ)     1         -19.783           7.499         -23.699         -14.806          -21.177
    2 (occ)     1         -17.262           5.626         -20.580         -13.407          -18.810
    3 (occ)     1         -14.276           3.720         -20.842         -14.191          -17.206
    4 (occ)     1         -11.726           2.559         -19.826         -14.295          -14.699
    5 (occ)     1         -10.646           1.970         -19.503         -14.528          -13.651
    6 (occ)     1          -8.612           0.900         -17.089         -13.278          -11.523
    7 (occ)     1          -8.000           1.211         -15.857         -12.088          -10.558
    8 (occ)     1          -6.428           0.766         -14.358         -10.888           -9.132
    9 (occ)     1          -6.021           0.417         -14.572         -11.565           -8.612
   10 (vir)     1          -1.643          -1.823          -5.965         -10.590            1.160
   11 (vir)     1          -1.520          -2.237          -6.282         -11.392            1.353
   12 (vir)     1          -0.192          -0.719          -1.028          -3.244            1.304
   13 (vir)     1           0.302          -0.672          -0.920          -2.992            1.701
   14 (vir)     1           0.385          -0.632          -0.861          -2.975            1.866
   15 (vir)     1           0.934          -0.483          -0.597          -2.231            2.085
   16 (vir)     1           1.386          -0.409          -0.574          -2.187            2.591
   17 (vir)     1           1.577          -0.463          -0.664          -2.358            2.809
   18 (vir)     1           1.682          -0.477          -0.733          -2.407            2.879
   19 (vir)     1           1.743          -0.561          -0.834          -2.777            3.125
   20 (vir)     1           1.900          -0.386          -0.490          -2.150            3.174
   21 (vir)     1           2.557          -0.738          -1.460          -4.081            4.441
   22 (vir)     1           2.801          -0.762          -1.270          -3.735            4.504
   23 (vir)     1           3.176          -0.610          -0.927          -3.088            4.727
   24 (vir)     1           3.310          -1.029          -1.812          -4.577            5.045
   25 (vir)     1           3.751          -0.986          -1.596          -4.375            5.544
   26 (vir)     1           4.066          -0.875          -1.316          -3.719            5.594
   27 (vir)     1           4.906          -0.949          -1.445          -4.217            6.730
   28 (vir)     1           5.071          -1.365          -1.991          -5.344            7.059
   29 (vir)     1           5.239          -1.269          -1.923          -5.222            7.269
   30 (vir)     1           5.471          -0.965          -2.377          -5.955            8.085
   31 (vir)     1           5.903          -1.296          -1.663          -4.944            7.889
   32 (vir)     1           6.005          -0.942          -1.250          -4.127            7.941
   33 (vir)     1           6.248          -1.242          -2.263          -5.896            8.639
   34 (vir)     1           6.350          -1.185          -2.101          -5.889            8.952
   35 (vir)     1           6.633          -1.556          -1.990          -5.669            8.756
   36 (vir)     1           7.201          -1.272          -2.067          -5.616            9.478
   37 (vir)     1           8.004          -1.587          -2.037          -5.945           10.326
   38 (vir)     1           8.145          -2.139          -1.313          -5.013            9.707
   39 (vir)     1           8.446          -2.138          -1.921          -6.090           10.477
   40 (vir)     1           8.488          -1.431          -1.849          -5.196           10.405
   41 (vir)     1           9.555          -1.862          -1.353          -5.207           11.547
   42 (vir)     1          10.807          -1.980          -1.725          -5.967           13.069
   43 (vir)     1          10.850          -0.777          -1.135          -4.782           13.721
   44 (vir)     1          11.147          -2.138          -1.776          -6.249           13.482
   45 (vir)     1          12.420          -2.720          -2.052          -6.944           14.592
   46 (vir)     1          12.728          -1.262          -1.461          -5.825           15.831
   47 (vir)     1          13.187          -2.533          -2.012          -6.763           15.404
   48 (vir)     1          14.073          -2.866          -2.199          -7.359           16.367
   49 (vir)     1          14.527          -3.858          -3.178          -9.352           16.842
   50 (vir)     1          14.857          -2.918          -2.307          -7.678           17.311
   51 (vir)     1          14.931          -1.646          -0.975          -5.225           17.534
   52 (vir)     1          15.430          -2.701          -2.022          -7.068           17.775
   53 (vir)     1          16.002          -3.474          -2.352          -7.997           18.173
   54 (vir)     1          16.793          -4.312          -2.890          -9.289           18.881
   55 (vir)     1          17.247          -3.322          -2.181          -7.946           19.690
   56 (vir)     1          18.516          -1.512          -1.246          -5.968           21.725
   57 (vir)     1          18.603          -2.352          -0.991          -5.911           21.171
   58 (vir)     1          18.901          -2.997          -1.738          -6.795           20.961
   59 (vir)     1          19.502          -2.615          -0.995          -5.597           21.490
   60 (vir)     1          19.894          -3.322          -1.573          -7.125           22.124
   61 (vir)     1          21.423          -3.033          -1.319          -6.505           23.577
   62 (vir)     1          21.854          -3.108          -1.172          -6.880           24.454
   63 (vir)     1          24.474          -4.239          -1.634          -7.400           26.000
   64 (vir)     1          25.452          -4.534          -1.710          -7.982           27.190
   65 (vir)     1          25.716          -4.740          -1.210          -6.478           26.244
   66 (vir)     1          27.610          -4.755          -1.662          -7.311           28.504
   67 (vir)     1          27.632          -1.377          -3.450         -11.564           34.368
   68 (vir)     1          29.228          -7.768          -2.541          -9.409           28.328
   69 (vir)     1          31.090          -9.088          -2.711         -10.534           29.825
   70 (vir)     1          31.395          -8.615          -2.243          -9.177           29.714
   71 (vir)     1          31.784           2.425          -2.901         -11.308           42.616
   72 (vir)     1          34.158          -4.505          -3.168         -11.372           37.857
   73 (vir)     1          34.629          -7.116          -2.525         -10.630           35.618
   74 (vir)     1          34.814          -8.371          -2.951         -11.070           34.562
   75 (vir)     1          35.274          -6.002          -2.284         -10.279           37.266
   76 (vir)     1          35.883         -10.705          -3.315         -12.249           34.113
   77 (vir)     1          37.994           3.416          -2.430         -10.499           49.478
   78 (vir)     1          39.280          -8.494          -2.200          -9.758           38.345
   79 (vir)     1          40.339           2.198          -1.596          -9.094           50.035
   80 (vir)     1          41.054         -10.526          -2.839         -12.125           39.814
   81 (vir)     1          41.746          -4.573          -2.775         -11.494           45.892
   82 (vir)     1          43.876           4.121          -2.324         -11.312           56.986
   83 (vir)     1          45.202          -9.167          -2.524         -11.675           45.186
   84 (vir)     1          46.573           3.804          -2.057         -11.107           59.427
   85 (vir)     1          46.802           2.950          -2.461         -12.295           59.586
   86 (vir)     1          47.784           3.308          -2.305         -11.736           60.523
   87 (vir)     1          48.006           2.764          -2.477         -12.356           60.649
   88 (vir)     1          49.630           1.711          -2.005         -11.433           60.769
   89 (vir)     1          52.082           1.413          -2.145         -11.872           63.222
   90 (vir)     1          52.801           3.154          -2.276         -11.785           65.465
   91 (vir)     1          53.430           3.299          -2.604         -12.373           66.497
   92 (vir)     1          58.040           3.206          -2.395         -12.179           71.030
   93 (vir)     1          58.728           4.354          -2.553         -13.099           73.628
   94 (vir)     1          59.975           3.125          -2.372         -12.251           72.979
   95 (vir)     1          62.458           3.557          -2.369         -12.926           76.571
   96 (vir)     1          63.442           3.696          -2.613         -13.526           78.051
   97 (vir)     1          63.585           3.809          -2.508         -13.132           78.018
   98 (vir)     1          65.377           3.326          -2.477         -13.053           79.279
   99 (vir)     1          68.871           2.977          -1.972         -11.735           81.611
  100 (vir)     1          70.282           2.957          -2.265         -13.336           84.310
  101 (vir)     1          71.860           4.122          -2.292         -13.778           87.468
  102 (vir)     1          72.073           3.056          -1.981         -13.365           86.513
  103 (vir)     1          76.007           2.964          -2.238         -13.545           90.279
  104 (vir)     1          78.347           2.845          -2.366         -13.913           92.738
  105 (vir)     1          85.248           2.204          -2.294         -14.040           99.198
  106 (vir)     1          86.814           2.504          -2.604         -14.723          101.437
  107 (vir)     1          95.014           1.408          -2.570         -15.152          109.005
  108 (vir)     1         111.699           1.695          -1.797         -12.969          124.565
  109 (vir)     1         114.163           1.492          -1.150          -9.574          124.079
  110 (vir)     1         156.203           2.352          -1.757         -16.007          172.805
  111 (vir)     1         162.505           2.438          -1.667         -15.841          179.117
  112 (vir)     1         163.972           2.514          -1.632         -15.832          180.686
  113 (vir)     1         198.602           4.381          -0.920         -12.204          214.267
  114 (vir)     1         240.496          11.133          -0.868         -13.383          264.144
 
