 
  kpoint:       1             coordinate:     0.0000    0.0000    0.0000                  spin:  1
 
    n           k   ϵ_nk^DFT (eV)     Σ^c_nk (eV)     Σ^x_nk (eV)    v_nk^xc (eV)   ϵ_nk^G0W0 (eV)
 
    1 (occ)     1         -28.304           9.857         -31.776         -19.671          -30.552
    2 (occ)     1         -25.975           9.360         -32.432         -20.677          -28.370
    3 (occ)     1         -16.766           3.335         -24.634         -17.255          -20.810
    4 (occ)     1         -12.999           2.559         -23.231         -16.820          -16.851
    5 (occ)     1         -12.052           3.886         -26.743         -19.059          -15.851
    6 (occ)     1         -11.251           2.525         -22.559         -16.652          -14.633
    7 (occ)     1          -9.977           2.583         -25.319         -18.783          -13.931
    8 (occ)     1          -8.219           1.792         -24.358         -19.056          -11.729
    9 (occ)     1          -6.927           2.352         -24.720         -18.818          -10.476
   10 (vir)     1          -1.518          -2.092          -9.248         -15.141            2.283
   11 (vir)     1          -0.463          -0.748          -2.142          -4.956            1.603
   12 (vir)     1           0.165          -0.500          -1.037          -3.124            1.751
   13 (vir)     1           0.872          -0.298          -0.448          -1.980            2.106
   14 (vir)     1           0.916          -0.325          -0.811          -2.556            2.336
   15 (vir)     1           1.772          -0.450          -1.024          -3.011            3.309
   16 (vir)     1           1.862          -0.195          -0.334          -1.645            2.978
   17 (vir)     1           2.300          -0.184          -0.380          -1.651            3.387
   18 (vir)     1           2.357          -0.181          -0.345          -1.507            3.339
   19 (vir)     1           2.362          -0.229          -0.456          -1.790            3.467
   20 (vir)     1           3.065          -0.764          -1.792          -4.336            4.845
   21 (vir)     1           3.698          -1.214          -2.793          -6.234            5.925
   22 (vir)     1           5.096          -1.294          -3.230          -7.287            7.860
   23 (vir)     1           6.107          -1.242          -2.558          -6.378            8.684
   24 (vir)     1           6.399          -0.835          -1.595          -4.884            8.853
   25 (vir)     1           6.863          -1.250          -1.383          -5.077            9.307
   26 (vir)     1           7.133          -2.051          -4.960         -10.363           10.485
   27 (vir)     1           8.964          -0.934          -2.071          -5.340           11.299
   28 (vir)     1           9.450          -1.236          -1.900          -5.963           12.277
   29 (vir)     1           9.861          -1.836          -3.165          -8.174           13.034
   30 (vir)     1          11.339          -1.683          -2.605          -7.171           14.223
   31 (vir)     1          12.133          -1.924          -2.851          -7.721           15.081
   32 (vir)     1          12.737          -1.726          -1.772          -6.144           15.383
   33 (vir)     1          13.625          -1.163          -1.274          -5.136           16.325
   34 (vir)     1          13.701          -2.023          -2.720          -7.928           16.887
   35 (vir)     1          14.638          -3.540          -4.697         -11.798           18.199
   36 (vir)     1          15.245          -2.069          -2.388          -7.431           18.219
   37 (vir)     1          15.273          -0.970          -1.009          -4.956           18.250
   38 (vir)     1          16.267          -1.636          -1.734          -6.348           19.246
   39 (vir)     1          18.052          -3.101          -3.806         -10.369           21.514
   40 (vir)     1          19.984          -2.902          -3.185          -9.361           23.257
   41 (vir)     1          20.364          -3.873          -3.243         -10.020           23.268
   42 (vir)     1          21.250          -3.820          -4.079         -11.226           24.577
   43 (vir)     1          21.838          -3.909          -3.449         -10.340           24.821
   44 (vir)     1          23.760          -3.506          -3.408         -10.282           27.127
   45 (vir)     1          27.669          -6.404          -3.994         -12.070           29.341
   46 (vir)     1          30.243          -4.049          -3.689         -11.001           33.506
   47 (vir)     1          31.879           2.717          -4.934         -13.442           43.104
   48 (vir)     1          32.244          -7.932          -3.229         -11.711           32.794
   49 (vir)     1          33.765          -6.325          -4.295         -12.884           36.029
   50 (vir)     1          37.137          -7.281          -4.525         -13.128           38.459
   51 (vir)     1          37.587          -8.558          -4.119         -12.539           37.449
   52 (vir)     1          41.828         -12.382          -5.217         -15.116           39.345
   53 (vir)     1          43.912           3.149          -4.816         -13.753           55.998
   54 (vir)     1          43.940         -12.335          -4.862         -14.115           40.858
   55 (vir)     1          45.724           4.665          -3.651         -12.870           59.608
   56 (vir)     1          47.882           3.636          -4.199         -14.185           61.505
   57 (vir)     1          50.452           3.626          -3.313         -12.316           63.081
   58 (vir)     1          51.778           4.463          -3.634         -13.165           65.773
   59 (vir)     1          54.426           2.343          -3.641         -13.495           66.622
   60 (vir)     1          56.732           3.593          -3.869         -14.945           71.401
   61 (vir)     1          58.642           3.519          -3.957         -14.490           72.694
   62 (vir)     1          59.745           3.326          -2.720         -12.863           73.215
   63 (vir)     1          60.302           3.611          -2.815         -12.899           73.996
   64 (vir)     1          64.009           2.714          -3.407         -14.478           77.795
   65 (vir)     1          65.727           2.753          -3.802         -14.425           79.103
   66 (vir)     1          67.221           3.116          -4.328         -16.240           82.250
   67 (vir)     1          69.523           2.673          -3.401         -15.040           83.835
   68 (vir)     1          74.094           3.148          -2.780         -13.549           88.010
   69 (vir)     1          79.946           3.100          -3.585         -16.096           95.557
   70 (vir)     1          88.101           2.720          -3.499         -16.579          103.902
   71 (vir)     1         123.142           2.915          -2.678         -15.875          139.254
   72 (vir)     1         124.914           3.925          -2.704         -18.470          144.605
   73 (vir)     1         125.929           3.763          -3.197         -19.259          145.754
   74 (vir)     1         126.364           3.830          -3.496         -19.380          146.078
   75 (vir)     1         127.611           3.828          -3.164         -18.463          146.738
   76 (vir)     1         132.858           4.183          -3.085         -18.925          152.881
   77 (vir)     1         140.639           3.286          -2.449         -16.491          157.966
   78 (vir)     1         146.389           3.406          -2.348         -17.567          165.013
   79 (vir)     1         158.336           2.258          -1.822         -16.059          174.832
   80 (vir)     1         174.985           1.588          -4.789         -23.117          194.902
   81 (vir)     1         176.311           1.401          -4.844         -23.346          196.214
   82 (vir)     1         177.791           1.558          -4.755         -23.273          197.867
   83 (vir)     1         177.965           1.470          -4.817         -23.308          197.926
   84 (vir)     1         179.410           1.734          -4.653         -23.310          199.802
   85 (vir)     1         180.997           1.915          -4.525         -22.996          201.383
   86 (vir)     1         181.079           1.813          -4.264         -22.936          201.564
   87 (vir)     1         183.860           1.700          -4.706         -23.424          204.278
   88 (vir)     1         185.609           1.952          -4.316         -22.825          206.070
   89 (vir)     1         188.727           1.980          -4.256         -22.855          209.307
   90 (vir)     1         222.697           1.500          -2.599         -19.869          241.467
   91 (vir)     1         224.442           1.071          -2.595         -20.847          243.764
   92 (vir)     1         226.880           1.256          -2.740         -21.001          246.396
   93 (vir)     1         227.327           1.091          -2.612         -21.039          246.845
   94 (vir)     1         229.264           1.269          -2.576         -20.661          248.619
   95 (vir)     1         231.448           1.185          -2.597         -21.355          251.391
   96 (vir)     1         231.497           1.338          -2.844         -21.263          251.255
   97 (vir)     1         234.259           1.069          -2.713         -21.324          253.939
   98 (vir)     1         234.890           1.035          -2.612         -21.619          254.933
   99 (vir)     1         235.057           1.129          -2.684         -21.638          255.140
  100 (vir)     1         237.291           1.216          -2.690         -21.542          257.359
  101 (vir)     1         239.029           0.891          -2.613         -21.805          259.111
  102 (vir)     1         239.300           1.007          -2.766         -21.845          259.386
  103 (vir)     1         241.558           1.465          -2.637         -21.018          261.403
  104 (vir)     1         243.983           1.744          -2.568         -20.762          263.920
  105 (vir)     1         256.788           2.484          -1.636         -17.636          275.272
 
