 
  kpoint:       1             coordinate:     0.0000    0.0000    0.0000                  spin:  1
 
    n           k   ϵ_nk^DFT (eV)     Σ^c_nk (eV)     Σ^x_nk (eV)    v_nk^xc (eV)   ϵ_nk^G0W0 (eV)
 
    1 (occ)     1         -19.259           5.784         -24.181         -14.922          -22.734
    2 (occ)     1         -16.698           4.641         -23.305         -14.906          -20.456
    3 (occ)     1         -14.252           3.508         -22.112         -14.687          -18.169
    4 (occ)     1         -11.106           1.907         -19.404         -13.674          -14.929
    5 (occ)     1         -10.555           1.751         -19.417         -13.962          -14.259
    6 (occ)     1          -9.642           1.504         -19.484         -14.356          -13.265
    7 (occ)     1          -9.147           1.336         -19.244         -14.088          -12.967
    8 (occ)     1          -8.054           1.093         -19.000         -14.338          -11.623
    9 (occ)     1          -7.983           1.113         -19.302         -14.777          -11.395
   10 (occ)     1          -7.747           1.004         -18.823         -14.042          -11.524
   11 (vir)     1          -0.312          -0.675          -1.208          -3.495            1.300
   12 (vir)     1           0.270          -0.542          -0.889          -2.842            1.680
   13 (vir)     1           0.317          -0.539          -0.800          -2.728            1.706
   14 (vir)     1           0.421          -0.532          -0.848          -2.757            1.798
   15 (vir)     1           1.028          -0.525          -0.835          -2.745            2.413
   16 (vir)     1           1.292          -0.403          -0.540          -2.103            2.452
   17 (vir)     1           1.355          -0.396          -0.438          -2.019            2.539
   18 (vir)     1           1.379          -0.436          -0.687          -2.342            2.598
   19 (vir)     1           1.401          -0.338          -0.396          -1.790            2.456
   20 (vir)     1           2.239          -0.515          -0.800          -2.674            3.598
   21 (vir)     1           2.243          -0.435          -0.641          -2.273            3.439
   22 (vir)     1           2.581          -0.370          -0.406          -1.973            3.779
   23 (vir)     1           2.859          -0.636          -1.025          -3.332            4.529
   24 (vir)     1           3.061          -0.305          -0.275          -1.718            4.199
   25 (vir)     1           3.211          -0.670          -1.179          -3.244            4.606
   26 (vir)     1           3.774          -0.995          -2.025          -5.040            5.795
   27 (vir)     1           3.952          -1.258          -2.713          -6.282            6.262
   28 (vir)     1           4.191          -0.711          -1.143          -3.529            5.866
   29 (vir)     1           4.329          -0.881          -1.498          -4.092            6.041
   30 (vir)     1           4.523          -1.470          -3.199          -6.988            6.842
   31 (vir)     1           4.629          -1.161          -2.133          -5.434            6.769
   32 (vir)     1           4.733          -1.541          -3.224          -7.298            7.266
   33 (vir)     1           4.756          -0.520          -0.415          -2.365            6.186
   34 (vir)     1           4.774          -1.111          -2.379          -5.631            6.916
   35 (vir)     1           4.971          -0.799          -1.295          -3.813            6.690
   36 (vir)     1           5.663          -1.776          -3.446          -8.013            8.454
   37 (vir)     1           5.824          -0.865          -1.176          -3.833            7.616
   38 (vir)     1           5.955          -1.057          -1.502          -4.641            8.037
   39 (vir)     1           6.219          -1.004          -1.381          -4.402            8.237
   40 (vir)     1           6.297          -0.978          -1.255          -4.219            8.283
   41 (vir)     1           6.569          -0.764          -0.916          -3.485            8.374
   42 (vir)     1           6.932          -1.114          -1.463          -4.774            9.129
   43 (vir)     1           6.981          -0.614          -0.478          -2.859            8.748
   44 (vir)     1           7.656          -1.235          -2.004          -5.510            9.927
   45 (vir)     1           7.970          -1.182          -1.867          -5.307           10.228
   46 (vir)     1           8.431          -1.316          -2.039          -5.743           10.819
   47 (vir)     1           8.787          -0.816          -0.612          -3.437           10.796
   48 (vir)     1           9.288          -1.403          -2.161          -6.019           11.742
   49 (vir)     1           9.342          -0.786          -0.470          -3.322           11.408
   50 (vir)     1          10.506          -0.865          -0.393          -3.348           12.596
   51 (vir)     1          11.163          -1.650          -1.553          -5.576           13.536
   52 (vir)     1          11.419          -1.288          -1.801          -5.681           14.010
   53 (vir)     1          11.842          -1.266          -0.919          -4.574           14.231
   54 (vir)     1          12.223          -3.020          -3.088          -8.868           14.983
   55 (vir)     1          12.362          -3.063          -3.074          -8.988           15.213
   56 (vir)     1          12.567          -1.472          -1.306          -5.307           15.095
   57 (vir)     1          12.577          -1.862          -2.246          -6.666           15.135
   58 (vir)     1          13.022          -1.402          -1.015          -4.753           15.358
   59 (vir)     1          13.151          -2.017          -2.158          -6.898           15.874
   60 (vir)     1          13.607          -1.678          -1.711          -5.965           16.183
   61 (vir)     1          13.744          -2.560          -2.852          -8.301           16.632
   62 (vir)     1          13.901          -2.995          -3.030          -9.051           16.927
   63 (vir)     1          14.286          -3.189          -3.203          -9.439           17.333
   64 (vir)     1          14.941          -1.852          -1.201          -5.619           17.507
   65 (vir)     1          15.971          -2.507          -2.088          -7.491           18.867
   66 (vir)     1          16.369          -3.100          -2.868          -8.869           19.270
   67 (vir)     1          16.415          -1.457          -0.958          -4.952           18.953
   68 (vir)     1          17.438          -1.557          -1.642          -5.891           20.130
   69 (vir)     1          17.616          -2.276          -1.671          -6.616           20.285
   70 (vir)     1          18.407          -1.799          -1.303          -5.773           21.078
   71 (vir)     1          18.512          -2.412          -1.219          -6.331           21.212
   72 (vir)     1          18.942          -2.409          -1.478          -6.527           21.582
   73 (vir)     1          20.025          -2.570          -1.500          -6.786           22.742
   74 (vir)     1          20.369          -2.890          -1.907          -7.692           23.265
   75 (vir)     1          21.913          -2.693          -1.774          -7.228           24.674
   76 (vir)     1          22.002          -2.810          -1.660          -7.093           24.625
   77 (vir)     1          22.228          -3.143          -1.843          -7.824           25.067
   78 (vir)     1          22.283          -2.392          -1.369          -6.425           24.947
   79 (vir)     1          22.966          -2.657          -1.448          -6.893           25.755
   80 (vir)     1          23.734          -2.765          -1.303          -6.652           26.318
   81 (vir)     1          24.380          -3.073          -2.402          -8.337           27.242
   82 (vir)     1          24.682          -2.807          -1.981          -7.584           27.477
   83 (vir)     1          25.866          -3.105          -1.397          -6.817           28.182
   84 (vir)     1          26.033          -3.176          -1.467          -7.269           28.659
   85 (vir)     1          26.092          -2.961          -1.739          -7.328           28.720
   86 (vir)     1          28.906          -3.291          -1.794          -7.566           31.387
   87 (vir)     1          28.934          -3.909          -2.228          -8.670           31.466
   88 (vir)     1          28.975          -3.563          -2.239          -8.470           31.643
   89 (vir)     1          31.658          -3.563          -1.009          -6.565           33.652
   90 (vir)     1          31.829          -4.415          -1.908          -7.998           33.503
   91 (vir)     1          33.127          -4.202          -1.920          -8.286           35.292
   92 (vir)     1          34.338          -4.869          -2.502          -9.381           36.348
   93 (vir)     1          34.751          -5.413          -2.900         -10.285           36.722
   94 (vir)     1          35.548          -4.783          -1.728          -8.240           37.277
   95 (vir)     1          35.769          -5.365          -1.640          -8.075           36.838
   96 (vir)     1          36.235          -5.105          -2.188          -9.311           38.254
   97 (vir)     1          36.899          -5.171          -2.315          -9.438           38.850
   98 (vir)     1          38.473          -5.971          -2.332         -10.040           40.211
   99 (vir)     1          39.433          -6.519          -1.889          -9.152           40.177
  100 (vir)     1          41.525          -7.426          -2.553         -10.693           42.239
  101 (vir)     1          42.288          -7.089          -1.572          -9.018           42.646
  102 (vir)     1          42.402          -8.489          -2.430         -11.316           42.799
  103 (vir)     1          44.529          -9.473          -2.899         -12.282           44.439
  104 (vir)     1          45.578          -9.240          -2.781         -11.321           44.878
  105 (vir)     1          47.102          -9.117          -2.348         -10.503           46.140
  106 (vir)     1          48.014         -11.159          -3.179         -12.548           46.224
  107 (vir)     1          49.424         -11.104          -2.775         -11.730           47.276
  108 (vir)     1          50.335         -10.417          -2.207         -10.572           48.283
  109 (vir)     1          50.584         -12.133          -2.713         -12.027           47.765
  110 (vir)     1          53.455          -5.809          -2.559         -12.164           57.250
  111 (vir)     1          53.995         -12.963          -2.762         -12.183           50.453
  112 (vir)     1          54.486          -9.227          -2.625         -12.198           54.832
  113 (vir)     1          55.728          -9.392          -2.583         -12.492           56.245
  114 (vir)     1          56.450           5.025          -2.828         -12.964           71.612
  115 (vir)     1          57.701          -2.146          -2.450         -12.769           65.875
  116 (vir)     1          58.337           4.539          -2.290         -12.066           72.652
  117 (vir)     1          58.401           3.877          -2.061         -11.113           71.330
  118 (vir)     1          59.801           4.388          -2.552         -12.404           74.041
  119 (vir)     1          63.092           5.956          -2.319         -13.332           80.061
  120 (vir)     1          63.689           3.650          -2.600         -12.752           77.491
  121 (vir)     1          64.656           4.145          -2.584         -13.261           79.478
  122 (vir)     1          64.658           4.286          -2.583         -13.286           79.647
  123 (vir)     1          64.724           3.985          -2.586         -13.148           79.271
  124 (vir)     1          65.572           4.435          -2.512         -13.138           80.633
  125 (vir)     1          67.379           4.112          -2.745         -13.683           82.429
  126 (vir)     1          69.155           3.698          -2.346         -12.865           83.372
  127 (vir)     1          69.334           3.841          -2.079         -12.642           83.738
  128 (vir)     1          69.563           3.589          -2.496         -13.314           83.970
  129 (vir)     1          71.163           4.072          -2.392         -13.549           86.392
  130 (vir)     1          71.978           4.284          -2.246         -13.535           87.551
  131 (vir)     1          73.823           3.948          -2.194         -13.346           88.923
  132 (vir)     1          74.055           3.600          -2.295         -13.307           88.667
  133 (vir)     1          75.368           2.965          -2.234         -13.371           89.471
  134 (vir)     1          75.567           3.771          -2.117         -13.442           90.662
  135 (vir)     1          76.112           3.257          -2.047         -12.659           89.981
  136 (vir)     1          77.730           3.368          -2.388         -13.703           92.414
  137 (vir)     1          79.252           3.618          -2.211         -13.895           94.554
  138 (vir)     1          79.594           3.446          -2.575         -14.635           95.099
  139 (vir)     1          82.123           2.987          -2.270         -13.676           96.516
  140 (vir)     1          83.216           3.321          -2.182         -13.738           98.093
  141 (vir)     1          87.372           2.940          -2.406         -14.041          101.947
  142 (vir)     1          97.215           2.564          -2.382         -14.680          112.077
  143 (vir)     1          99.689           2.389          -2.351         -14.930          114.658
  144 (vir)     1         102.492           2.256          -2.258         -14.941          117.431
  145 (vir)     1         105.302           2.235          -2.067         -14.273          119.742
  146 (vir)     1         112.741           1.909          -2.005         -14.340          126.985
  147 (vir)     1         114.437           2.032          -2.011         -14.564          129.022
  148 (vir)     1         114.816           2.170          -1.950         -14.324          129.360
  149 (vir)     1         156.434           2.575          -1.703         -15.721          173.027
  150 (vir)     1         162.479           2.480          -1.674         -15.881          179.166
  151 (vir)     1         162.971           2.497          -1.670         -15.896          179.693
  152 (vir)     1         163.223           2.450          -1.670         -15.900          179.903
  153 (vir)     1         163.579           2.577          -1.681         -15.953          180.428
  154 (vir)     1         163.691           2.519          -1.666         -15.889          180.433
  155 (vir)     1         164.917           2.612          -1.727         -16.243          182.045
  156 (vir)     1         165.733           2.651          -1.685         -16.066          182.764
  157 (vir)     1         206.156           7.516          -0.899         -12.515          225.287
  158 (vir)     1         239.184           0.646          -0.831         -13.385          252.384
  159 (vir)     1         240.986           2.852          -0.867         -13.486          256.458
 
