 
  kpoint:       1             coordinate:     0.0000    0.0000    0.0000                  spin:  1
 
    n           k   ϵ_nk^DFT (eV)     Σ^c_nk (eV)     Σ^x_nk (eV)    v_nk^xc (eV)   ϵ_nk^G0W0 (eV)
 
    1 (occ)     1         -17.063           4.260         -22.417         -14.637          -20.583
    2 (occ)     1          -9.455           1.112         -18.812         -13.817          -13.338
    3 (occ)     1          -9.455           1.111         -18.488         -13.817          -13.015
    4 (occ)     1          -9.455           1.122         -18.736         -13.817          -13.252
    5 (vir)     1          -0.116          -0.490          -0.797          -2.865            1.462
    6 (vir)     1           0.937          -0.307          -0.498          -1.909            2.041
    7 (vir)     1           0.937          -0.299          -0.489          -1.909            2.057
    8 (vir)     1           0.937          -0.327          -0.498          -1.909            2.020
    9 (vir)     1           1.961          -0.367          -0.545          -2.226            3.276
   10 (vir)     1           1.961          -0.360          -0.544          -2.226            3.283
   11 (vir)     1           1.961          -0.355          -0.545          -2.226            3.287
   12 (vir)     1           2.215          -0.175          -0.133          -1.419            3.326
   13 (vir)     1           2.216          -0.252          -0.138          -1.419            3.244
   14 (vir)     1           4.153          -0.772          -1.309          -3.957            6.028
   15 (vir)     1           4.374          -0.972          -2.270          -5.703            6.834
   16 (vir)     1           4.374          -0.974          -2.277          -5.703            6.826
   17 (vir)     1           4.374          -0.973          -2.290          -5.703            6.814
   18 (vir)     1           6.575          -0.793          -1.387          -4.650            9.045
   19 (vir)     1           6.575          -0.823          -1.401          -4.650            9.001
   20 (vir)     1           6.787          -1.032          -1.634          -5.039            9.160
   21 (vir)     1           6.787          -1.053          -1.594          -5.039            9.179
   22 (vir)     1           6.787          -1.004          -1.558          -5.039            9.264
   23 (vir)     1           8.223          -0.513          -0.214          -2.554           10.050
   24 (vir)     1           8.223          -0.686          -0.218          -2.554            9.873
   25 (vir)     1           8.223          -0.422          -0.192          -2.554           10.163
   26 (vir)     1          11.923          -1.799          -2.264          -6.978           14.837
   27 (vir)     1          13.419          -2.413          -2.650          -8.154           16.510
   28 (vir)     1          13.419          -2.369          -2.649          -8.154           16.555
   29 (vir)     1          13.420          -2.432          -2.703          -8.154           16.439
   30 (vir)     1          14.787          -1.864          -1.098          -5.588           17.413
   31 (vir)     1          15.970          -1.162          -0.592          -4.120           18.336
   32 (vir)     1          15.970          -1.163          -0.620          -4.120           18.307
   33 (vir)     1          15.970          -1.149          -0.627          -4.120           18.314
   34 (vir)     1          16.093          -1.163          -0.526          -4.365           18.768
   35 (vir)     1          16.093          -1.095          -0.574          -4.365           18.789
   36 (vir)     1          16.093          -1.079          -0.546          -4.365           18.832
   37 (vir)     1          23.567          -3.869          -2.352          -8.310           25.656
   38 (vir)     1          26.689          -3.074          -1.747          -7.293           29.160
   39 (vir)     1          26.690          -3.187          -1.665          -7.293           29.132
   40 (vir)     1          26.691          -3.078          -1.707          -7.293           29.200
   41 (vir)     1          32.045          -4.596          -3.660         -12.094           35.883
   42 (vir)     1          32.045          -4.687          -3.481         -12.094           35.971
   43 (vir)     1          38.313          -7.629          -3.012         -12.817           40.489
   44 (vir)     1          38.314          -7.149          -2.650         -12.817           41.332
   45 (vir)     1          38.314          -7.665          -2.862         -12.817           40.605
   46 (vir)     1          52.992          -8.551          -1.929         -11.657           54.169
   47 (vir)     1          52.992          -8.827          -1.971         -11.657           53.851
   48 (vir)     1          52.992          -9.078          -1.872         -11.657           53.700
   49 (vir)     1          53.309          -9.521          -1.977         -11.234           53.045
   50 (vir)     1          58.458         -10.007          -1.828         -11.771           58.393
   51 (vir)     1          58.458           3.452          -1.746         -11.771           71.935
   52 (vir)     1          58.459           3.012          -1.813         -11.771           71.429
   53 (vir)     1          62.326           6.157          -2.269         -13.438           79.652
   54 (vir)     1          62.327         -10.428          -2.512         -13.438           62.825
   55 (vir)     1          62.328           6.643          -2.163         -13.438           80.246
   56 (vir)     1          74.856           2.772          -1.711         -13.859           89.776
   57 (vir)     1          74.857           2.836          -1.817         -13.859           89.735
   58 (vir)     1          94.086           2.232          -1.761         -14.263          108.820
   59 (vir)     1          94.086           8.888          -2.953         -14.263          114.285
   60 (vir)     1          94.090           2.736          -2.143         -14.263          108.945
   61 (vir)     1         150.677           2.510          -1.502         -14.956          166.641
   62 (vir)     1         162.228           2.541          -1.519         -15.797          179.047
   63 (vir)     1         162.229           3.119          -1.430         -15.796          179.714
   64 (vir)     1         162.229           2.233          -1.577         -15.796          178.681
   65 (vir)     1         184.132           0.785          -1.640         -12.964          196.242
 
