 
  kpoint:       1             coordinate:     0.0000    0.0000    0.0000                  spin:  1
 
    n           k   ϵ_nk^DFT (eV)     Σ^c_nk (eV)     Σ^x_nk (eV)    v_nk^xc (eV)   ϵ_nk^G0W0 (eV)
 
    1 (occ)     1         -24.260           6.687         -28.285         -17.578          -28.280
    2 (occ)     1         -10.248           1.978         -21.499         -15.578          -14.192
    3 (occ)     1         -10.248           1.978         -21.499         -15.578          -14.191
    4 (occ)     1         -10.248           1.978         -21.499         -15.578          -14.192
    5 (vir)     1           2.504          -0.567          -1.424          -4.947            5.460
    6 (vir)     1           5.125          -0.400          -1.491          -4.719            7.954
    7 (vir)     1           5.125          -0.400          -1.491          -4.719            7.954
    8 (vir)     1           5.125          -0.400          -1.491          -4.719            7.954
    9 (vir)     1          13.947          -0.401          -2.825          -7.581           18.302
   10 (vir)     1          13.947          -0.400          -2.826          -7.581           18.302
   11 (vir)     1          13.947          -0.400          -2.827          -7.581           18.301
   12 (vir)     1          13.947          -0.401          -2.826          -7.581           18.302
   13 (vir)     1          13.947          -0.400          -2.827          -7.581           18.300
   14 (vir)     1          16.038          -0.925          -0.950          -5.199           19.363
   15 (vir)     1          16.038          -0.924          -0.950          -5.199           19.364
   16 (vir)     1          16.038          -0.924          -0.950          -5.199           19.363
   17 (vir)     1          16.038          -0.925          -0.950          -5.199           19.363
   18 (vir)     1          16.038          -0.924          -0.949          -5.199           19.364
   19 (vir)     1          18.762          -0.692          -1.012          -6.069           23.127
   20 (vir)     1          18.762          -0.692          -1.012          -6.069           23.127
   21 (vir)     1          18.762          -0.693          -1.012          -6.069           23.127
   22 (vir)     1          18.762          -0.693          -1.012          -6.069           23.127
   23 (vir)     1          18.762          -0.692          -1.012          -6.069           23.127
   24 (vir)     1          18.762          -0.692          -1.012          -6.069           23.128
   25 (vir)     1          18.762          -0.692          -1.012          -6.069           23.127
   26 (vir)     1          24.141          -1.227          -1.501          -6.477           27.888
   27 (vir)     1          25.966          -1.521          -1.367          -6.053           29.132
   28 (vir)     1          25.966          -1.521          -1.365          -6.053           29.133
   29 (vir)     1          25.966          -1.521          -1.366          -6.053           29.132
 
