 
  kpoint:       1             coordinate:     0.0000    0.0000    0.0000                  spin:  1
 
    n           k   ϵ_nk^DFT (eV)     Σ^c_nk (eV)     Σ^x_nk (eV)    v_nk^xc (eV)   ϵ_nk^G0W0 (eV)
 
    1 (occ)     1         -26.370           9.064         -31.899         -20.099          -29.105
    2 (occ)     1         -18.644           5.153         -23.721         -15.206          -22.005
    3 (occ)     1         -14.246           3.267         -22.150         -15.123          -18.006
    4 (occ)     1         -11.657           2.840         -22.194         -15.873          -15.138
    5 (occ)     1         -11.072           1.561         -19.134         -14.184          -14.462
    6 (occ)     1         -10.604           2.729         -23.535         -17.533          -13.878
    7 (occ)     1          -9.633           1.563         -20.494         -15.146          -13.418
    8 (occ)     1          -9.076           1.297         -20.894         -16.448          -12.225
    9 (occ)     1          -5.949           2.321         -23.303         -17.983           -8.948
   10 (vir)     1          -2.102          -2.389          -8.273         -14.349            1.585
   11 (vir)     1          -0.338          -0.629          -1.302          -3.549            1.280
   12 (vir)     1           0.133          -0.633          -1.062          -3.279            1.717
   13 (vir)     1           0.541          -0.464          -0.660          -2.409            1.826
   14 (vir)     1           0.717          -0.440          -0.736          -2.517            2.056
   15 (vir)     1           1.314          -0.438          -0.630          -2.327            2.573
   16 (vir)     1           1.335          -0.483          -0.926          -2.908            2.833
   17 (vir)     1           1.586          -0.442          -0.653          -2.414            2.906
   18 (vir)     1           1.657          -0.333          -0.417          -1.858            2.765
   19 (vir)     1           1.733          -0.371          -0.490          -2.078            2.950
   20 (vir)     1           2.949          -0.600          -1.058          -3.144            4.435
   21 (vir)     1           3.292          -0.954          -2.075          -4.947            5.210
   22 (vir)     1           3.484          -0.506          -0.777          -2.808            5.009
   23 (vir)     1           3.579          -0.944          -1.829          -4.731            5.537
   24 (vir)     1           3.731          -0.699          -1.287          -3.680            5.424
   25 (vir)     1           4.082          -0.823          -1.562          -4.160            5.857
   26 (vir)     1           4.388          -0.504          -0.666          -2.532            5.749
   27 (vir)     1           4.491          -0.495          -0.716          -2.667            5.947
   28 (vir)     1           4.829          -0.722          -1.235          -3.687            6.559
   29 (vir)     1           5.005          -1.093          -2.173          -5.368            7.107
   30 (vir)     1           5.678          -0.984          -1.721          -4.806            7.778
   31 (vir)     1           5.924          -1.124          -1.607          -4.961            8.155
   32 (vir)     1           6.470          -1.076          -1.885          -5.257            8.766
   33 (vir)     1           7.145          -1.414          -1.990          -5.828            9.569
   34 (vir)     1           7.448          -0.952          -0.961          -3.918            9.454
   35 (vir)     1           7.665          -1.149          -1.055          -4.331            9.793
   36 (vir)     1           8.195          -1.411          -1.602          -5.311           10.492
   37 (vir)     1           8.380          -1.211          -1.701          -5.326           10.795
   38 (vir)     1           9.787          -2.769          -3.948          -9.752           12.822
   39 (vir)     1          11.181          -1.392          -1.516          -5.247           13.521
   40 (vir)     1          11.698          -2.178          -2.986          -8.144           14.677
   41 (vir)     1          12.312          -2.248          -2.453          -7.319           14.929
   42 (vir)     1          12.530          -2.288          -2.414          -7.484           15.312
   43 (vir)     1          12.860          -2.100          -2.273          -7.125           15.613
   44 (vir)     1          13.211          -1.506          -1.258          -5.238           15.684
   45 (vir)     1          13.826          -2.639          -2.691          -8.262           16.758
   46 (vir)     1          14.640          -3.376          -3.467         -10.051           17.848
   47 (vir)     1          15.117          -2.602          -2.289          -7.630           17.855
   48 (vir)     1          15.772          -2.247          -1.751          -6.749           18.523
   49 (vir)     1          16.413          -2.301          -1.892          -7.149           19.369
   50 (vir)     1          16.783          -2.039          -1.598          -6.536           19.682
   51 (vir)     1          17.639          -2.018          -1.495          -6.128           20.253
   52 (vir)     1          18.735          -2.695          -2.216          -7.835           21.658
   53 (vir)     1          18.795          -2.135          -1.432          -6.447           21.674
   54 (vir)     1          19.293          -2.482          -1.959          -7.481           22.333
   55 (vir)     1          20.376          -3.058          -2.664          -8.913           23.567
   56 (vir)     1          21.734          -3.695          -2.413          -9.033           24.659
   57 (vir)     1          22.033          -2.772          -2.037          -7.785           25.009
   58 (vir)     1          23.846          -3.087          -1.472          -6.968           26.255
   59 (vir)     1          24.013          -2.691          -1.673          -7.134           26.785
   60 (vir)     1          24.361          -3.333          -1.888          -7.716           26.857
   61 (vir)     1          25.073          -3.832          -3.017         -10.110           28.334
   62 (vir)     1          25.165          -3.989          -2.111          -8.801           27.865
   63 (vir)     1          27.542          -2.833          -1.349          -6.687           30.047
   64 (vir)     1          30.142          -4.019          -2.304          -8.711           32.530
   65 (vir)     1          30.575          -4.883          -2.604          -9.572           32.660
   66 (vir)     1          31.137          -5.088          -2.585          -9.395           32.859
   67 (vir)     1          32.673          -5.066          -2.434          -9.325           34.498
   68 (vir)     1          33.027          -5.167          -2.737          -9.843           34.966
   69 (vir)     1          35.389          -6.769          -3.304         -11.836           37.151
   70 (vir)     1          37.187          -7.809          -3.155         -11.443           37.667
   71 (vir)     1          38.577          -7.190          -3.150         -11.785           40.021
   72 (vir)     1          39.181          -6.606          -2.920         -10.694           40.349
   73 (vir)     1          41.812          -9.591          -3.276         -12.838           41.784
   74 (vir)     1          43.426          -9.141          -3.123         -11.947           43.109
   75 (vir)     1          46.813           3.904          -3.862         -13.055           59.910
   76 (vir)     1          48.897           4.454          -3.233         -12.582           62.700
   77 (vir)     1          50.146           3.531          -3.566         -13.426           63.536
   78 (vir)     1          51.223           3.911          -3.463         -13.268           64.939
   79 (vir)     1          52.779          -7.088          -3.168         -13.123           55.645
   80 (vir)     1          53.831         -12.321          -2.696         -13.378           52.192
   81 (vir)     1          54.556           3.921          -2.908         -12.731           68.300
   82 (vir)     1          55.063           3.747          -3.446         -13.293           68.656
   83 (vir)     1          56.668           4.485          -2.498         -12.027           70.682
   84 (vir)     1          57.872           3.841          -2.926         -13.137           71.924
   85 (vir)     1          61.233           4.665          -2.661         -13.023           76.261
   86 (vir)     1          61.900           3.865          -2.519         -13.103           76.349
   87 (vir)     1          63.002           4.565          -2.645         -13.538           78.460
   88 (vir)     1          65.239           3.114          -3.379         -14.703           79.676
   89 (vir)     1          67.244           3.285          -2.044         -12.411           80.896
   90 (vir)     1          67.551           3.758          -2.405         -12.903           81.807
   91 (vir)     1          68.927           3.656          -2.321         -13.503           83.765
   92 (vir)     1          70.011           2.963          -2.780         -14.372           84.567
   93 (vir)     1          72.107           4.040          -2.108         -13.367           87.407
   94 (vir)     1          72.724           3.390          -2.893         -14.224           87.445
   95 (vir)     1          73.967           3.244          -2.438         -14.172           88.944
   96 (vir)     1          76.780           3.418          -2.837         -14.643           92.004
   97 (vir)     1          78.002           2.761          -2.411         -14.569           92.921
   98 (vir)     1          86.016           3.291          -2.612         -14.900          101.595
   99 (vir)     1          91.400           2.317          -2.613         -15.070          106.174
  100 (vir)     1          99.255           3.080          -2.254         -14.320          114.402
  101 (vir)     1         106.638           2.498          -2.099         -14.396          121.434
  102 (vir)     1         126.613           7.048          -2.271         -18.324          149.714
  103 (vir)     1         127.927           7.195          -2.344         -19.333          152.111
  104 (vir)     1         132.984           8.192          -2.439         -18.966          157.703
  105 (vir)     1         152.997           2.365          -1.760         -15.747          169.348
  106 (vir)     1         160.675           2.107          -1.733         -15.956          177.006
  107 (vir)     1         162.323           1.919          -1.654         -15.732          178.320
  108 (vir)     1         162.921           2.083          -1.693         -15.836          179.146
  109 (vir)     1         177.612           1.070          -4.017         -21.794          196.459
  110 (vir)     1         178.490           1.073          -4.954         -23.008          197.619
  111 (vir)     1         179.056           1.188          -3.483         -19.659          196.420
  112 (vir)     1         182.118           1.555          -4.542         -22.985          202.116
  113 (vir)     1         185.163           1.382          -4.805         -23.303          205.043
  114 (vir)     1         188.571           1.623          -2.708         -18.058          205.544
  115 (vir)     1         228.739           3.981          -0.823         -13.947          245.844
  116 (vir)     1         231.827           1.225          -3.067         -20.659          250.644
  117 (vir)     1         234.885           0.769          -3.136         -21.464          253.982
  118 (vir)     1         235.939           0.860          -3.357         -21.630          255.072
  119 (vir)     1         236.450           0.666          -3.099         -21.617          255.634
  120 (vir)     1         237.714           0.431          -3.071         -21.429          256.503
  121 (vir)     1         238.401           0.391          -3.072         -21.631          257.352
  122 (vir)     1         240.329           0.788          -3.529         -22.176          259.763
  123 (vir)     1         256.744           1.822          -1.322         -17.403          274.646
 
