 
  kpoint:       1             coordinate:     0.0000    0.0000    0.0000                  spin:  1
 
    n           k   ϵ_nk^DFT (eV)     Σ^c_nk (eV)     Σ^x_nk (eV)    v_nk^xc (eV)   ϵ_nk^G0W0 (eV)
 
    1 (occ)     1         -20.784           7.305         -24.958         -15.287          -23.151
    2 (occ)     1         -19.380           6.633         -24.699         -15.513          -21.933
    3 (occ)     1         -19.359           6.628         -24.690         -15.509          -21.912
    4 (occ)     1         -17.242           5.592         -24.213         -15.782          -20.082
    5 (occ)     1         -16.277           4.892         -22.803         -15.125          -19.064
    6 (occ)     1         -13.934           3.845         -22.115         -15.338          -16.865
    7 (occ)     1         -13.889           3.830         -22.076         -15.316          -16.819
    8 (occ)     1         -12.461           2.949         -19.979         -14.047          -15.444
    9 (occ)     1         -11.150           2.505         -20.115         -14.587          -14.173
   10 (occ)     1         -11.130           2.499         -20.113         -14.598          -14.145
   11 (occ)     1         -11.058           2.702         -21.601         -16.236          -13.721
   12 (occ)     1         -11.001           2.614         -20.386         -14.534          -14.239
   13 (occ)     1         -10.437           2.618         -19.532         -14.318          -13.034
   14 (occ)     1          -8.797           1.818         -19.859         -15.187          -11.650
   15 (occ)     1          -8.753           1.810         -19.816         -15.167          -11.592
   16 (occ)     1          -7.944           1.504         -19.356         -14.909          -10.888
   17 (occ)     1          -7.597           1.436         -17.485         -13.471          -10.175
   18 (occ)     1          -6.688           0.745         -16.590         -13.419           -9.114
   19 (occ)     1          -6.682           0.738         -16.574         -13.412           -9.106
   20 (occ)     1          -5.287           0.086         -15.711         -13.188           -7.725
   21 (vir)     1          -2.300          -2.309          -7.874         -12.870            0.387
   22 (vir)     1          -0.643          -2.297          -5.711         -10.377            1.726
   23 (vir)     1          -0.628          -2.278          -5.632         -10.265            1.727
   24 (vir)     1          -0.368          -0.892          -1.299          -3.628            1.069
   25 (vir)     1           0.116          -1.039          -1.804          -4.282            1.555
   26 (vir)     1           0.120          -1.064          -1.869          -4.389            1.576
   27 (vir)     1           0.312          -0.719          -0.840          -2.797            1.549
   28 (vir)     1           0.681          -1.102          -1.872          -4.397            2.104
   29 (vir)     1           0.912          -0.573          -0.535          -2.149            1.953
   30 (vir)     1           0.914          -0.693          -0.790          -2.659            2.091
   31 (vir)     1           0.915          -0.677          -0.757          -2.591            2.072
   32 (vir)     1           1.056          -2.828          -4.982         -10.130            3.377
   33 (vir)     1           1.083          -0.704          -0.812          -2.720            2.286
   34 (vir)     1           1.688          -0.695          -0.776          -2.640            2.858
   35 (vir)     1           1.760          -0.608          -0.649          -2.313            2.815
   36 (vir)     1           1.761          -0.606          -0.646          -2.306            2.815
   37 (vir)     1           1.865          -0.607          -0.539          -2.251            2.970
   38 (vir)     1           2.285          -0.596          -0.586          -2.361            3.464
   39 (vir)     1           2.355          -0.569          -0.638          -2.198            3.345
   40 (vir)     1           2.360          -0.569          -0.639          -2.198            3.350
   41 (vir)     1           2.987          -0.864          -1.294          -3.469            4.299
   42 (vir)     1           3.026          -0.781          -1.089          -3.022            4.178
   43 (vir)     1           3.052          -0.375          -0.251          -1.412            3.838
   44 (vir)     1           3.112          -0.927          -1.196          -3.394            4.383
   45 (vir)     1           3.120          -0.915          -1.171          -3.350            4.384
   46 (vir)     1           3.420          -0.824          -1.012          -3.115            4.699
   47 (vir)     1           3.426          -0.815          -0.993          -3.081            4.699
   48 (vir)     1           3.661          -0.471          -0.461          -1.811            4.540
   49 (vir)     1           3.772          -1.669          -3.199          -6.909            5.813
   50 (vir)     1           4.047          -1.262          -1.850          -4.752            5.686
   51 (vir)     1           4.067          -0.854          -1.062          -3.182            5.333
   52 (vir)     1           4.298          -1.231          -1.585          -4.299            5.782
   53 (vir)     1           4.353          -1.652          -2.331          -5.740            6.109
   54 (vir)     1           4.358          -1.641          -2.308          -5.703            6.112
   55 (vir)     1           4.632          -1.965          -3.905          -7.983            6.745
   56 (vir)     1           4.778          -1.717          -2.349          -5.802            6.515
   57 (vir)     1           4.800          -1.172          -1.626          -4.402            6.404
   58 (vir)     1           4.814          -1.154          -1.600          -4.353            6.411
   59 (vir)     1           5.587          -0.954          -1.042          -3.389            6.981
   60 (vir)     1           5.608          -0.947          -1.017          -3.357            7.002
   61 (vir)     1           5.821          -1.267          -1.444          -4.441            7.551
   62 (vir)     1           5.907          -1.281          -1.304          -4.286            7.608
   63 (vir)     1           6.311          -1.301          -1.171          -4.213            8.052
   64 (vir)     1           6.391          -0.946          -0.872          -3.422            7.996
   65 (vir)     1           6.579          -1.569          -2.038          -5.486            8.457
   66 (vir)     1           6.586          -1.569          -2.035          -5.483            8.465
   67 (vir)     1           6.656          -1.414          -1.411          -4.532            8.363
   68 (vir)     1           7.050          -1.344          -1.221          -4.267            8.751
   69 (vir)     1           7.055          -1.322          -1.200          -4.215            8.748
   70 (vir)     1           7.609          -1.397          -1.620          -4.876            9.467
   71 (vir)     1           7.705          -1.339          -1.479          -4.552            9.439
   72 (vir)     1           7.736          -1.328          -1.475          -4.536            9.470
   73 (vir)     1           8.190          -1.053          -0.909          -3.667            9.896
   74 (vir)     1           8.208          -1.787          -1.154          -4.663            9.930
   75 (vir)     1           8.365          -1.853          -1.921          -5.729           10.320
   76 (vir)     1           8.401          -1.843          -1.931          -5.736           10.364
   77 (vir)     1           8.526          -2.961          -3.339          -8.495           10.721
   78 (vir)     1           8.555          -3.017          -3.442          -8.676           10.772
   79 (vir)     1           8.913          -2.294          -1.418          -5.463           10.663
   80 (vir)     1           9.307          -2.172          -3.006          -7.379           11.509
   81 (vir)     1           9.334          -2.178          -2.228          -6.433           11.361
   82 (vir)     1           9.521          -2.711          -3.815          -8.887           11.881
   83 (vir)     1           9.662          -2.244          -2.655          -6.985           11.748
   84 (vir)     1           9.677          -1.550          -1.163          -4.677           11.641
   85 (vir)     1           9.694          -2.249          -2.628          -6.950           11.766
   86 (vir)     1          10.107          -1.898          -1.470          -5.273           12.011
   87 (vir)     1          10.144          -1.903          -1.469          -5.280           12.052
   88 (vir)     1          10.670          -3.817          -4.193         -10.256           12.915
   89 (vir)     1          11.195          -2.239          -2.037          -6.355           13.274
   90 (vir)     1          11.922          -1.561          -1.102          -4.353           13.613
   91 (vir)     1          11.939          -1.534          -1.070          -4.293           13.628
   92 (vir)     1          12.144          -2.798          -2.477          -7.312           14.182
   93 (vir)     1          12.196          -3.019          -1.787          -6.608           13.999
   94 (vir)     1          12.283          -1.735          -1.249          -4.944           14.243
   95 (vir)     1          12.608          -2.560          -2.624          -7.436           14.859
   96 (vir)     1          12.651          -2.588          -2.655          -7.495           14.903
   97 (vir)     1          13.239          -2.674          -2.383          -7.160           15.342
   98 (vir)     1          13.272          -2.679          -2.367          -7.142           15.368
   99 (vir)     1          13.433          -3.877          -2.252          -7.632           14.936
  100 (vir)     1          13.956          -2.662          -2.113          -7.067           16.248
  101 (vir)     1          14.057          -3.537          -2.852          -8.624           16.292
  102 (vir)     1          14.534          -2.708          -2.178          -7.083           16.731
  103 (vir)     1          14.887          -3.159          -2.475          -7.835           17.087
  104 (vir)     1          15.267          -4.321          -3.559         -10.341           17.729
  105 (vir)     1          15.280          -4.323          -3.562         -10.348           17.742
  106 (vir)     1          15.394          -2.630          -1.735          -6.692           17.721
  107 (vir)     1          15.646          -2.454          -1.651          -6.369           17.910
  108 (vir)     1          16.091          -5.134          -4.158         -11.945           18.744
  109 (vir)     1          16.153          -4.096          -2.921          -9.362           18.499
  110 (vir)     1          16.170          -4.090          -2.916          -9.348           18.512
  111 (vir)     1          16.283          -3.179          -1.981          -7.307           18.429
  112 (vir)     1          16.653          -3.347          -2.680          -8.467           19.092
  113 (vir)     1          17.035          -3.178          -1.663          -6.894           19.087
  114 (vir)     1          17.065          -3.191          -1.668          -6.910           19.117
  115 (vir)     1          18.007          -3.169          -1.558          -6.451           19.730
  116 (vir)     1          18.196          -2.384          -1.501          -5.863           20.173
  117 (vir)     1          18.363          -3.412          -2.259          -7.978           20.669
  118 (vir)     1          18.383          -3.352          -2.030          -7.630           20.632
  119 (vir)     1          18.414          -3.366          -2.135          -7.781           20.693
  120 (vir)     1          18.655          -4.185          -3.139          -9.840           21.172
  121 (vir)     1          19.050          -3.418          -2.169          -7.647           21.111
  122 (vir)     1          19.121          -3.401          -2.138          -7.548           21.131
  123 (vir)     1          19.560          -3.374          -1.669          -7.030           21.547
  124 (vir)     1          19.591          -3.428          -1.689          -7.070           21.544
  125 (vir)     1          19.831          -2.967          -1.355          -6.618           22.126
  126 (vir)     1          21.202          -3.565          -1.925          -7.687           23.399
  127 (vir)     1          21.389          -2.581          -1.579          -6.771           23.999
  128 (vir)     1          21.441          -3.485          -2.074          -7.859           23.742
  129 (vir)     1          21.459          -3.426          -2.033          -7.752           23.752
  130 (vir)     1          21.616          -4.572          -1.724          -7.812           23.131
  131 (vir)     1          22.430          -3.471          -1.643          -7.142           24.458
  132 (vir)     1          22.481          -3.980          -1.613          -7.466           24.353
  133 (vir)     1          22.522          -3.926          -1.560          -7.367           24.403
  134 (vir)     1          22.790          -3.475          -1.563          -7.092           24.844
  135 (vir)     1          22.830          -3.467          -1.562          -7.086           24.887
  136 (vir)     1          23.103          -3.470          -1.259          -6.758           25.132
  137 (vir)     1          23.513          -4.427          -2.121          -8.195           25.160
  138 (vir)     1          24.073          -3.765          -1.506          -7.325           26.127
  139 (vir)     1          24.106          -3.818          -1.536          -7.393           26.145
  140 (vir)     1          24.205          -4.789          -1.527          -7.889           25.777
  141 (vir)     1          24.971          -4.028          -1.884          -7.771           26.831
  142 (vir)     1          25.031          -4.057          -1.891          -7.791           26.874
  143 (vir)     1          26.062          -3.951          -2.348          -8.447           28.209
  144 (vir)     1          26.543          -4.903          -2.275          -9.475           28.841
  145 (vir)     1          26.680          -4.692          -1.778          -7.927           28.137
  146 (vir)     1          26.757          -4.438          -1.660          -7.628           28.287
  147 (vir)     1          27.575          -4.361          -1.752          -7.652           29.114
  148 (vir)     1          27.984          -5.696          -2.714          -9.844           29.418
  149 (vir)     1          28.295          -4.011          -1.964          -8.412           30.732
  150 (vir)     1          28.333          -4.043          -1.932          -8.347           30.706
  151 (vir)     1          29.687          -6.030          -1.930          -8.457           30.184
  152 (vir)     1          29.774          -6.079          -1.949          -8.475           30.222
  153 (vir)     1          29.885          -4.724          -1.058          -6.660           30.762
  154 (vir)     1          29.993          -4.310          -1.635          -7.594           31.642
  155 (vir)     1          30.026          -4.515          -2.103          -8.413           31.821
  156 (vir)     1          30.083          -4.371          -1.689          -7.717           31.739
  157 (vir)     1          30.293          -4.877          -1.497          -7.503           31.422
  158 (vir)     1          31.957          -6.245          -1.956          -8.751           32.507
  159 (vir)     1          32.038          -6.720          -1.806          -8.426           31.939
  160 (vir)     1          32.060          -7.061          -1.731          -8.259           31.526
  161 (vir)     1          32.518          -5.166          -1.805          -8.022           33.570
  162 (vir)     1          32.597          -5.235          -1.811          -8.045           33.596
  163 (vir)     1          34.106          -7.242          -2.186          -9.712           34.388
  164 (vir)     1          34.215          -7.313          -2.198          -9.756           34.460
  165 (vir)     1          34.687          -6.308          -1.902          -8.722           35.199
  166 (vir)     1          34.796          -8.124          -2.311          -9.928           34.290
  167 (vir)     1          35.984          -5.422          -2.056          -8.790           37.296
  168 (vir)     1          36.459          -6.677          -2.094          -9.110           36.798
  169 (vir)     1          36.627          -6.210          -2.349          -9.670           37.737
  170 (vir)     1          36.653           2.204          -2.606         -10.229           46.480
  171 (vir)     1          37.753          -6.182          -1.537          -8.204           38.239
  172 (vir)     1          37.856          -6.212          -1.548          -8.228           38.323
  173 (vir)     1          38.326          -8.710          -1.781          -9.194           37.028
  174 (vir)     1          38.505          -7.125          -1.556          -8.204           38.028
  175 (vir)     1          38.573          -7.170          -1.568          -8.244           38.078
  176 (vir)     1          39.280          -6.258          -1.379          -8.119           39.763
  177 (vir)     1          40.164          -7.170          -1.059          -7.119           39.054
  178 (vir)     1          41.251          -7.854          -1.985          -9.577           40.989
  179 (vir)     1          41.332          -8.968          -1.890          -9.767           40.241
  180 (vir)     1          42.356         -10.029          -2.897         -11.969           41.399
  181 (vir)     1          42.758         -10.784          -2.958         -11.225           40.240
  182 (vir)     1          43.665         -10.090          -2.558         -11.028           42.045
  183 (vir)     1          44.874         -10.226          -2.740         -11.340           43.248
  184 (vir)     1          44.960         -10.186          -2.753         -11.387           43.408
  185 (vir)     1          45.945         -10.032          -2.534         -11.057           44.435
  186 (vir)     1          46.063          -9.638          -2.270         -10.357           44.511
  187 (vir)     1          46.079          -9.831          -2.275         -10.391           44.364
  188 (vir)     1          46.135          -9.730          -2.583         -11.271           45.094
  189 (vir)     1          47.598          -8.824          -1.388          -8.620           46.007
  190 (vir)     1          48.334          -9.019          -2.480         -11.094           47.930
  191 (vir)     1          48.356          -8.699          -2.438         -11.043           48.261
  192 (vir)     1          48.690          -9.096          -2.279         -11.349           48.664
  193 (vir)     1          48.905           5.072          -2.875         -12.058           63.159
  194 (vir)     1          50.540           3.430          -2.303         -11.054           62.721
  195 (vir)     1          50.685           4.448          -2.272         -11.086           63.947
  196 (vir)     1          51.314          -1.413          -3.064         -12.934           59.771
  197 (vir)     1          51.545           4.183          -2.869         -12.609           65.468
  198 (vir)     1          51.644           4.055          -2.848         -12.557           65.407
  199 (vir)     1          53.718           4.008          -2.933         -12.547           67.340
  200 (vir)     1          53.791           3.960          -2.933         -12.547           67.366
  201 (vir)     1          54.743         -12.023          -2.246         -11.242           51.717
  202 (vir)     1          55.853           3.458          -2.869         -12.793           69.236
  203 (vir)     1          56.578           4.221          -2.558         -12.085           70.326
  204 (vir)     1          56.659           4.266          -2.558         -12.081           70.447
  205 (vir)     1          57.953           4.236          -2.415         -12.729           72.504
  206 (vir)     1          58.565           3.261          -2.130         -11.524           71.221
  207 (vir)     1          58.661           3.405          -2.081         -11.464           71.449
  208 (vir)     1          58.914           4.866          -2.766         -12.891           73.905
  209 (vir)     1          59.388           3.725          -3.198         -13.862           73.777
  210 (vir)     1          59.529           4.417          -2.015         -11.183           73.114
  211 (vir)     1          59.620           4.085          -2.052         -11.228           72.881
  212 (vir)     1          61.278           4.948          -2.493         -12.682           76.414
  213 (vir)     1          61.632           3.632          -2.343         -12.240           75.160
  214 (vir)     1          62.652           3.355          -2.556         -12.517           75.969
  215 (vir)     1          62.717           3.567          -2.605         -12.710           76.389
  216 (vir)     1          62.793           4.097          -2.715         -13.172           77.347
  217 (vir)     1          63.235           4.051          -2.469         -12.641           77.458
  218 (vir)     1          63.942           3.469          -2.254         -12.363           77.520
  219 (vir)     1          64.493           3.534          -2.343         -12.186           77.870
  220 (vir)     1          64.555           3.560          -2.309         -12.144           77.951
  221 (vir)     1          66.287           3.498          -2.737         -13.545           80.593
  222 (vir)     1          66.696           3.656          -2.441         -13.262           81.173
  223 (vir)     1          66.739           3.659          -2.438         -13.264           81.224
  224 (vir)     1          67.251           4.233          -2.346         -12.954           82.091
  225 (vir)     1          67.339           3.543          -2.082         -12.015           80.814
  226 (vir)     1          67.499           3.259          -2.066         -11.877           80.569
  227 (vir)     1          69.277           3.803          -2.510         -13.721           84.291
  228 (vir)     1          70.018           3.470          -1.952         -11.777           83.313
  229 (vir)     1          70.243           3.958          -2.393         -13.506           85.313
  230 (vir)     1          70.274           4.593          -2.308         -13.609           86.168
  231 (vir)     1          70.304           4.439          -2.362         -13.638           86.019
  232 (vir)     1          70.523           3.845          -2.552         -13.989           85.804
  233 (vir)     1          70.609           3.654          -2.566         -13.971           85.668
  234 (vir)     1          71.850           4.497          -2.049         -12.920           87.218
  235 (vir)     1          72.295           3.180          -1.945         -11.728           85.257
  236 (vir)     1          72.668           3.293          -2.153         -12.753           86.562
  237 (vir)     1          73.149           3.545          -1.999         -12.339           87.034
  238 (vir)     1          73.224           3.563          -1.983         -12.332           87.136
  239 (vir)     1          73.683           3.168          -2.151         -12.709           87.409
  240 (vir)     1          74.232           4.893          -1.855         -12.990           90.260
  241 (vir)     1          74.846           3.154          -2.078         -12.788           88.709
  242 (vir)     1          74.898           3.437          -2.056         -12.840           89.119
  243 (vir)     1          74.968           4.416          -1.942         -13.148           90.590
  244 (vir)     1          75.002           3.522          -2.069         -12.891           89.347
  245 (vir)     1          75.040           4.414          -1.939         -13.158           90.672
  246 (vir)     1          76.303           3.332          -2.185         -12.781           90.231
  247 (vir)     1          76.955           3.632          -2.119         -13.054           91.522
  248 (vir)     1          77.038           3.601          -2.245         -13.302           91.695
  249 (vir)     1          78.682           3.674          -2.493         -14.296           94.159
  250 (vir)     1          78.733           3.802          -2.672         -14.744           94.607
  251 (vir)     1          78.841           3.458          -2.273         -13.724           93.750
  252 (vir)     1          80.498           3.343          -2.076         -13.288           95.053
  253 (vir)     1          80.657           3.303          -2.067         -13.217           95.110
  254 (vir)     1          82.086           3.068          -2.114         -13.163           96.203
  255 (vir)     1          82.260           3.024          -2.098         -13.114           96.299
  256 (vir)     1          82.891           4.282          -2.184         -14.187           99.176
  257 (vir)     1          83.404           3.514          -2.120         -13.898           98.697
  258 (vir)     1          86.968           3.248          -2.027         -13.534          101.724
  259 (vir)     1          87.815           2.961          -2.522         -14.365          102.619
  260 (vir)     1          88.149           2.929          -2.152         -13.535          102.461
  261 (vir)     1          88.226           2.389          -1.839         -12.602          101.378
  262 (vir)     1          88.524           2.925          -2.405         -14.106          103.151
  263 (vir)     1          88.684           2.916          -2.428         -14.166          103.338
  264 (vir)     1          90.382           2.361          -1.863         -13.022          103.903
  265 (vir)     1          90.609           2.392          -1.867         -13.063          104.197
  266 (vir)     1          91.753           2.677          -2.627         -15.133          106.935
  267 (vir)     1          92.782           2.133          -1.690         -12.415          105.640
  268 (vir)     1          93.013           1.995          -1.703         -12.432          105.737
  269 (vir)     1          94.293           2.068          -1.889         -13.025          107.497
  270 (vir)     1          94.523           2.066          -1.871         -13.012          107.730
  271 (vir)     1          97.713           2.452          -2.368         -14.730          112.527
  272 (vir)     1          97.811           2.445          -2.361         -14.725          112.621
  273 (vir)     1          99.990           2.854          -2.366         -14.965          115.442
  274 (vir)     1         101.164           2.061          -1.924         -13.679          114.980
  275 (vir)     1         101.360           2.294          -2.011         -14.064          115.707
  276 (vir)     1         101.395           2.303          -2.029         -14.111          115.780
  277 (vir)     1         103.471           2.494          -2.396         -15.362          118.930
  278 (vir)     1         105.136           1.446          -1.827         -13.876          118.630
  279 (vir)     1         105.756           2.278          -2.038         -14.388          120.385
  280 (vir)     1         105.964           2.240          -2.014         -14.336          120.526
  281 (vir)     1         116.469           1.864          -1.846         -14.293          130.780
  282 (vir)     1         116.764           1.718          -1.892         -14.314          130.904
  283 (vir)     1         117.844           1.963          -1.944         -14.540          132.403
  284 (vir)     1         117.945           1.946          -1.930         -14.514          132.476
  285 (vir)     1         127.074           1.538          -1.835         -14.739          141.516
  286 (vir)     1         132.199           1.245          -1.339         -13.211          145.315
  287 (vir)     1         135.310           1.547          -1.907         -15.365          150.315
  288 (vir)     1         153.625           2.349          -1.776         -15.999          170.197
  289 (vir)     1         161.598           2.496          -1.709         -16.014          178.400
  290 (vir)     1         161.636           2.498          -1.709         -16.013          178.439
  291 (vir)     1         161.856           2.529          -1.694         -15.982          178.673
  292 (vir)     1         165.320           2.523          -1.604         -15.771          182.010
  293 (vir)     1         165.398           2.528          -1.606         -15.770          182.090
  294 (vir)     1         165.433           2.524          -1.604         -15.767          182.121
  295 (vir)     1         167.157           2.352          -1.582         -15.751          183.678
  296 (vir)     1         171.708           0.867          -1.369         -15.120          186.325
  297 (vir)     1         206.554           6.460          -0.920         -12.439          224.533
  298 (vir)     1         237.329          -1.724          -0.894         -13.351          248.063
  299 (vir)     1         239.113          -3.092          -0.860         -13.272          248.434
  300 (vir)     1         239.174          -4.765          -0.861         -13.273          246.822
  301 (vir)     1         244.837          -4.077          -0.884         -13.583          253.459
  302 (vir)     1         244.871          -3.221          -0.884         -13.585          254.351
  303 (vir)     1         246.691          -2.030          -0.867         -13.553          257.348
  304 (vir)     1         247.036          -0.671          -0.865         -13.601          259.101
 
