 
  kpoint:       1             coordinate:     0.0000    0.0000    0.0000                  spin:  1
 
    n           k   ϵ_nk^DFT (eV)     Σ^c_nk (eV)     Σ^x_nk (eV)    v_nk^xc (eV)   ϵ_nk^G0W0 (eV)
 
    1 (occ)     1         -21.187           7.030         -25.171         -15.435          -23.893
    2 (occ)     1         -18.405           7.068         -24.316         -15.499          -20.154
    3 (occ)     1         -18.405           7.066         -24.315         -15.499          -20.155
    4 (occ)     1         -14.786           4.803         -22.481         -15.280          -17.184
    5 (occ)     1         -14.786           4.803         -22.481         -15.280          -17.184
    6 (occ)     1         -12.823           3.346         -20.256         -14.203          -15.531
    7 (occ)     1         -11.125           2.875         -20.468         -14.519          -14.200
    8 (occ)     1         -10.915           2.828         -21.539         -16.172          -13.455
    9 (occ)     1         -10.195           2.327         -20.166         -14.876          -13.158
   10 (occ)     1         -10.195           2.327         -20.165         -14.875          -13.158
   11 (occ)     1          -9.026           2.420         -17.129         -12.794          -10.942
   12 (occ)     1          -8.233           1.573         -20.063         -15.408          -11.316
   13 (occ)     1          -8.233           1.573         -20.063         -15.408          -11.315
   14 (occ)     1          -6.315           0.229         -15.571         -13.016           -8.642
   15 (occ)     1          -6.315           0.228         -15.570         -13.016           -8.642
   16 (vir)     1          -1.230          -2.298          -7.482         -12.415            1.406
   17 (vir)     1          -1.229          -2.298          -7.482         -12.415            1.406
   18 (vir)     1          -0.352          -0.873          -1.355          -3.755            1.175
   19 (vir)     1           0.125          -0.655          -0.880          -2.763            1.353
   20 (vir)     1           0.125          -0.655          -0.880          -2.763            1.353
   21 (vir)     1           0.730          -0.535          -0.492          -2.096            1.799
   22 (vir)     1           0.808          -0.661          -0.816          -2.705            2.036
   23 (vir)     1           0.808          -0.661          -0.816          -2.705            2.036
   24 (vir)     1           1.068          -0.696          -0.869          -2.921            2.425
   25 (vir)     1           1.449          -0.470          -0.404          -1.863            2.438
   26 (vir)     1           1.449          -0.470          -0.404          -1.863            2.438
   27 (vir)     1           1.730          -0.621          -0.726          -2.493            2.876
   28 (vir)     1           1.885          -0.476          -0.365          -1.876            2.920
   29 (vir)     1           2.503          -4.361          -5.023         -11.162            4.281
   30 (vir)     1           2.548          -0.412          -0.428          -1.694            3.402
   31 (vir)     1           2.548          -0.412          -0.428          -1.694            3.402
   32 (vir)     1           2.786          -0.411          -0.309          -1.782            3.848
   33 (vir)     1           2.786          -0.411          -0.309          -1.782            3.849
   34 (vir)     1           2.952          -1.037          -1.992          -4.489            4.412
   35 (vir)     1           3.241          -0.470          -0.481          -1.984            4.275
   36 (vir)     1           3.241          -0.470          -0.481          -1.984            4.275
   37 (vir)     1           3.282          -1.138          -1.781          -4.436            4.799
   38 (vir)     1           3.282          -1.138          -1.781          -4.436            4.799
   39 (vir)     1           3.341          -0.326          -0.119          -1.430            4.325
   40 (vir)     1           3.729          -0.854          -1.203          -3.382            5.054
   41 (vir)     1           4.143          -0.964          -0.918          -2.716            4.977
   42 (vir)     1           4.363          -1.584          -2.425          -5.844            6.198
   43 (vir)     1           4.364          -1.583          -2.425          -5.843            6.199
   44 (vir)     1           4.899          -1.742          -2.349          -5.870            6.678
   45 (vir)     1           5.462          -1.376          -1.643          -4.953            7.396
   46 (vir)     1           5.504          -1.432          -2.284          -5.532            7.320
   47 (vir)     1           5.505          -1.432          -2.283          -5.531            7.320
   48 (vir)     1           5.710          -1.257          -1.439          -4.402            7.416
   49 (vir)     1           6.176          -1.777          -2.730          -6.584            8.252
   50 (vir)     1           6.176          -1.776          -2.729          -6.583            8.253
   51 (vir)     1           6.602          -1.266          -1.116          -4.115            8.335
   52 (vir)     1           6.602          -1.266          -1.116          -4.115            8.335
   53 (vir)     1           6.607          -1.917          -2.896          -7.094            8.889
   54 (vir)     1           6.607          -1.916          -2.895          -7.093            8.889
   55 (vir)     1           7.454          -0.511          -0.347          -2.153            8.749
   56 (vir)     1           7.454          -0.511          -0.347          -2.153            8.750
   57 (vir)     1           8.144          -1.740          -1.167          -4.716            9.952
   58 (vir)     1           8.144          -1.740          -1.167          -4.716            9.952
   59 (vir)     1           8.438          -1.586          -2.469          -6.079           10.462
   60 (vir)     1           8.438          -1.586          -2.469          -6.078           10.462
   61 (vir)     1           9.105          -2.093          -1.546          -5.502           10.967
   62 (vir)     1           9.210          -0.895          -0.684          -3.072           10.703
   63 (vir)     1           9.211          -0.896          -0.684          -3.072           10.703
   64 (vir)     1           9.574          -3.022          -3.042          -8.219           11.730
   65 (vir)     1           9.575          -3.021          -3.041          -8.219           11.730
   66 (vir)     1           9.680          -2.255          -3.805          -8.604           12.224
   67 (vir)     1           9.757          -1.461          -1.271          -5.335           12.359
   68 (vir)     1          10.558          -2.201          -1.780          -5.853           12.429
   69 (vir)     1          10.576          -1.468          -0.908          -4.245           12.444
   70 (vir)     1          11.225          -3.482          -3.624          -9.262           13.381
   71 (vir)     1          11.813          -1.375          -1.058          -3.949           13.329
   72 (vir)     1          11.813          -1.375          -1.058          -3.949           13.330
   73 (vir)     1          12.190          -2.836          -2.787          -7.718           14.286
   74 (vir)     1          12.191          -2.835          -2.788          -7.720           14.287
   75 (vir)     1          13.743          -2.039          -2.353          -6.816           16.167
   76 (vir)     1          14.152          -2.490          -1.492          -5.813           15.983
   77 (vir)     1          14.482          -1.921          -1.309          -6.160           17.412
   78 (vir)     1          14.482          -1.923          -1.309          -6.159           17.410
   79 (vir)     1          14.797          -5.010          -4.925         -12.704           17.567
   80 (vir)     1          14.921          -3.953          -3.371          -9.789           17.387
   81 (vir)     1          14.922          -3.953          -3.371          -9.789           17.387
   82 (vir)     1          14.966          -3.673          -1.760          -7.206           16.738
   83 (vir)     1          14.967          -3.674          -1.760          -7.206           16.738
   84 (vir)     1          15.063          -4.077          -3.549         -10.029           17.466
   85 (vir)     1          15.064          -4.078          -3.549         -10.029           17.467
   86 (vir)     1          15.912          -3.515          -1.597          -6.823           17.623
   87 (vir)     1          16.230          -2.946          -1.729          -6.960           18.514
   88 (vir)     1          16.673          -3.543          -2.616          -8.437           18.951
   89 (vir)     1          16.673          -3.542          -2.616          -8.438           18.953
   90 (vir)     1          17.618          -3.078          -2.736          -8.038           19.841
   91 (vir)     1          17.692          -5.472          -4.134         -12.080           20.167
   92 (vir)     1          19.327          -3.778          -2.426          -8.649           21.771
   93 (vir)     1          19.666          -3.718          -1.781          -7.274           21.442
   94 (vir)     1          19.667          -3.713          -1.781          -7.274           21.446
   95 (vir)     1          19.958          -5.995          -1.392          -6.673           19.244
   96 (vir)     1          20.801          -4.563          -1.892          -7.381           21.727
   97 (vir)     1          20.801          -4.564          -1.892          -7.381           21.725
   98 (vir)     1          20.826          -2.264          -1.127          -5.255           22.690
   99 (vir)     1          20.826          -2.263          -1.127          -5.255           22.691
  100 (vir)     1          21.075          -1.876          -0.967          -5.940           24.173
  101 (vir)     1          21.808          -3.076          -1.565          -6.480           23.646
  102 (vir)     1          22.539          -2.608          -0.895          -6.139           25.175
  103 (vir)     1          22.539          -2.604          -0.895          -6.139           25.179
  104 (vir)     1          22.659          -2.547          -1.004          -6.296           25.404
  105 (vir)     1          22.659          -2.547          -1.005          -6.296           25.404
  106 (vir)     1          24.446           0.205          -1.774          -8.350           31.226
  107 (vir)     1          25.139          -5.177          -2.440          -9.737           27.259
  108 (vir)     1          26.848          -4.389          -1.402          -7.074           28.131
  109 (vir)     1          26.848          -4.386          -1.403          -7.075           28.135
  110 (vir)     1          27.078          -3.337          -3.107          -9.848           30.483
  111 (vir)     1          27.247          -3.181          -1.032          -6.109           29.144
  112 (vir)     1          27.247          -3.201          -1.031          -6.109           29.124
  113 (vir)     1          27.285          -4.205          -1.805          -7.556           28.831
  114 (vir)     1          27.285          -4.201          -1.805          -7.556           28.835
  115 (vir)     1          27.624          -4.999          -2.761          -9.761           29.626
  116 (vir)     1          28.035          -4.517          -2.422          -9.577           30.673
  117 (vir)     1          28.036          -4.518          -2.422          -9.577           30.673
  118 (vir)     1          29.945          -2.696          -1.000          -6.452           32.701
  119 (vir)     1          30.008          -5.322          -1.939          -8.433           31.179
  120 (vir)     1          30.008          -5.323          -1.940          -8.433           31.178
  121 (vir)     1          30.520          -3.346          -2.222          -8.818           33.769
  122 (vir)     1          30.520          -3.361          -2.222          -8.818           33.755
  123 (vir)     1          30.837         -10.178          -2.179         -10.794           29.274
  124 (vir)     1          31.658          -2.070          -0.800          -6.501           35.290
  125 (vir)     1          31.767          -5.186          -1.662          -7.770           32.689
  126 (vir)     1          31.767          -5.185          -1.662          -7.770           32.690
  127 (vir)     1          32.928           3.757          -2.402          -9.870           44.153
  128 (vir)     1          32.928           3.753          -2.402          -9.871           44.151
  129 (vir)     1          35.096          -6.324          -1.808          -8.403           35.368
  130 (vir)     1          35.601          -3.671          -1.925          -8.223           38.228
  131 (vir)     1          36.678          -6.529          -1.406          -8.263           37.006
  132 (vir)     1          36.678          -6.522          -1.406          -8.264           37.013
  133 (vir)     1          38.449          -7.960          -3.259         -11.819           39.049
  134 (vir)     1          38.655          -7.977          -1.812          -9.494           38.360
  135 (vir)     1          38.655          -7.974          -1.812          -9.494           38.364
  136 (vir)     1          41.148           3.750          -3.112         -11.476           53.262
  137 (vir)     1          41.149           3.751          -3.112         -11.476           53.265
  138 (vir)     1          42.135          -8.893          -2.163          -9.990           41.069
  139 (vir)     1          42.467          -8.344          -1.992          -9.275           41.406
  140 (vir)     1          42.467          -8.340          -1.991          -9.275           41.411
  141 (vir)     1          44.687          -8.601          -2.576         -11.408           44.918
  142 (vir)     1          44.687          -8.586          -2.574         -11.409           44.936
  143 (vir)     1          47.251          -8.277          -3.364         -12.130           47.741
  144 (vir)     1          49.005          -8.862          -1.661          -9.490           47.973
  145 (vir)     1          49.005          -8.878          -1.661          -9.490           47.956
  146 (vir)     1          49.447           2.196          -3.734         -14.251           62.160
  147 (vir)     1          50.874           4.523          -2.717         -11.565           64.246
  148 (vir)     1          50.875           4.533          -2.718         -11.565           64.255
  149 (vir)     1          50.978           2.988          -3.011         -12.200           63.154
  150 (vir)     1          50.978           2.973          -3.012         -12.200           63.139
  151 (vir)     1          52.120           0.565          -1.812         -10.261           61.134
  152 (vir)     1          52.444           2.745          -1.915          -9.962           63.236
  153 (vir)     1          52.445           2.739          -1.914          -9.964           63.233
  154 (vir)     1          54.497         -11.705          -2.023         -10.505           51.273
  155 (vir)     1          55.984           3.338          -2.336         -11.721           68.706
  156 (vir)     1          55.986           3.346          -2.337         -11.721           68.715
  157 (vir)     1          57.012           3.844          -2.888         -12.800           70.768
  158 (vir)     1          58.663         -12.678          -1.939         -11.516           55.562
  159 (vir)     1          58.822           3.841          -2.768         -12.897           72.792
  160 (vir)     1          60.646           4.304          -2.568         -12.611           74.993
  161 (vir)     1          60.647           4.421          -2.568         -12.612           75.111
  162 (vir)     1          61.950           4.012          -2.664         -13.026           76.325
  163 (vir)     1          61.952           4.045          -2.665         -13.026           76.358
  164 (vir)     1          63.097           3.950          -3.080         -14.402           78.369
  165 (vir)     1          63.098           3.917          -3.079         -14.401           78.337
  166 (vir)     1          63.608           4.436          -2.429         -12.868           78.482
  167 (vir)     1          66.288           2.665          -2.429         -13.370           79.894
  168 (vir)     1          66.605           2.777          -2.127         -11.749           79.004
  169 (vir)     1          66.606           2.791          -2.127         -11.749           79.018
  170 (vir)     1          66.673           2.862          -2.136         -12.404           79.802
  171 (vir)     1          66.674           2.863          -2.136         -12.404           79.805
  172 (vir)     1          67.001           3.303          -1.159          -9.347           78.492
  173 (vir)     1          67.330           3.924          -2.828         -14.860           83.286
  174 (vir)     1          67.332           3.925          -2.827         -14.860           83.290
  175 (vir)     1          68.812           3.626          -2.774         -13.564           83.228
  176 (vir)     1          70.227           4.285          -2.082         -13.176           85.606
  177 (vir)     1          70.228           4.251          -2.083         -13.176           85.572
  178 (vir)     1          71.124           3.860          -2.497         -13.800           86.288
  179 (vir)     1          71.126           3.862          -2.497         -13.799           86.290
  180 (vir)     1          72.215           5.117          -1.771         -12.933           88.493
  181 (vir)     1          72.215           5.131          -1.770         -12.933           88.509
  182 (vir)     1          73.244           1.987          -1.600         -11.046           84.677
  183 (vir)     1          74.285           4.184          -1.632         -12.100           88.937
  184 (vir)     1          74.725           2.890          -1.959         -12.017           87.672
  185 (vir)     1          74.726           2.882          -1.960         -12.015           87.664
  186 (vir)     1          74.931           3.813          -2.676         -14.295           90.362
  187 (vir)     1          74.932           3.799          -2.676         -14.295           90.349
  188 (vir)     1          76.383           3.852          -2.191         -13.149           91.193
  189 (vir)     1          76.383           3.860          -2.191         -13.149           91.201
  190 (vir)     1          76.808           3.441          -1.919         -13.084           91.415
  191 (vir)     1          80.140           4.623          -2.305         -14.385           96.843
  192 (vir)     1          82.972           3.143          -2.221         -13.630           97.524
  193 (vir)     1          82.973           3.139          -2.221         -13.629           97.520
  194 (vir)     1          84.165           2.915          -2.812         -14.865           99.134
  195 (vir)     1          86.691           2.801          -1.719         -12.111           99.884
  196 (vir)     1          88.093           3.108          -2.925         -15.707          103.983
  197 (vir)     1          89.885           2.312          -2.069         -13.842          103.970
  198 (vir)     1          91.061           3.237          -1.881         -13.188          105.604
  199 (vir)     1          91.062           3.216          -1.883         -13.188          105.582
  200 (vir)     1          91.252           2.576          -2.538         -14.865          106.155
  201 (vir)     1          91.254           2.572          -2.537         -14.865          106.154
  202 (vir)     1          91.653           2.472          -2.509         -14.594          106.210
  203 (vir)     1          91.655           2.477          -2.511         -14.593          106.215
  204 (vir)     1         102.314           2.654          -2.267         -14.865          117.566
  205 (vir)     1         102.319           2.651          -2.265         -14.865          117.570
  206 (vir)     1         103.291           2.355          -1.994         -14.212          117.864
  207 (vir)     1         103.292           2.347          -1.995         -14.212          117.855
  208 (vir)     1         104.867           1.866          -1.541         -12.931          118.124
  209 (vir)     1         105.970           1.747          -1.703         -13.395          119.410
  210 (vir)     1         110.721           1.097          -1.496         -13.323          123.645
  211 (vir)     1         122.140           1.650          -1.752         -14.120          136.158
  212 (vir)     1         122.142           1.646          -1.748         -14.120          136.160
  213 (vir)     1         125.544           1.028          -2.019         -15.946          140.499
  214 (vir)     1         128.820           1.737          -1.787         -14.499          143.269
  215 (vir)     1         130.008           1.826          -2.157         -15.896          145.573
  216 (vir)     1         151.348           2.328          -1.793         -15.957          167.841
  217 (vir)     1         162.050           2.566          -1.677         -15.897          178.836
  218 (vir)     1         162.050           2.566          -1.677         -15.898          178.837
  219 (vir)     1         165.960           2.533          -1.573         -15.658          182.578
  220 (vir)     1         165.961           2.532          -1.573         -15.658          182.578
  221 (vir)     1         166.161           2.499          -1.602         -15.872          182.930
  222 (vir)     1         177.354           0.940          -1.322         -15.381          192.353
  223 (vir)     1         203.676           6.289          -0.947         -12.455          221.473
  224 (vir)     1         239.050          -4.294          -0.867         -13.304          247.193
  225 (vir)     1         239.061          -3.279          -0.867         -13.293          248.208
  226 (vir)     1         244.038          -2.199          -0.891         -13.602          254.550
  227 (vir)     1         244.051          -0.873          -0.891         -13.590          255.877
  228 (vir)     1         246.007           0.671          -0.865         -13.581          259.395
 
