 
  kpoint:       1             coordinate:     0.0000    0.0000    0.0000                  spin:  1
 
    n           k   ϵ_nk^DFT (eV)     Σ^c_nk (eV)     Σ^x_nk (eV)    v_nk^xc (eV)   ϵ_nk^G0W0 (eV)
 
    1 (occ)     1         -28.881           9.280         -30.728         -19.204          -31.126
    2 (occ)     1         -24.727           7.727         -29.153         -19.413          -26.740
    3 (occ)     1         -15.624           3.142         -23.703         -17.024          -19.162
    4 (occ)     1         -12.699           3.235         -22.480         -16.636          -15.308
    5 (occ)     1         -12.680           2.990         -22.504         -16.628          -15.566
    6 (occ)     1         -10.969           3.254         -23.502         -16.974          -14.243
    7 (occ)     1          -8.090           1.022         -20.590         -16.246          -11.412
    8 (occ)     1          -6.791           0.516         -19.948         -16.240           -9.983
    9 (vir)     1          -2.012          -2.164          -9.959         -15.936            1.801
   10 (vir)     1          -0.916          -1.929         -10.604         -16.425            2.976
   11 (vir)     1          -0.345          -0.799          -1.633          -4.307            1.530
   12 (vir)     1           1.573          -0.384          -0.485          -2.083            2.786
   13 (vir)     1           1.941          -0.395          -0.749          -2.534            3.331
   14 (vir)     1           2.030          -0.233          -0.364          -1.778            3.211
   15 (vir)     1           2.259          -0.290          -0.399          -1.926            3.497
   16 (vir)     1           2.293          -0.234          -0.311          -1.801            3.549
   17 (vir)     1           3.073          -0.408          -0.569          -2.380            4.477
   18 (vir)     1           3.145          -0.967          -1.831          -4.854            5.201
   19 (vir)     1           3.454          -0.362          -0.442          -2.205            4.855
   20 (vir)     1           3.454          -1.155          -2.439          -5.485            5.345
   21 (vir)     1           3.740          -0.518          -0.831          -2.790            5.181
   22 (vir)     1           4.317          -0.217          -0.193          -1.620            5.527
   23 (vir)     1           4.401          -0.391          -0.638          -2.436            5.808
   24 (vir)     1           5.117          -2.521          -5.414         -10.915            8.097
   25 (vir)     1           5.751          -0.957          -1.205          -4.130            7.719
   26 (vir)     1           6.160          -0.586          -0.735          -3.094            7.934
   27 (vir)     1           6.567          -0.987          -1.293          -4.256            8.543
   28 (vir)     1           8.118          -2.162          -3.056          -8.331           11.231
   29 (vir)     1           8.517          -1.359          -1.912          -5.649           10.894
   30 (vir)     1          10.125           0.263          -0.732          -3.252           12.909
   31 (vir)     1          10.668          -1.947          -0.441          -2.767           11.048
   32 (vir)     1          12.673          -2.916          -3.275          -8.956           15.439
   33 (vir)     1          13.219          -1.889          -2.450          -7.152           16.032
   34 (vir)     1          13.618          -0.803          -0.569          -3.311           15.558
   35 (vir)     1          13.629          -0.869          -0.907          -3.869           15.722
   36 (vir)     1          14.552          -1.930          -2.447          -7.130           17.304
   37 (vir)     1          15.092          -2.495          -2.266          -7.336           17.668
   38 (vir)     1          15.550          -3.643          -3.472          -9.701           18.136
   39 (vir)     1          16.087          -3.532          -2.788          -8.815           18.582
   40 (vir)     1          16.625          -3.300          -2.161          -8.075           19.239
   41 (vir)     1          18.435          -3.750          -3.593          -9.681           20.774
   42 (vir)     1          20.418          -5.015          -4.157         -11.610           22.856
   43 (vir)     1          23.192          -4.611          -3.010          -9.905           25.477
   44 (vir)     1          24.645          -3.177          -3.030          -9.130           27.568
   45 (vir)     1          26.112          -5.941          -3.003         -10.394           27.561
   46 (vir)     1          28.587          -6.470          -5.057         -13.309           30.370
   47 (vir)     1          29.561          -5.979          -4.658         -12.708           31.631
   48 (vir)     1          30.696          -0.353          -5.281         -13.931           38.994
   49 (vir)     1          31.051          -2.296          -6.212         -15.238           37.781
   50 (vir)     1          33.124          -6.900          -3.120         -10.824           33.928
   51 (vir)     1          34.657          -2.253          -2.224          -8.911           39.092
   52 (vir)     1          35.373          -2.343          -1.470          -7.682           39.242
   53 (vir)     1          37.595           1.328          -3.945         -13.041           48.019
   54 (vir)     1          37.939           1.316          -3.136         -11.435           47.554
   55 (vir)     1          42.121           3.101          -3.759         -13.150           54.612
   56 (vir)     1          44.366           2.907          -3.782         -13.163           56.654
   57 (vir)     1          45.927           3.453          -3.844         -13.471           59.008
   58 (vir)     1          47.432         -11.553          -3.472         -12.914           45.321
   59 (vir)     1          48.582           2.830          -3.540         -13.385           61.258
   60 (vir)     1          51.497           3.675          -3.069         -12.932           65.034
   61 (vir)     1          53.866          -6.502          -2.512         -12.007           56.860
   62 (vir)     1          54.647           3.925          -3.418         -13.160           68.314
   63 (vir)     1          54.922          -6.554          -2.723         -12.334           57.978
   64 (vir)     1          55.054           3.415          -2.644         -12.169           67.994
   65 (vir)     1          56.572           4.353          -2.770         -12.792           70.948
   66 (vir)     1          57.097           4.382          -3.467         -13.814           71.827
   67 (vir)     1          60.327           2.982          -3.041         -13.169           73.437
   68 (vir)     1          61.090           5.064          -2.977         -13.371           76.548
   69 (vir)     1          64.010         -11.039          -3.526         -14.582           64.027
   70 (vir)     1          64.411           3.929          -2.967         -14.104           79.477
   71 (vir)     1          66.716           3.981          -2.816         -13.668           81.550
   72 (vir)     1          67.155           3.036          -2.291         -12.556           80.455
   73 (vir)     1          68.495           3.056          -2.252         -12.613           81.912
   74 (vir)     1          69.585           3.604          -2.927         -14.208           84.470
   75 (vir)     1          70.512           5.747          -3.266         -15.886           88.879
   76 (vir)     1          71.259           4.438          -2.715         -13.730           86.712
   77 (vir)     1          72.006           2.586          -2.619         -13.809           85.782
   78 (vir)     1          77.269           4.642          -3.313         -16.647           95.246
   79 (vir)     1          78.612           3.985          -2.646         -14.217           94.168
   80 (vir)     1          79.690           4.117          -2.581         -14.233           95.459
   81 (vir)     1          82.240           3.393          -3.009         -15.824           98.448
   82 (vir)     1          87.364           5.346          -3.039         -14.980          104.651
   83 (vir)     1          87.662           3.122          -2.534         -14.421          102.671
   84 (vir)     1          90.811           2.501          -2.436         -14.103          104.979
   85 (vir)     1          90.891           4.588          -3.141         -16.289          108.627
   86 (vir)     1          93.833           2.479          -2.828         -15.197          108.681
   87 (vir)     1          98.110           2.663          -3.548         -16.990          114.214
   88 (vir)     1         106.216           5.217          -3.581         -16.804          124.656
   89 (vir)     1         111.253           2.237          -3.680         -18.424          128.234
   90 (vir)     1         111.676           2.590          -3.487         -18.059          128.839
   91 (vir)     1         131.272           1.707          -2.737         -16.913          147.154
   92 (vir)     1         132.103           2.102          -2.932         -17.727          149.000
   93 (vir)     1         134.776           2.665          -3.248         -19.017          153.210
   94 (vir)     1         146.463           2.495          -2.111         -16.678          163.525
   95 (vir)     1         228.589           2.952          -1.938         -16.286          245.889
   96 (vir)     1         269.370           3.170          -1.897         -17.876          288.519
 
