 
  kpoint:       1             coordinate:     0.0000    0.0000    0.0000                  spin:  1
 
    n           k   ϵ_nk^DFT (eV)     Σ^c_nk (eV)     Σ^x_nk (eV)    v_nk^xc (eV)   ϵ_nk^G0W0 (eV)
 
    1 (occ)     1         -81.017           8.532         -58.623         -35.032          -96.076
    2 (occ)     1         -47.802           5.035         -51.077         -35.998          -57.846
    3 (occ)     1         -47.802           5.036         -51.078         -35.998          -57.847
    4 (occ)     1         -47.591           5.883         -51.320         -36.020          -57.008
    5 (occ)     1         -27.066          10.178         -37.753         -23.369          -31.272
    6 (occ)     1         -26.927          10.142         -38.017         -23.642          -31.160
    7 (occ)     1          -9.283           4.305         -28.497         -20.828          -12.646
    8 (occ)     1          -8.742           4.257         -29.868         -22.179          -12.174
    9 (occ)     1          -8.372           4.196         -28.779         -21.042          -11.912
   10 (occ)     1          -8.372           4.199         -28.784         -21.042          -11.915
   11 (occ)     1          -8.293           4.261         -29.194         -21.409          -11.817
   12 (occ)     1          -8.293           4.264         -29.200         -21.409          -11.821
   13 (vir)     1          -2.605          -0.596          -3.251          -6.640            0.189
   14 (vir)     1          -0.399          -0.456          -2.358          -5.071            1.858
   15 (vir)     1          -0.399          -0.456          -2.358          -5.071            1.858
   16 (vir)     1           1.277          -0.456          -1.173          -3.868            3.515
   17 (vir)     1           2.522          -0.329          -1.373          -3.702            4.522
   18 (vir)     1           3.975          -0.876          -0.470          -3.680            6.308
   19 (vir)     1           4.027          -0.876          -0.469          -3.629            6.311
   20 (vir)     1           4.592          -0.662          -2.212          -5.863            7.580
   21 (vir)     1           4.592          -0.660          -2.210          -5.863            7.585
   22 (vir)     1           5.619          -0.388          -1.119          -3.462            7.575
   23 (vir)     1           6.204          -0.892          -3.252          -7.556            9.617
   24 (vir)     1           6.204          -0.891          -3.254          -7.556            9.616
   25 (vir)     1          10.034          -0.958          -2.937          -7.241           13.381
   26 (vir)     1          10.324          -1.493          -4.810         -10.331           14.352
   27 (vir)     1          13.126          -1.857          -3.657          -8.864           16.476
   28 (vir)     1          17.882          -2.493          -4.367         -10.809           21.830
   29 (vir)     1          17.882          -2.494          -4.368         -10.809           21.828
   30 (vir)     1          19.367          -1.915          -3.044          -9.037           23.445
   31 (vir)     1          19.367          -1.914          -3.044          -9.037           23.446
   32 (vir)     1          20.853          -1.702          -2.471          -8.316           24.995
   33 (vir)     1          20.855          -1.698          -2.473          -8.314           24.998
   34 (vir)     1          22.021          -2.335          -3.409          -9.642           25.920
   35 (vir)     1          22.873          -1.901          -3.035          -9.062           27.000
   36 (vir)     1          23.149          -1.564          -2.362          -8.100           27.322
   37 (vir)     1          23.153          -1.563          -2.363          -8.094           27.321
   38 (vir)     1          27.322          -3.645          -4.519         -11.669           30.827
   39 (vir)     1          28.217          -3.451          -3.004          -9.720           31.482
   40 (vir)     1          28.217          -3.451          -3.003          -9.720           31.483
   41 (vir)     1          31.971          -4.330          -4.209         -10.964           34.396
   42 (vir)     1          35.410          -4.929          -3.670         -11.324           38.136
   43 (vir)     1          35.410          -4.941          -3.670         -11.324           38.123
   44 (vir)     1          40.727          -5.731          -3.318         -11.488           43.166
   45 (vir)     1          44.176          -4.581          -1.383          -8.950           47.163
   46 (vir)     1          44.177          -4.585          -1.384          -8.949           47.157
   47 (vir)     1          44.456          -3.303          -1.206          -8.841           48.788
   48 (vir)     1          44.456          -3.297          -1.206          -8.841           48.793
   49 (vir)     1          45.103          -7.870          -1.433          -9.304           45.104
   50 (vir)     1          45.103          -7.808          -1.433          -9.304           45.166
   51 (vir)     1          45.995          -3.670          -1.258          -9.216           50.282
   52 (vir)     1          45.995          -3.665          -1.259          -9.216           50.287
   53 (vir)     1          47.742          -3.552          -2.201         -10.415           52.405
   54 (vir)     1          47.742          -3.540          -2.201         -10.415           52.416
   55 (vir)     1          48.139          -3.379          -2.218         -10.582           53.124
   56 (vir)     1          48.139          -3.378          -2.218         -10.582           53.125
   57 (vir)     1          49.371          -2.593          -2.822         -11.532           55.487
   58 (vir)     1          63.279           3.588          -4.740         -15.083           77.210
   59 (vir)     1          79.395           2.719          -7.307         -19.335           94.142
   60 (vir)     1          79.395           2.718          -7.307         -19.335           94.141
   61 (vir)     1          79.600           2.692          -7.417         -19.655           94.529
   62 (vir)     1          79.600           2.692          -7.418         -19.655           94.529
   63 (vir)     1          85.557           2.985          -6.810         -20.229          101.960
   64 (vir)     1          86.030           3.507          -6.942         -20.323          102.918
   65 (vir)     1          86.030           3.500          -6.942         -20.323          102.911
   66 (vir)     1          87.947           3.136          -6.779         -19.792          104.096
   67 (vir)     1          87.947           3.126          -6.780         -19.792          104.085
   68 (vir)     1          90.267           2.977          -6.048         -19.820          107.016
   69 (vir)     1          91.672           1.253          -4.291         -16.254          104.888
   70 (vir)     1         107.182           3.248          -5.872         -22.876          127.434
   71 (vir)     1         107.182           3.238          -5.873         -22.876          127.423
   72 (vir)     1         120.962           1.822          -5.161         -20.677          138.300
   73 (vir)     1         123.224           2.671          -5.363         -22.540          143.073
   74 (vir)     1         123.224           2.658          -5.364         -22.540          143.058
   75 (vir)     1         134.429           1.610          -4.752         -20.764          152.050
   76 (vir)     1         155.134           0.489          -2.795         -14.804          167.632
 
