 
  kpoint:       1             coordinate:     0.0000    0.0000    0.0000                  spin:  1
 
    n           k   ϵ_nk^DFT (eV)     Σ^c_nk (eV)     Σ^x_nk (eV)    v_nk^xc (eV)   ϵ_nk^G0W0 (eV)
 
    1 (occ)     1         -18.572           6.117         -22.130         -14.098          -20.487
    2 (occ)     1         -11.055           1.115         -17.805         -13.040          -14.704
    3 (occ)     1          -9.070           0.899         -16.805         -12.488          -12.488
    4 (occ)     1          -6.243           0.818         -15.982         -11.861           -9.546
    5 (vir)     1          -0.733          -0.816          -1.668          -4.605            1.388
    6 (vir)     1          -0.495          -1.433          -4.575          -9.475            2.972
    7 (vir)     1           1.402          -0.403          -0.552          -2.309            2.755
    8 (vir)     1           1.555          -0.706          -1.771          -4.638            3.716
    9 (vir)     1           2.174          -0.796          -1.834          -4.905            4.448
   10 (vir)     1           2.213          -0.463          -0.929          -2.986            3.806
   11 (vir)     1           2.741          -0.924          -1.663          -5.047            5.201
   12 (vir)     1           3.001          -0.900          -1.943          -5.520            5.678
   13 (vir)     1           3.319          -0.906          -1.917          -5.454            5.949
   14 (vir)     1           4.283          -0.762          -1.240          -3.981            6.263
   15 (vir)     1           5.492          -0.733          -0.822          -3.146            7.083
   16 (vir)     1           6.062          -0.638          -0.884          -3.293            7.832
   17 (vir)     1           6.684          -0.787          -1.011          -3.617            8.503
   18 (vir)     1           7.884          -0.727          -0.741          -3.641           10.057
   19 (vir)     1           7.912          -1.032          -0.930          -4.281           10.231
   20 (vir)     1           9.257          -1.405          -1.108          -4.965           11.709
   21 (vir)     1           9.352          -1.909          -1.686          -6.352           12.110
   22 (vir)     1          10.896          -2.252          -2.513          -7.914           14.046
   23 (vir)     1          12.261          -2.279          -1.101          -5.871           14.752
   24 (vir)     1          13.253          -0.892          -0.848          -5.709           17.223
   25 (vir)     1          13.497          -2.438          -1.056          -6.292           16.295
   26 (vir)     1          13.582          -1.791          -1.008          -6.004           16.787
   27 (vir)     1          13.787          -3.816          -2.537          -9.374           16.808
   28 (vir)     1          14.221          -4.170          -2.415          -9.154           16.790
   29 (vir)     1          15.055          -5.375          -3.707         -11.642           17.615
   30 (vir)     1          15.261          -3.640          -2.866         -10.071           18.825
   31 (vir)     1          15.364          -2.613          -1.530          -6.688           17.910
   32 (vir)     1          17.421          -3.149          -1.993          -8.351           20.629
   33 (vir)     1          18.844          -2.640          -0.752          -5.536           20.989
   34 (vir)     1          19.303          -3.323          -2.116          -8.266           22.130
   35 (vir)     1          20.337          -3.132          -1.608          -7.482           23.079
   36 (vir)     1          20.947          -5.253          -1.959          -8.285           22.019
   37 (vir)     1          26.222          -5.189          -1.964          -9.728           28.797
   38 (vir)     1          31.197          -6.066          -2.201         -11.346           34.276
   39 (vir)     1          44.289          -9.490          -1.329         -10.196           43.666
   40 (vir)     1          48.229           2.856          -1.468         -11.091           60.708
   41 (vir)     1          48.623           3.509          -1.334         -10.474           61.272
   42 (vir)     1          49.354           3.236          -1.472         -10.982           62.099
   43 (vir)     1          54.321           2.737          -1.334         -11.055           66.780
   44 (vir)     1          64.509           2.324          -1.232         -11.601           77.201
   45 (vir)     1          89.350           0.786          -0.628          -8.380           97.887
   46 (vir)     1         142.433           2.125          -1.789         -15.828          158.597
   47 (vir)     1         142.936           2.173          -1.755         -15.889          159.243
 
