 
  kpoint:       1             coordinate:     0.0000    0.0000    0.0000                  spin:  1
 
    n           k   ϵ_nk^DFT (eV)     Σ^c_nk (eV)     Σ^x_nk (eV)    v_nk^xc (eV)   ϵ_nk^G0W0 (eV)
 
    1 (occ)     1         -21.776           3.543         -28.875         -18.378          -28.730
    2 (occ)     1         -11.529           3.142         -21.045         -15.805          -13.627
    3 (occ)     1          -8.248           2.397         -22.451         -18.275          -10.027
    4 (occ)     1          -8.248           2.398         -22.452         -18.275          -10.027
    5 (occ)     1          -8.054           3.419         -23.934         -18.480          -10.089
    6 (occ)     1          -7.018           2.428         -26.194         -23.074           -7.711
    7 (occ)     1          -7.018           2.430         -26.197         -23.074           -7.712
    8 (occ)     1          -6.895           3.280         -30.122         -26.851           -6.886
    9 (occ)     1          -6.895           3.280         -30.126         -26.851           -6.889
   10 (occ)     1          -6.743           1.996         -23.589         -20.678           -7.659
   11 (vir)     1          -4.153          -1.765          -4.058          -8.403           -1.574
   12 (vir)     1          -1.477          -1.199          -3.826          -7.392            0.890
   13 (vir)     1          -1.477          -1.199          -3.825          -7.392            0.891
   14 (vir)     1           0.960          -1.469          -3.877          -7.598            3.211
   15 (vir)     1           0.960          -1.470          -3.878          -7.598            3.210
   16 (vir)     1           1.118          -0.449          -0.954          -2.683            2.398
   17 (vir)     1           1.991          -0.497          -0.681          -2.421            3.234
   18 (vir)     1           2.024          -0.975          -1.795          -4.399            3.654
   19 (vir)     1           2.024          -0.974          -1.795          -4.399            3.654
   20 (vir)     1           2.437          -0.222          -0.265          -1.650            3.601
   21 (vir)     1           2.437          -0.222          -0.265          -1.650            3.601
   22 (vir)     1           3.020          -1.034          -1.644          -4.612            4.954
   23 (vir)     1           3.422          -0.606          -1.018          -3.105            4.903
   24 (vir)     1           3.422          -0.606          -1.018          -3.105            4.903
   25 (vir)     1           4.741          -1.259          -1.772          -5.072            6.782
   26 (vir)     1           5.293          -1.447          -1.833          -5.043            7.056
   27 (vir)     1           5.293          -1.447          -1.833          -5.043            7.056
   28 (vir)     1           5.322          -0.580          -0.744          -3.140            7.138
   29 (vir)     1           5.323          -0.579          -0.744          -3.140            7.139
   30 (vir)     1           5.920          -0.943          -1.186          -3.917            7.709
   31 (vir)     1           7.727          -1.220          -1.701          -5.394           10.201
   32 (vir)     1           7.728          -1.220          -1.701          -5.394           10.200
   33 (vir)     1           9.240          -0.984          -1.276          -4.534           11.515
   34 (vir)     1           9.240          -0.983          -1.276          -4.534           11.515
   35 (vir)     1           9.691          -1.448          -1.884          -5.626           11.985
   36 (vir)     1          10.980          -2.010          -1.983          -6.430           13.417
   37 (vir)     1          10.980          -2.011          -1.983          -6.430           13.417
   38 (vir)     1          11.324          -0.810          -1.885          -6.048           14.678
   39 (vir)     1          13.796          -2.130          -3.124          -8.323           16.865
   40 (vir)     1          15.921          -1.929          -1.504          -6.134           18.622
   41 (vir)     1          15.921          -1.930          -1.504          -6.134           18.621
   42 (vir)     1          15.934          -1.950          -1.820          -6.835           18.998
   43 (vir)     1          15.934          -1.949          -1.820          -6.835           18.999
   44 (vir)     1          16.539          -2.149          -3.133          -8.809           20.067
   45 (vir)     1          17.323          -1.253          -0.468          -4.166           19.768
   46 (vir)     1          17.323          -1.254          -0.468          -4.166           19.767
   47 (vir)     1          19.985          -2.873          -3.058          -9.622           23.677
   48 (vir)     1          23.669          -1.140          -1.688          -7.525           28.366
   49 (vir)     1          23.669          -1.151          -1.688          -7.525           28.356
   50 (vir)     1          26.416          -5.917          -4.568         -13.166           29.097
   51 (vir)     1          32.138          -1.070          -3.887         -12.288           39.469
   52 (vir)     1          32.138          -1.066          -3.887         -12.288           39.473
   53 (vir)     1          32.711          -0.279          -2.334          -9.355           39.453
   54 (vir)     1          32.711          -0.280          -2.334          -9.355           39.452
   55 (vir)     1          33.058           0.569          -1.468          -7.699           39.858
   56 (vir)     1          33.058           0.570          -1.468          -7.699           39.859
   57 (vir)     1          33.472          -6.092          -3.449         -10.871           34.802
   58 (vir)     1          37.112          -0.017          -2.518          -9.835           44.412
   59 (vir)     1          40.032          -0.310          -2.732         -10.592           47.581
   60 (vir)     1          40.032          -0.311          -2.734         -10.592           47.579
   61 (vir)     1          40.207           2.535          -3.074         -11.471           51.139
   62 (vir)     1          40.207           2.535          -3.074         -11.471           51.139
   63 (vir)     1          42.340          -9.489          -3.112         -12.552           42.290
   64 (vir)     1          42.340           5.429          -3.114         -12.552           57.206
   65 (vir)     1          47.963           1.698          -4.035         -14.389           60.016
   66 (vir)     1          47.963           1.702          -4.035         -14.389           60.020
   67 (vir)     1          52.376           4.253          -2.965         -12.442           66.106
   68 (vir)     1          53.068           2.501          -1.594          -9.714           63.689
   69 (vir)     1          53.068           2.501          -1.593          -9.714           63.689
   70 (vir)     1          54.406           0.247          -2.123         -10.869           63.399
   71 (vir)     1          54.406           0.248          -2.123         -10.869           63.400
   72 (vir)     1          54.574           3.187          -3.907         -14.552           68.407
   73 (vir)     1          63.430           2.623          -2.829         -13.629           76.854
   74 (vir)     1          63.430           2.618          -2.830         -13.629           76.847
   75 (vir)     1          63.507           5.523          -5.388         -17.669           81.312
   76 (vir)     1          73.664           3.891          -3.546         -16.095           90.104
   77 (vir)     1          73.664           3.900          -3.546         -16.095           90.114
   78 (vir)     1          83.531           3.458          -6.739         -19.588           99.838
   79 (vir)     1          85.289           2.655          -4.560         -18.102          101.486
   80 (vir)     1          87.025           3.030         -12.971         -27.202          104.287
   81 (vir)     1          87.025           3.045         -12.973         -27.202          104.300
   82 (vir)     1          92.668           2.976          -5.061         -18.537          109.122
   83 (vir)     1          92.668           2.969          -5.059         -18.537          109.115
   84 (vir)     1          93.598          -4.972         -10.346         -26.310          104.590
   85 (vir)     1         105.047           3.591          -8.456         -24.464          124.645
   86 (vir)     1         105.449           1.028          -5.988         -22.250          122.740
   87 (vir)     1         105.451           1.029          -5.986         -22.249          122.743
   88 (vir)     1         116.310           1.443          -5.399         -21.791          134.145
   89 (vir)     1         116.310           1.441          -5.430         -21.791          134.112
   90 (vir)     1         143.639           1.424          -5.167         -22.722          162.618
   91 (vir)     1         223.683           3.461          -2.211         -17.243          242.176
   92 (vir)     1         236.813          10.901          -1.044         -13.540          260.211
   93 (vir)     1         250.269           0.051          -9.837         -27.328          267.811
   94 (vir)     1         250.269           0.051          -9.830         -27.328          267.818
   95 (vir)     1         253.933           0.073          -9.706         -27.448          271.748
   96 (vir)     1         253.933           0.073          -9.725         -27.448          271.729
   97 (vir)     1         258.466           0.109          -9.458         -27.450          276.567
   98 (vir)     1         258.466           0.110          -9.434         -27.450          276.593
   99 (vir)     1         260.026           0.134          -9.263         -27.387          278.284
  100 (vir)     1         366.570          -0.024          -5.340         -26.757          387.963
  101 (vir)     1         366.570          -0.022          -5.343         -26.757          387.963
  102 (vir)     1         366.790          -0.221          -5.147         -26.662          388.083
  103 (vir)     1         366.790          -0.221          -5.145         -26.662          388.086
  104 (vir)     1         366.802           0.343          -5.459         -26.796          388.482
  105 (vir)     1         366.803           0.344          -5.457         -26.796          388.485
  106 (vir)     1         367.473          -0.224          -5.175         -26.592          388.664
  107 (vir)     1         367.473          -0.224          -5.161         -26.592          388.679
  108 (vir)     1         367.912          -0.232          -5.230         -26.549          388.998
 
