 
  kpoint:       1             coordinate:     0.0000    0.0000    0.0000                  spin:  1
 
    n           k   ϵ_nk^DFT (eV)     Σ^c_nk (eV)     Σ^x_nk (eV)    v_nk^xc (eV)   ϵ_nk^G0W0 (eV)
 
    1 (occ)     1         -26.370           9.026         -31.725         -20.099          -28.970
    2 (occ)     1         -18.644           5.226         -23.801         -15.206          -22.013
    3 (occ)     1         -14.246           3.343         -22.139         -15.123          -17.920
    4 (occ)     1         -11.657           2.815         -21.971         -15.873          -14.940
    5 (occ)     1         -11.072           1.605         -19.156         -14.184          -14.439
    6 (occ)     1         -10.604           2.794         -23.536         -17.533          -13.813
    7 (occ)     1          -9.633           1.612         -20.344         -15.146          -13.219
    8 (occ)     1          -9.076           1.314         -20.692         -16.448          -12.006
    9 (occ)     1          -5.949           2.359         -23.231         -17.983           -8.838
   10 (vir)     1          -2.102          -2.340          -8.191         -14.349            1.716
   11 (vir)     1          -0.338          -0.616          -1.296          -3.549            1.299
   12 (vir)     1           0.133          -0.634          -1.059          -3.279            1.718
   13 (vir)     1           0.541          -0.454          -0.657          -2.409            1.839
   14 (vir)     1           0.717          -0.434          -0.720          -2.517            2.079
   15 (vir)     1           1.314          -0.430          -0.629          -2.327            2.582
   16 (vir)     1           1.335          -0.490          -0.902          -2.908            2.850
   17 (vir)     1           1.586          -0.410          -0.650          -2.414            2.940
   18 (vir)     1           1.657          -0.349          -0.415          -1.858            2.751
   19 (vir)     1           1.733          -0.348          -0.485          -2.078            2.979
   20 (vir)     1           2.949          -0.610          -1.046          -3.144            4.437
   21 (vir)     1           3.292          -0.948          -2.048          -4.947            5.243
   22 (vir)     1           3.484          -0.495          -0.771          -2.808            5.026
   23 (vir)     1           3.579          -0.954          -1.810          -4.731            5.546
   24 (vir)     1           3.731          -0.696          -1.267          -3.680            5.449
   25 (vir)     1           4.082          -0.846          -1.559          -4.160            5.837
   26 (vir)     1           4.388          -0.472          -0.653          -2.532            5.794
   27 (vir)     1           4.491          -0.472          -0.701          -2.667            5.985
   28 (vir)     1           4.829          -0.737          -1.231          -3.687            6.547
   29 (vir)     1           5.005          -1.068          -2.159          -5.368            7.146
   30 (vir)     1           5.678          -1.002          -1.664          -4.806            7.818
   31 (vir)     1           5.924          -1.124          -1.575          -4.961            8.186
   32 (vir)     1           6.470          -1.088          -1.844          -5.257            8.795
   33 (vir)     1           7.145          -1.411          -1.963          -5.828            9.599
   34 (vir)     1           7.448          -0.895          -0.951          -3.918            9.520
   35 (vir)     1           7.665          -1.126          -1.060          -4.331            9.810
   36 (vir)     1           8.195          -1.378          -1.579          -5.311           10.548
   37 (vir)     1           8.380          -1.180          -1.686          -5.326           10.840
   38 (vir)     1           9.787          -2.809          -3.804          -9.752           12.926
   39 (vir)     1          11.181          -1.313          -1.507          -5.247           13.608
   40 (vir)     1          11.698          -2.210          -2.904          -8.144           14.728
   41 (vir)     1          12.312          -2.130          -2.364          -7.319           15.136
   42 (vir)     1          12.530          -2.300          -2.351          -7.484           15.363
   43 (vir)     1          12.860          -2.103          -2.209          -7.125           15.673
   44 (vir)     1          13.211          -1.468          -1.195          -5.238           15.786
   45 (vir)     1          13.826          -2.649          -2.563          -8.262           16.876
   46 (vir)     1          14.640          -3.374          -3.323         -10.051           17.994
   47 (vir)     1          15.117          -2.550          -2.249          -7.630           17.948
   48 (vir)     1          15.772          -2.267          -1.691          -6.749           18.563
   49 (vir)     1          16.413          -2.287          -1.756          -7.149           19.519
   50 (vir)     1          16.783          -1.986          -1.549          -6.536           19.784
   51 (vir)     1          17.639          -1.848          -1.407          -6.128           20.511
   52 (vir)     1          18.735          -2.598          -2.080          -7.835           21.891
   53 (vir)     1          18.795          -2.156          -1.328          -6.447           21.759
   54 (vir)     1          19.293          -2.379          -1.966          -7.481           22.430
   55 (vir)     1          20.376          -2.916          -2.528          -8.913           23.845
   56 (vir)     1          21.734          -3.686          -2.146          -9.033           24.934
   57 (vir)     1          22.033          -2.719          -1.920          -7.785           25.179
   58 (vir)     1          23.846          -2.987          -1.375          -6.968           26.453
   59 (vir)     1          24.013          -2.776          -1.617          -7.134           26.755
   60 (vir)     1          24.361          -3.045          -1.794          -7.716           27.238
   61 (vir)     1          25.073          -3.921          -2.780         -10.110           28.482
   62 (vir)     1          25.165          -4.248          -2.050          -8.801           27.669
   63 (vir)     1          27.542          -2.830          -1.282          -6.687           30.117
   64 (vir)     1          30.142          -4.028          -2.146          -8.711           32.678
   65 (vir)     1          30.575          -4.903          -2.443          -9.572           32.802
   66 (vir)     1          31.137          -4.889          -2.400          -9.395           33.243
   67 (vir)     1          32.673          -5.080          -2.336          -9.325           34.582
   68 (vir)     1          33.027          -5.095          -2.700          -9.843           35.074
   69 (vir)     1          35.389          -6.460          -3.054         -11.836           37.711
   70 (vir)     1          37.187          -7.164          -2.843         -11.443           38.623
   71 (vir)     1          38.577          -7.927          -2.906         -11.785           39.529
   72 (vir)     1          39.181          -6.242          -2.757         -10.694           40.877
   73 (vir)     1          41.812          -9.104          -3.073         -12.838           42.473
   74 (vir)     1          43.426          -8.752          -2.874         -11.947           43.747
   75 (vir)     1          46.813           4.318          -3.357         -13.055           60.830
   76 (vir)     1          48.897           4.887          -3.095         -12.582           63.270
   77 (vir)     1          50.146           3.710          -3.158         -13.426           64.124
   78 (vir)     1          51.223           4.273          -3.031         -13.268           65.734
   79 (vir)     1          52.779           4.610          -2.900         -13.123           67.612
   80 (vir)     1          53.831         -10.913          -2.367         -13.378           53.930
   81 (vir)     1          54.556           4.458          -2.717         -12.731           69.028
   82 (vir)     1          55.063           3.634          -2.715         -13.293           69.274
   83 (vir)     1          56.668           5.819          -1.946         -12.027           72.569
   84 (vir)     1          57.872           5.016          -2.564         -13.137           73.461
   85 (vir)     1          61.233           3.959          -2.181         -13.023           76.034
   86 (vir)     1          61.900           4.120          -2.081         -13.103           77.042
   87 (vir)     1          63.002           5.175          -2.250         -13.538           79.465
   88 (vir)     1          65.239           4.067          -2.990         -14.703           81.019
   89 (vir)     1          67.244           4.111          -1.732         -12.411           82.034
   90 (vir)     1          67.551           4.601          -1.974         -12.903           83.080
   91 (vir)     1          68.927           4.239          -2.005         -13.503           84.663
   92 (vir)     1          70.011           3.302          -2.317         -14.372           85.369
   93 (vir)     1          72.107           5.273          -1.958         -13.367           88.789
   94 (vir)     1          72.724           4.311          -2.529         -14.224           88.729
   95 (vir)     1          73.967           3.248          -2.035         -14.172           89.352
   96 (vir)     1          76.780           4.503          -2.496         -14.643           93.430
   97 (vir)     1          78.002           4.408          -2.228         -14.569           94.751
   98 (vir)     1          86.016           3.138          -2.218         -14.900          101.837
   99 (vir)     1          91.400           2.995          -2.487         -15.070          106.978
  100 (vir)     1          99.255           2.599          -1.805         -14.320          114.370
  101 (vir)     1         106.638           2.853          -1.544         -14.396          122.343
  102 (vir)     1         126.613           3.437          -1.429         -18.324          146.945
  103 (vir)     1         127.927          11.719          -2.110         -19.333          156.868
  104 (vir)     1         132.984           6.200          -1.779         -18.966          156.370
  105 (vir)     1         152.997           2.144          -1.700         -15.747          169.187
  106 (vir)     1         160.675           2.302          -1.605         -15.956          177.328
  107 (vir)     1         162.323           2.163          -1.494         -15.732          178.724
  108 (vir)     1         162.921           2.546          -1.667         -15.836          179.636
  109 (vir)     1         177.612           1.280          -4.214         -21.794          196.472
  110 (vir)     1         178.490           1.193          -4.615         -23.008          198.076
  111 (vir)     1         179.056           1.030          -3.367         -19.659          196.379
  112 (vir)     1         182.118           1.539          -4.117         -22.985          202.525
  113 (vir)     1         185.163           1.433          -4.207         -23.303          205.692
  114 (vir)     1         188.571           1.467          -2.616         -18.058          205.480
  115 (vir)     1         228.739           2.898          -0.895         -13.947          244.689
  116 (vir)     1         231.827           1.507          -2.200         -20.659          251.793
  117 (vir)     1         234.885           1.187          -2.282         -21.464          255.254
  118 (vir)     1         235.939           1.276          -2.320         -21.630          256.525
  119 (vir)     1         236.450           1.000          -2.018         -21.617          257.048
  120 (vir)     1         237.714           0.633          -2.440         -21.429          257.336
  121 (vir)     1         238.401           0.591          -2.406         -21.631          258.217
  122 (vir)     1         240.329           1.286          -2.593         -22.176          261.198
  123 (vir)     1         256.744           0.749          -1.834         -17.403          273.061
 
