 
  kpoint:       1             coordinate:     0.0000    0.0000    0.0000                  spin:  1
 
    n           k   ϵ_nk^DFT (eV)     Σ^c_nk (eV)     Σ^x_nk (eV)    v_nk^xc (eV)   ϵ_nk^G0W0 (eV)
 
    1 (occ)     1         -27.367           8.828         -31.666         -19.983          -30.221
    2 (occ)     1         -14.232           3.589         -25.322         -17.846          -18.119
    3 (occ)     1         -10.664           1.150         -22.464         -17.310          -14.668
    4 (occ)     1         -10.664           1.132         -22.403         -17.310          -14.626
    5 (occ)     1          -9.293           1.336         -20.381         -15.023          -13.315
    6 (vir)     1          -3.280          -1.691          -8.035         -14.305            1.300
    7 (vir)     1          -3.280          -1.697          -7.987         -14.305            1.341
    8 (vir)     1           0.733          -0.248          -0.595          -2.318            2.209
    9 (vir)     1           1.075          -0.290          -0.455          -2.136            2.465
   10 (vir)     1           1.075          -0.294          -0.453          -2.136            2.464
   11 (vir)     1           2.415          -0.075          -0.108          -1.042            3.274
   12 (vir)     1           2.571          -0.092          -0.200          -1.281            3.560
   13 (vir)     1           2.571          -0.091          -0.199          -1.281            3.562
   14 (vir)     1           3.594          -0.067          -0.045          -0.931            4.412
   15 (vir)     1           3.594          -0.067          -0.046          -0.931            4.411
   16 (vir)     1           4.688          -1.171          -3.147          -7.486            7.857
   17 (vir)     1           7.432          -2.537          -5.296         -11.639           11.237
   18 (vir)     1          11.740          -2.005          -3.382          -8.819           15.172
   19 (vir)     1          12.994          -1.843          -1.769          -6.424           15.806
   20 (vir)     1          12.994          -1.829          -1.765          -6.424           15.824
   21 (vir)     1          15.529          -1.321          -2.285          -7.487           19.411
   22 (vir)     1          16.166          -0.534          -0.975          -4.860           19.517
   23 (vir)     1          16.166          -0.540          -0.965          -4.860           19.521
   24 (vir)     1          17.127          -0.547          -0.265          -3.651           19.966
   25 (vir)     1          17.127          -0.525          -0.279          -3.651           19.974
   26 (vir)     1          17.794          -2.925          -3.278         -10.095           21.685
   27 (vir)     1          18.115          -3.676          -2.177          -9.158           21.419
   28 (vir)     1          18.115          -3.650          -2.112          -9.158           21.509
   29 (vir)     1          20.498          -3.822          -2.599          -9.505           23.582
   30 (vir)     1          20.498          -3.789          -2.573          -9.505           23.641
   31 (vir)     1          22.647           0.228          -3.049         -10.604           30.429
   32 (vir)     1          22.647           0.255          -3.027         -10.604           30.479
   33 (vir)     1          31.143           2.381          -4.809         -13.761           42.477
   34 (vir)     1          31.143           2.384          -4.858         -13.761           42.430
   35 (vir)     1          42.800           1.481          -4.695         -13.999           53.584
   36 (vir)     1          43.745           1.262          -4.190         -13.585           54.402
   37 (vir)     1          43.745           1.242          -4.214         -13.585           54.358
   38 (vir)     1          50.122           1.650          -3.276         -12.994           61.489
   39 (vir)     1          59.221           1.457          -4.611         -16.324           72.390
   40 (vir)     1          62.898           2.055          -3.700         -15.022           76.275
   41 (vir)     1          62.898           2.029          -3.765         -15.022           76.184
   42 (vir)     1         108.012           1.746          -2.100         -12.157          119.814
   43 (vir)     1         123.429           2.397          -3.061         -18.244          141.008
   44 (vir)     1         123.429           2.270          -3.091         -18.244          140.852
   45 (vir)     1         128.110           2.243          -2.803         -16.949          144.499
   46 (vir)     1         170.665           1.373          -4.128         -20.584          188.495
   47 (vir)     1         173.813           1.077          -4.432         -22.883          193.341
   48 (vir)     1         173.816           1.141          -4.556         -22.881          193.282
   49 (vir)     1         178.960           1.368          -4.706         -23.137          198.758
   50 (vir)     1         178.960           1.400          -4.709         -23.137          198.788
   51 (vir)     1         200.485           1.018          -2.630         -17.541          216.414
   52 (vir)     1         225.221           0.617          -2.959         -20.713          243.593
   53 (vir)     1         225.221           0.653          -2.880         -20.713          243.707
   54 (vir)     1         225.362           0.418          -2.396         -20.400          243.784
   55 (vir)     1         225.362           0.413          -2.354         -20.400          243.821
   56 (vir)     1         226.421           0.879          -2.971         -21.005          245.334
   57 (vir)     1         226.421           0.751          -3.101         -21.005          245.076
   58 (vir)     1         234.506           1.005          -2.763         -20.047          252.795
 
