 
  kpoint:       1             coordinate:     0.0000    0.0000    0.0000                  spin:  1
 
    n           k   ϵ_nk^DFT (eV)     Σ^c_nk (eV)     Σ^x_nk (eV)    v_nk^xc (eV)   ϵ_nk^G0W0 (eV)
 
    1 (occ)     1         -28.314           8.551         -31.264         -19.979          -31.048
    2 (occ)     1         -13.445           3.295         -23.946         -16.583          -17.514
    3 (occ)     1         -11.599           0.455         -21.212         -16.485          -15.872
    4 (occ)     1         -11.599           0.433         -21.203         -16.485          -15.886
    5 (occ)     1         -10.258           2.168         -23.613         -17.099          -14.605
    6 (vir)     1          -1.897          -1.832          -8.406         -15.135            3.000
    7 (vir)     1          -1.897          -1.830          -8.401         -15.135            3.007
    8 (vir)     1           2.338          -0.172          -0.223          -1.527            3.471
    9 (vir)     1           2.668          -0.116          -0.183          -1.543            3.912
   10 (vir)     1           2.668          -0.117          -0.187          -1.543            3.907
   11 (vir)     1           2.833          -0.285          -0.581          -2.058            4.025
   12 (vir)     1           2.833          -0.285          -0.581          -2.058            4.025
   13 (vir)     1           3.602          -0.598          -1.144          -3.877            5.737
   14 (vir)     1           5.383          -0.390          -0.542          -2.670            7.121
   15 (vir)     1           5.383          -0.386          -0.545          -2.670            7.122
   16 (vir)     1           5.723          -0.288          -0.404          -2.225            7.257
   17 (vir)     1           6.453          -0.150          -0.083          -1.438            7.658
   18 (vir)     1           6.453          -0.155          -0.078          -1.438            7.658
   19 (vir)     1           8.114          -1.300          -2.062          -6.809           11.561
   20 (vir)     1           8.114          -1.311          -2.060          -6.809           11.552
   21 (vir)     1           9.352          -1.419          -2.458          -7.123           12.599
   22 (vir)     1          15.123          -1.855          -3.960         -10.012           19.319
   23 (vir)     1          15.508          -2.947          -1.968          -8.376           18.969
   24 (vir)     1          15.508          -2.933          -1.970          -8.376           18.980
   25 (vir)     1          16.627          -1.987          -2.363          -7.470           19.748
   26 (vir)     1          18.173          -4.691          -7.149         -17.183           23.517
   27 (vir)     1          29.170          -4.037          -5.057         -14.015           34.091
   28 (vir)     1          29.170          -4.055          -5.175         -14.015           33.956
   29 (vir)     1          32.755           5.127          -4.795         -14.388           47.476
   30 (vir)     1          32.755          -8.141          -4.840         -14.388           34.163
   31 (vir)     1          39.018          -5.533          -2.842         -12.449           43.092
   32 (vir)     1          39.018          -6.000          -2.955         -12.449           42.512
   33 (vir)     1          39.432          -1.471          -1.313          -8.070           44.718
   34 (vir)     1          39.432          -1.290          -1.258          -8.070           44.954
   35 (vir)     1          40.496          -2.216          -0.748          -6.968           44.499
   36 (vir)     1          40.496          -2.220          -0.740          -6.968           44.504
   37 (vir)     1          45.235          -9.241          -3.270         -12.142           44.866
   38 (vir)     1          49.328          -9.734          -2.855         -11.969           48.708
   39 (vir)     1          51.288          -8.799          -2.129         -11.530           51.890
   40 (vir)     1          51.288          -8.699          -2.086         -11.530           52.033
   41 (vir)     1          51.934           2.581          -2.373         -12.452           64.594
   42 (vir)     1          55.747          -3.055          -3.524         -13.917           63.087
   43 (vir)     1          58.891          -6.612          -1.959         -12.097           62.418
   44 (vir)     1          58.891          -6.204          -2.006         -12.097           62.779
   45 (vir)     1          63.474           4.351          -4.119         -13.560           77.266
   46 (vir)     1          65.742         -11.133          -1.322         -11.097           64.384
   47 (vir)     1          65.742         -11.082          -1.393         -11.097           64.364
   48 (vir)     1          66.695           2.622          -3.003         -13.850           80.165
   49 (vir)     1          66.695           2.985          -3.004         -13.850           80.527
   50 (vir)     1          71.377           3.955          -2.336         -15.868           88.864
   51 (vir)     1          71.377           4.279          -2.456         -15.868           89.069
   52 (vir)     1          76.939           2.836          -1.938         -13.261           91.097
   53 (vir)     1          76.939           2.473          -2.025         -13.261           90.647
   54 (vir)     1          88.553           6.096          -3.065         -16.988          108.572
   55 (vir)     1         110.397           2.510          -3.048         -18.309          128.168
   56 (vir)     1         112.705           2.929          -2.793         -16.793          129.633
   57 (vir)     1         112.705           2.845          -2.675         -16.793          129.667
   58 (vir)     1         230.209           0.847          -1.464         -16.090          245.682
 
