 
  kpoint:       1             coordinate:     0.0000    0.0000    0.0000                  spin:  1
 
    n           k   ϵ_nk^DFT (eV)     Σ^c_nk (eV)     Σ^x_nk (eV)    v_nk^xc (eV)   ϵ_nk^G0W0 (eV)
 
    1 (occ)     1         -19.259           5.792         -24.145         -14.922          -22.690
    2 (occ)     1         -16.698           4.626         -23.229         -14.906          -20.395
    3 (occ)     1         -14.252           3.509         -22.055         -14.687          -18.111
    4 (occ)     1         -11.106           1.894         -19.298         -13.674          -14.836
    5 (occ)     1         -10.555           1.750         -19.370         -13.962          -14.212
    6 (occ)     1          -9.642           1.489         -19.379         -14.356          -13.175
    7 (occ)     1          -9.147           1.329         -19.154         -14.088          -12.885
    8 (occ)     1          -8.054           1.084         -18.897         -14.338          -11.529
    9 (occ)     1          -7.983           1.106         -19.225         -14.777          -11.324
   10 (occ)     1          -7.747           0.998         -18.708         -14.042          -11.415
   11 (vir)     1          -0.312          -0.703          -1.201          -3.495            1.279
   12 (vir)     1           0.270          -0.569          -0.887          -2.842            1.655
   13 (vir)     1           0.317          -0.576          -0.798          -2.728            1.672
   14 (vir)     1           0.421          -0.562          -0.839          -2.757            1.777
   15 (vir)     1           1.028          -0.547          -0.830          -2.745            2.396
   16 (vir)     1           1.292          -0.438          -0.536          -2.103            2.420
   17 (vir)     1           1.355          -0.445          -0.437          -2.019            2.492
   18 (vir)     1           1.379          -0.495          -0.680          -2.342            2.546
   19 (vir)     1           1.401          -0.375          -0.394          -1.790            2.422
   20 (vir)     1           2.239          -0.557          -0.794          -2.674            3.561
   21 (vir)     1           2.243          -0.510          -0.641          -2.273            3.364
   22 (vir)     1           2.581          -0.419          -0.404          -1.973            3.731
   23 (vir)     1           2.859          -0.721          -1.024          -3.332            4.445
   24 (vir)     1           3.061          -0.376          -0.275          -1.718            4.128
   25 (vir)     1           3.211          -0.675          -1.175          -3.244            4.605
   26 (vir)     1           3.774          -1.002          -2.012          -5.040            5.801
   27 (vir)     1           3.952          -1.292          -2.711          -6.282            6.231
   28 (vir)     1           4.191          -0.747          -1.136          -3.529            5.838
   29 (vir)     1           4.329          -0.913          -1.487          -4.092            6.020
   30 (vir)     1           4.523          -1.476          -3.190          -6.988            6.845
   31 (vir)     1           4.629          -1.179          -2.123          -5.434            6.762
   32 (vir)     1           4.733          -1.570          -3.202          -7.298            7.259
   33 (vir)     1           4.756          -0.668          -0.411          -2.365            6.042
   34 (vir)     1           4.774          -1.145          -2.370          -5.631            6.891
   35 (vir)     1           4.971          -0.855          -1.305          -3.813            6.623
   36 (vir)     1           5.663          -1.815          -3.409          -8.013            8.451
   37 (vir)     1           5.824          -0.939          -1.170          -3.833            7.549
   38 (vir)     1           5.955          -1.075          -1.490          -4.641            8.032
   39 (vir)     1           6.219          -1.065          -1.375          -4.402            8.181
   40 (vir)     1           6.297          -1.055          -1.241          -4.219            8.220
   41 (vir)     1           6.569          -0.858          -0.907          -3.485            8.290
   42 (vir)     1           6.932          -1.139          -1.445          -4.774            9.122
   43 (vir)     1           6.981          -0.797          -0.484          -2.859            8.559
   44 (vir)     1           7.656          -1.312          -2.005          -5.510            9.849
   45 (vir)     1           7.970          -1.264          -1.855          -5.307           10.158
   46 (vir)     1           8.431          -1.403          -2.037          -5.743           10.734
   47 (vir)     1           8.787          -0.904          -0.612          -3.437           10.707
   48 (vir)     1           9.288          -1.458          -2.146          -6.019           11.703
   49 (vir)     1           9.342          -0.915          -0.473          -3.322           11.276
   50 (vir)     1          10.506          -0.874          -0.396          -3.348           12.583
   51 (vir)     1          11.163          -1.760          -1.542          -5.576           13.438
   52 (vir)     1          11.419          -1.398          -1.789          -5.681           13.913
   53 (vir)     1          11.842          -1.502          -0.922          -4.574           13.991
   54 (vir)     1          12.223          -3.103          -3.051          -8.868           14.936
   55 (vir)     1          12.362          -3.146          -3.003          -8.988           15.201
   56 (vir)     1          12.567          -1.564          -1.304          -5.307           15.005
   57 (vir)     1          12.577          -1.819          -2.228          -6.666           15.196
   58 (vir)     1          13.022          -1.698          -1.005          -4.753           15.072
   59 (vir)     1          13.151          -2.156          -2.129          -6.898           15.764
   60 (vir)     1          13.607          -2.036          -1.714          -5.965           15.823
   61 (vir)     1          13.744          -2.645          -2.822          -8.301           16.577
   62 (vir)     1          13.901          -3.078          -3.008          -9.051           16.867
   63 (vir)     1          14.286          -3.198          -3.165          -9.439           17.363
   64 (vir)     1          14.941          -2.048          -1.197          -5.619           17.316
   65 (vir)     1          15.971          -2.629          -2.058          -7.491           18.776
   66 (vir)     1          16.369          -3.173          -2.831          -8.869           19.234
   67 (vir)     1          16.415          -1.595          -0.951          -4.952           18.821
   68 (vir)     1          17.438          -1.887          -1.646          -5.891           19.796
   69 (vir)     1          17.616          -2.374          -1.664          -6.616           20.195
   70 (vir)     1          18.407          -2.021          -1.297          -5.773           20.862
   71 (vir)     1          18.512          -2.501          -1.209          -6.331           21.132
   72 (vir)     1          18.942          -2.669          -1.460          -6.527           21.340
   73 (vir)     1          20.025          -2.735          -1.487          -6.786           22.590
   74 (vir)     1          20.369          -3.060          -1.896          -7.692           23.104
   75 (vir)     1          21.913          -2.803          -1.786          -7.228           24.551
   76 (vir)     1          22.002          -3.047          -1.630          -7.093           24.419
   77 (vir)     1          22.228          -3.340          -1.827          -7.824           24.886
   78 (vir)     1          22.283          -2.521          -1.376          -6.425           24.811
   79 (vir)     1          22.966          -2.870          -1.421          -6.893           25.568
   80 (vir)     1          23.734          -3.078          -1.247          -6.652           26.061
   81 (vir)     1          24.380          -3.310          -2.399          -8.337           27.008
   82 (vir)     1          24.682          -3.002          -1.974          -7.584           27.290
   83 (vir)     1          25.866          -3.552          -1.391          -6.817           27.740
   84 (vir)     1          26.033          -3.491          -1.436          -7.269           28.375
   85 (vir)     1          26.092          -3.118          -1.751          -7.328           28.551
   86 (vir)     1          28.906          -3.987          -1.785          -7.566           30.699
   87 (vir)     1          28.934          -4.359          -2.215          -8.670           31.030
   88 (vir)     1          28.975          -3.871          -2.213          -8.470           31.361
   89 (vir)     1          31.658          -3.921          -0.999          -6.565           33.304
   90 (vir)     1          31.829          -5.155          -1.926          -7.998           32.747
   91 (vir)     1          33.127          -4.389          -1.900          -8.286           35.124
   92 (vir)     1          34.338          -6.115          -2.532          -9.381           35.073
   93 (vir)     1          34.751          -5.657          -2.950         -10.285           36.429
   94 (vir)     1          35.548          -4.976          -1.735          -8.240           37.077
   95 (vir)     1          35.769          -5.755          -1.630          -8.075           36.459
   96 (vir)     1          36.235          -5.068          -2.161          -9.311           38.317
   97 (vir)     1          36.899          -5.460          -2.315          -9.438           38.561
   98 (vir)     1          38.473          -6.237          -2.336         -10.040           39.940
   99 (vir)     1          39.433          -6.957          -1.876          -9.152           39.753
  100 (vir)     1          41.525          -8.370          -2.579         -10.693           41.269
  101 (vir)     1          42.288          -7.702          -1.595          -9.018           42.009
  102 (vir)     1          42.402          -8.788          -2.383         -11.316           42.547
  103 (vir)     1          44.529          -9.785          -2.935         -12.282           44.090
  104 (vir)     1          45.578          -9.582          -2.776         -11.321           44.541
  105 (vir)     1          47.102         -10.226          -2.370         -10.503           45.009
  106 (vir)     1          48.014         -11.603          -3.216         -12.548           45.742
  107 (vir)     1          49.424         -11.293          -2.812         -11.730           47.049
  108 (vir)     1          50.335         -11.184          -2.222         -10.572           47.501
  109 (vir)     1          50.584         -12.564          -2.696         -12.027           47.350
  110 (vir)     1          53.455          -5.565          -2.544         -12.164           57.510
  111 (vir)     1          53.995          -8.459          -2.770         -12.183           54.949
  112 (vir)     1          54.486          -9.582          -2.670         -12.198           54.432
  113 (vir)     1          55.728          -9.120          -2.621         -12.492           56.479
  114 (vir)     1          56.450           5.407          -2.860         -12.964           71.962
  115 (vir)     1          57.701         -11.185          -2.438         -12.769           56.847
  116 (vir)     1          58.337           5.018          -2.344         -12.066           73.077
  117 (vir)     1          58.401           3.980          -2.111         -11.113           71.383
  118 (vir)     1          59.801           4.372          -2.579         -12.404           73.999
  119 (vir)     1          63.092           5.394          -2.254         -13.332           79.565
  120 (vir)     1          63.689           3.978          -2.625         -12.752           77.794
  121 (vir)     1          64.656           4.207          -2.624         -13.261           79.501
  122 (vir)     1          64.658           4.634          -2.607         -13.286           79.971
  123 (vir)     1          64.724           3.985          -2.634         -13.148           79.223
  124 (vir)     1          65.572           4.178          -2.511         -13.138           80.377
  125 (vir)     1          67.379           4.203          -2.749         -13.683           82.515
  126 (vir)     1          69.155           3.809          -2.373         -12.865           83.456
  127 (vir)     1          69.334           4.523          -2.082         -12.642           84.417
  128 (vir)     1          69.563           3.766          -2.549         -13.314           84.093
  129 (vir)     1          71.163           4.426          -2.401         -13.549           86.738
  130 (vir)     1          71.978           4.369          -2.257         -13.535           87.625
  131 (vir)     1          73.823           4.472          -2.207         -13.346           89.433
  132 (vir)     1          74.055           3.910          -2.377         -13.307           88.895
  133 (vir)     1          75.368           3.710          -2.268         -13.371           90.181
  134 (vir)     1          75.567           3.867          -2.121         -13.442           90.755
  135 (vir)     1          76.112           3.450          -2.052         -12.659           90.169
  136 (vir)     1          77.730           3.467          -2.374         -13.703           92.526
  137 (vir)     1          79.252           3.481          -2.230         -13.895           94.398
  138 (vir)     1          79.594           3.691          -2.630         -14.635           95.289
  139 (vir)     1          82.123           3.083          -2.295         -13.676           96.587
  140 (vir)     1          83.216           3.124          -2.144         -13.738           97.934
  141 (vir)     1          87.372           2.941          -2.407         -14.041          101.948
  142 (vir)     1          97.215           2.432          -2.406         -14.680          111.921
  143 (vir)     1          99.689           2.736          -2.440         -14.930          114.916
  144 (vir)     1         102.492           2.568          -2.307         -14.941          117.694
  145 (vir)     1         105.302           2.022          -2.111         -14.273          119.485
  146 (vir)     1         112.741           2.037          -2.045         -14.340          127.074
  147 (vir)     1         114.437           1.909          -2.054         -14.564          128.856
  148 (vir)     1         114.816           2.042          -1.973         -14.324          129.209
  149 (vir)     1         156.434           2.416          -1.708         -15.721          172.863
  150 (vir)     1         162.479           2.180          -1.690         -15.881          178.851
  151 (vir)     1         162.971           2.300          -1.700         -15.896          179.467
  152 (vir)     1         163.223           2.281          -1.702         -15.900          179.702
  153 (vir)     1         163.579           2.274          -1.687         -15.953          180.119
  154 (vir)     1         163.691           2.212          -1.677         -15.889          180.115
  155 (vir)     1         164.917           2.475          -1.745         -16.243          181.889
  156 (vir)     1         165.733           2.424          -1.696         -16.066          182.527
  157 (vir)     1         206.156           4.399          -0.992         -12.515          222.077
  158 (vir)     1         239.184           5.585          -0.938         -13.385          257.216
  159 (vir)     1         240.986           6.997          -0.917         -13.486          260.553
 
