 
  kpoint:       1             coordinate:     0.0000    0.0000    0.0000                  spin:  1
 
    n           k   ϵ_nk^DFT (eV)     Σ^c_nk (eV)     Σ^x_nk (eV)    v_nk^xc (eV)   ϵ_nk^G0W0 (eV)
 
    1 (occ)     1         -25.490           8.393         -31.618         -19.830          -28.885
    2 (occ)     1         -13.278           1.533         -24.469         -17.938          -18.276
    3 (occ)     1          -9.335           2.147         -25.137         -18.287          -14.038
    4 (occ)     1          -7.294           2.218         -25.271         -18.534          -11.813
    5 (vir)     1           0.189          -0.275          -0.906          -2.796            1.804
    6 (vir)     1           2.950          -1.127          -3.851          -8.694            6.665
    7 (vir)     1           3.730          -0.827          -2.776          -6.525            6.652
    8 (vir)     1           5.022          -0.034          -0.063          -0.731            5.655
    9 (vir)     1           6.037          -0.365          -1.236          -4.457            8.893
   10 (vir)     1           6.614          -0.292          -1.434          -4.258            9.146
   11 (vir)     1           7.275          -0.369          -0.963          -4.442           10.385
   12 (vir)     1           8.324          -0.641          -1.467          -5.429           11.645
   13 (vir)     1           8.662          -0.513          -1.650          -4.639           11.138
   14 (vir)     1          12.506          -1.093          -3.376          -8.091           16.128
   15 (vir)     1          13.005          -1.102          -2.531          -7.289           16.660
   16 (vir)     1          14.127          -2.100          -4.292         -10.753           18.488
   17 (vir)     1          21.206          -3.030          -3.436         -10.599           25.338
   18 (vir)     1          22.474          -1.896          -2.957          -9.174           26.795
   19 (vir)     1          23.070          -1.836          -3.266          -9.840           27.808
   20 (vir)     1          29.952          -2.525          -4.488         -11.694           34.633
   21 (vir)     1          36.206          -2.042          -4.629         -12.613           42.148
   22 (vir)     1          37.575          -3.852          -4.022         -12.122           41.822
   23 (vir)     1          38.333          -2.618          -2.546          -9.221           42.390
   24 (vir)     1          43.154           0.986          -4.927         -13.723           52.936
   25 (vir)     1          49.020           3.540          -2.420         -11.110           61.250
   26 (vir)     1          51.218           2.520          -3.844         -13.253           63.146
   27 (vir)     1          52.205           2.155          -3.548         -12.269           63.081
   28 (vir)     1          56.033           2.460          -2.780         -11.952           67.664
   29 (vir)     1          62.626           2.097          -3.338         -13.483           74.868
   30 (vir)     1          72.712           4.201          -3.314         -13.605           87.204
   31 (vir)     1         113.476           3.474          -2.987         -17.373          131.335
   32 (vir)     1         115.351           3.945          -3.151         -18.178          134.322
   33 (vir)     1         119.101           2.714          -2.875         -17.802          136.741
   34 (vir)     1         146.226           2.616          -2.746         -18.328          164.423
   35 (vir)     1         150.559           2.982          -2.251         -17.416          168.706
   36 (vir)     1         175.674           1.506          -5.023         -23.509          195.666
   37 (vir)     1         176.924           1.479          -4.809         -23.378          196.973
   38 (vir)     1         178.357           1.614          -4.931         -23.551          198.591
   39 (vir)     1         179.757           1.662          -4.589         -23.082          199.912
   40 (vir)     1         185.884           1.794          -4.459         -23.216          206.435
   41 (vir)     1         224.876           1.169          -2.571         -20.632          244.107
   42 (vir)     1         225.282           1.137          -2.663         -20.653          244.409
   43 (vir)     1         225.630           1.124          -2.658         -20.687          244.783
   44 (vir)     1         225.682           1.032          -2.545         -20.779          244.947
   45 (vir)     1         225.869           1.123          -2.655         -20.694          245.031
   46 (vir)     1         226.625           1.116          -2.729         -20.761          245.773
   47 (vir)     1         226.671           1.207          -2.744         -20.710          245.844
 
