 
  kpoint:       1             coordinate:     0.0000    0.0000    0.0000                  spin:  1
 
    n           k   ϵ_nk^DFT (eV)     Σ^c_nk (eV)     Σ^x_nk (eV)    v_nk^xc (eV)   ϵ_nk^G0W0 (eV)
 
    1 (occ)     1         -27.941           8.297         -30.261         -18.822          -31.082
    2 (occ)     1         -27.184           7.746         -31.056         -19.600          -30.895
    3 (occ)     1         -25.227           8.346         -28.597         -18.174          -27.303
    4 (occ)     1         -23.770           7.742         -27.923         -17.921          -26.029
    5 (occ)     1         -20.828           7.741         -25.101         -16.002          -22.186
    6 (occ)     1         -18.246           5.213         -23.962         -16.125          -20.870
    7 (occ)     1         -17.354           4.866         -23.173         -15.854          -19.807
    8 (occ)     1         -17.059           4.585         -24.129         -17.133          -19.470
    9 (occ)     1         -14.638           3.663         -22.672         -16.531          -17.116
   10 (occ)     1         -14.540           4.050         -22.587         -16.539          -16.538
   11 (occ)     1         -13.365           2.833         -21.647         -16.109          -16.069
   12 (occ)     1         -12.390           4.035         -20.453         -14.843          -13.965
   13 (occ)     1         -11.911           3.315         -22.234         -16.435          -14.396
   14 (occ)     1         -10.901           4.198         -25.077         -18.473          -13.307
   15 (occ)     1         -10.885           2.926         -19.633         -14.530          -13.062
   16 (occ)     1         -10.591           3.723         -23.572         -17.350          -13.090
   17 (occ)     1         -10.294           2.769         -21.876         -16.698          -12.704
   18 (occ)     1         -10.183           2.870         -20.223         -15.322          -12.215
   19 (occ)     1          -9.775           2.367         -20.609         -15.446          -12.571
   20 (occ)     1          -9.230           2.483         -19.925         -15.432          -11.241
   21 (occ)     1          -7.402           2.398         -22.029         -17.758           -9.275
   22 (occ)     1          -7.392           3.680         -24.561         -18.682           -9.590
   23 (occ)     1          -6.629           3.603         -24.745         -19.005           -8.766
   24 (occ)     1          -6.348           1.021         -18.493         -15.584           -8.235
   25 (vir)     1          -2.580          -1.821          -9.438         -14.439            0.600
   26 (vir)     1          -1.426          -2.223         -10.060         -15.659            1.948
   27 (vir)     1          -0.866          -0.945          -1.737          -4.528            0.981
   28 (vir)     1          -0.286          -0.823          -1.432          -3.967            1.426
   29 (vir)     1           0.056          -0.963          -1.653          -4.468            1.908
   30 (vir)     1           0.513          -0.891          -1.734          -4.436            2.323
   31 (vir)     1           0.561          -0.855          -1.598          -4.082            2.189
   32 (vir)     1           0.850          -0.840          -1.187          -3.767            2.591
   33 (vir)     1           0.970          -2.090          -3.782          -8.095            3.193
   34 (vir)     1           1.198          -0.836          -1.399          -4.028            2.991
   35 (vir)     1           1.319          -1.032          -1.560          -4.260            2.986
   36 (vir)     1           1.749          -1.559          -3.147          -6.656            3.699
   37 (vir)     1           1.753          -0.986          -1.709          -4.659            3.717
   38 (vir)     1           2.004          -0.888          -1.443          -4.180            3.853
   39 (vir)     1           2.072          -1.059          -2.121          -5.360            4.253
   40 (vir)     1           2.273          -0.955          -1.650          -4.370            4.039
   41 (vir)     1           2.972          -1.674          -4.088          -8.190            5.399
   42 (vir)     1           3.020          -0.696          -0.837          -3.074            4.561
   43 (vir)     1           3.364          -1.019          -1.538          -4.544            5.351
   44 (vir)     1           3.432          -1.108          -1.938          -5.214            5.601
   45 (vir)     1           3.714          -1.979          -4.444          -9.059            6.349
   46 (vir)     1           4.141          -0.849          -0.913          -3.491            5.871
   47 (vir)     1           4.156          -2.116          -4.377          -9.337            6.999
   48 (vir)     1           4.291          -2.072          -4.226          -9.068            7.060
   49 (vir)     1           4.455          -1.976          -4.486          -9.288            7.281
   50 (vir)     1           4.816          -1.672          -3.199          -7.310            7.255
   51 (vir)     1           4.911          -1.452          -2.518          -6.272            7.212
   52 (vir)     1           5.354          -1.537          -2.099          -5.788            7.506
   53 (vir)     1           5.426          -1.700          -3.681          -8.180            8.225
   54 (vir)     1           5.530          -2.191          -4.118          -9.081            8.301
   55 (vir)     1           5.710          -1.386          -2.274          -5.970            8.020
   56 (vir)     1           6.107          -1.316          -1.906          -5.426            8.310
   57 (vir)     1           6.167          -1.029          -1.086          -3.971            8.023
   58 (vir)     1           6.311          -1.131          -1.239          -4.353            8.293
   59 (vir)     1           6.804          -1.942          -3.573          -8.416            9.705
   60 (vir)     1           7.065          -1.657          -2.769          -6.856            9.495
   61 (vir)     1           7.265          -1.905          -2.178          -6.517            9.698
   62 (vir)     1           7.329          -1.212          -1.822          -5.224            9.519
   63 (vir)     1           7.400          -0.857          -0.634          -3.511            9.419
   64 (vir)     1           7.544          -1.835          -3.041          -7.542           10.210
   65 (vir)     1           7.990          -0.932          -0.946          -4.089           10.201
   66 (vir)     1           8.061          -1.474          -2.186          -6.153           10.553
   67 (vir)     1           8.158          -1.342          -1.660          -5.363           10.518
   68 (vir)     1           8.185          -1.338          -1.798          -5.941           10.990
   69 (vir)     1           8.242          -1.881          -2.446          -6.827           10.742
   70 (vir)     1           8.591          -1.988          -2.912          -7.764           11.455
   71 (vir)     1           9.257          -2.166          -2.919          -7.956           12.129
   72 (vir)     1           9.291          -2.261          -3.242          -8.346           12.134
   73 (vir)     1           9.379          -2.109          -2.863          -7.714           12.121
   74 (vir)     1           9.838          -1.841          -1.235          -5.360           12.123
   75 (vir)     1          10.300          -2.117          -2.819          -7.765           13.130
   76 (vir)     1          10.756          -2.408          -1.956          -6.944           13.336
   77 (vir)     1          11.246          -3.175          -2.458          -7.930           13.543
   78 (vir)     1          11.402          -2.261          -2.826          -7.867           14.182
   79 (vir)     1          11.622          -2.701          -3.251          -8.917           14.587
   80 (vir)     1          12.388          -5.414          -6.410         -15.533           16.098
   81 (vir)     1          12.879          -0.256          -2.914          -8.874           18.583
   82 (vir)     1          13.206          -0.700          -2.800          -8.759           18.465
   83 (vir)     1          13.492          -3.077          -3.908         -10.275           16.783
   84 (vir)     1          14.012          -3.309          -3.725         -10.249           17.227
   85 (vir)     1          14.290          -4.212          -5.278         -13.010           17.809
   86 (vir)     1          14.462          -5.264          -2.922          -9.266           15.542
   87 (vir)     1          15.049          -3.907          -1.976          -7.349           16.514
   88 (vir)     1          15.685          -3.697          -3.602         -10.660           19.047
   89 (vir)     1          16.092          -4.578          -4.061         -11.912           19.365
   90 (vir)     1          16.259          -3.968          -2.735          -9.374           18.930
   91 (vir)     1          16.600          -3.958          -3.792         -11.036           19.886
   92 (vir)     1          17.488          -2.205          -2.847         -10.004           22.441
   93 (vir)     1          17.798          -4.495          -4.167         -12.130           21.266
   94 (vir)     1          18.478          -4.214          -3.541         -11.060           21.782
   95 (vir)     1          18.567          -4.342          -3.647         -11.413           21.990
   96 (vir)     1          18.911          -3.289          -3.244         -10.893           23.271
   97 (vir)     1          20.144          -4.813          -3.173         -10.947           23.106
   98 (vir)     1          20.973          -5.783          -4.353         -13.493           24.330
   99 (vir)     1          21.513          -5.426          -2.886         -11.008           24.209
  100 (vir)     1          21.932          -4.585          -3.203         -11.169           25.314
  101 (vir)     1          22.017          -4.903          -3.348         -11.363           25.130
  102 (vir)     1          23.015          -4.790          -3.060         -10.924           26.089
  103 (vir)     1          24.498          -5.148          -3.235         -11.112           27.227
  104 (vir)     1          25.898          -1.686          -3.402         -11.443           32.253
  105 (vir)     1          26.071          -5.420          -3.083         -11.398           28.966
  106 (vir)     1          26.277          -2.210          -3.468         -11.647           32.246
  107 (vir)     1          27.492          -5.828          -3.409         -12.102           30.357
  108 (vir)     1          29.419          -7.122          -2.814         -11.388           30.871
  109 (vir)     1          29.936           1.047          -3.086         -11.583           39.480
  110 (vir)     1          32.481          -6.067          -2.862         -11.348           34.901
  111 (vir)     1          34.684           3.581          -2.935         -11.700           47.031
  112 (vir)     1          35.457          -8.306          -2.195         -10.530           35.486
  113 (vir)     1          36.782          -9.543          -2.090         -10.605           35.753
  114 (vir)     1          37.142         -11.362          -2.166         -11.086           34.699
  115 (vir)     1          38.104           3.277          -3.609         -13.837           51.608
  116 (vir)     1          39.347           3.350          -3.142         -13.283           52.839
  117 (vir)     1          39.862          -8.097          -3.150         -13.322           41.938
  118 (vir)     1          41.551           3.263          -3.046         -12.944           54.712
  119 (vir)     1          42.224          -6.908          -2.882         -13.472           45.906
  120 (vir)     1          42.709           1.592          -3.132         -12.786           53.955
  121 (vir)     1          43.892         -11.913          -3.782         -14.929           43.126
  122 (vir)     1          44.361         -11.148          -2.943         -13.747           44.017
  123 (vir)     1          44.583           1.936          -2.090         -11.543           55.973
  124 (vir)     1          46.083           3.944          -2.995         -13.883           60.915
  125 (vir)     1          47.632           2.639          -2.884         -13.821           61.208
  126 (vir)     1          47.829           3.763          -2.922         -14.086           62.756
  127 (vir)     1          49.260           2.964          -3.017         -14.040           63.247
  128 (vir)     1          50.469           5.320          -3.047         -14.455           67.197
  129 (vir)     1          50.627          -3.994          -2.785         -13.438           57.286
  130 (vir)     1          51.991         -11.570          -2.811         -14.305           51.915
  131 (vir)     1          54.750          -6.564          -3.311         -15.635           60.510
  132 (vir)     1          57.529          -7.926          -2.588         -14.766           61.780
  133 (vir)     1          59.429           2.984          -2.543         -14.278           74.149
  134 (vir)     1          62.186           5.794          -2.780         -15.203           80.403
  135 (vir)     1          63.207           5.231          -3.670         -18.312           83.081
  136 (vir)     1          65.152           3.510          -3.619         -18.311           83.354
  137 (vir)     1          65.818           4.092          -2.928         -16.342           83.324
  138 (vir)     1          68.408           5.190          -3.888         -18.247           87.957
  139 (vir)     1          70.789           4.447          -3.345         -18.179           90.069
  140 (vir)     1          72.615          -0.197          -2.690         -15.922           85.649
  141 (vir)     1          74.392           1.991          -2.599         -16.742           90.526
  142 (vir)     1          76.233           5.545          -2.397         -15.833           95.214
  143 (vir)     1          80.057           2.489          -2.414         -14.735           94.866
  144 (vir)     1          84.115           2.226          -1.847         -13.921           98.416
  145 (vir)     1          86.274           2.445          -1.899         -14.187          101.007
  146 (vir)     1         101.070           1.751          -2.696         -16.188          116.313
  147 (vir)     1         115.434           1.047          -1.982         -14.610          129.109
  148 (vir)     1         125.678           2.425          -1.189         -12.986          139.901
  149 (vir)     1         146.797           1.425          -1.037         -12.756          159.942
  150 (vir)     1         171.546           1.665          -0.694         -13.067          185.583
  151 (vir)     1         188.539           2.246          -0.458         -13.032          203.358
  152 (vir)     1         196.226           4.053          -0.334         -12.930          212.874
  153 (vir)     1         204.980           2.454          -0.587         -14.091          220.937
 
