 
  kpoint:       1             coordinate:     0.0000    0.0000    0.0000                  spin:  1
 
    n           k   ϵ_nk^DFT (eV)     Σ^c_nk (eV)     Σ^x_nk (eV)    v_nk^xc (eV)   ϵ_nk^G0W0 (eV)
 
    1 (occ)     1         -80.790           8.609         -58.666         -35.040          -95.807
    2 (occ)     1         -47.480           4.761         -51.142         -36.042          -57.819
    3 (occ)     1         -47.480           4.762         -51.141         -36.042          -57.816
    4 (occ)     1         -47.466           5.157         -51.112         -36.008          -57.413
    5 (occ)     1         -19.631           8.995         -31.326         -19.958          -22.004
    6 (occ)     1          -6.141           1.381         -17.907         -14.670           -7.997
    7 (occ)     1          -4.822           3.824         -22.743         -17.074           -6.667
    8 (occ)     1          -4.822           3.822         -22.739         -17.074           -6.665
    9 (vir)     1          -4.322          -0.507          -6.333          -9.592           -1.570
   10 (vir)     1          -1.063          -0.904          -2.351          -5.288            0.970
   11 (vir)     1          -1.063          -0.904          -2.351          -5.288            0.970
   12 (vir)     1           0.234          -0.566          -1.299          -4.368            2.738
   13 (vir)     1           3.846          -1.302          -0.756          -4.503            6.291
   14 (vir)     1           3.904          -1.297          -0.757          -4.445            6.295
   15 (vir)     1           4.106          -0.706          -1.359          -4.895            6.935
   16 (vir)     1           4.165          -0.194          -1.515          -4.964            7.420
   17 (vir)     1           4.165          -0.193          -1.515          -4.964            7.422
   18 (vir)     1           5.877          -1.348          -3.029          -7.589            9.089
   19 (vir)     1           5.877          -1.347          -3.030          -7.589            9.089
   20 (vir)     1           6.304          -1.198          -2.008          -6.051            9.149
   21 (vir)     1          13.417          -0.762          -4.723         -10.970           18.902
   22 (vir)     1          21.632          -2.866          -4.522         -12.307           26.551
   23 (vir)     1          21.632          -2.864          -4.523         -12.307           26.552
   24 (vir)     1          22.605          -0.541          -3.685         -11.154           29.533
   25 (vir)     1          35.556          -0.638          -5.226         -13.097           42.790
   26 (vir)     1          39.447          -6.956          -5.633         -14.275           41.132
   27 (vir)     1          39.448          -6.973          -5.635         -14.273           41.112
   28 (vir)     1          42.706          -3.927          -5.197         -14.453           48.035
   29 (vir)     1          42.706          -3.761          -5.198         -14.453           48.200
   30 (vir)     1          44.098          -0.004          -5.441         -14.919           53.572
   31 (vir)     1          54.664           4.197          -5.005         -15.579           69.435
   32 (vir)     1         122.558           1.206          -3.276         -17.934          138.422
   33 (vir)     1         122.558           1.127          -3.280         -17.934          138.339
   34 (vir)     1         123.854           2.539          -3.048         -17.766          141.111
   35 (vir)     1         171.976           1.887          -4.629         -21.215          190.449
   36 (vir)     1         177.482           2.036          -5.171         -23.244          197.591
   37 (vir)     1         177.482           2.166          -5.181         -23.244          197.710
   38 (vir)     1         178.093           2.388          -5.528         -23.571          198.524
   39 (vir)     1         178.096           2.385          -5.530         -23.568          198.518
   40 (vir)     1         201.532           0.603          -2.934         -17.691          216.891
   41 (vir)     1         228.612           1.467          -3.492         -20.653          247.241
   42 (vir)     1         228.612           1.472          -3.493         -20.653          247.245
   43 (vir)     1         231.597           0.581          -3.422         -20.789          249.545
   44 (vir)     1         231.598           0.581          -3.422         -20.788          249.545
   45 (vir)     1         234.040           3.477          -3.357         -20.841          255.001
   46 (vir)     1         234.040           3.493          -3.356         -20.841          255.018
   47 (vir)     1         235.073           0.104          -3.355         -20.902          252.724
 
