 
  kpoint:       1             coordinate:     0.0000    0.0000    0.0000                  spin:  1
 
    n           k   ϵ_nk^DFT (eV)     Σ^c_nk (eV)     Σ^x_nk (eV)    v_nk^xc (eV)   ϵ_nk^G0W0 (eV)
 
    1 (occ)     1         -19.259           5.780         -24.178         -14.922          -22.735
    2 (occ)     1         -16.698           4.640         -23.301         -14.906          -20.453
    3 (occ)     1         -14.252           3.510         -22.108         -14.687          -18.164
    4 (occ)     1         -11.106           1.910         -19.403         -13.674          -14.924
    5 (occ)     1         -10.555           1.753         -19.415         -13.962          -14.254
    6 (occ)     1          -9.642           1.507         -19.482         -14.356          -13.260
    7 (occ)     1          -9.147           1.340         -19.243         -14.088          -12.963
    8 (occ)     1          -8.054           1.096         -18.997         -14.338          -11.617
    9 (occ)     1          -7.983           1.113         -19.299         -14.777          -11.391
   10 (occ)     1          -7.747           1.008         -18.821         -14.042          -11.519
   11 (vir)     1          -0.312          -0.675          -1.207          -3.495            1.300
   12 (vir)     1           0.270          -0.545          -0.888          -2.842            1.678
   13 (vir)     1           0.317          -0.542          -0.799          -2.728            1.704
   14 (vir)     1           0.421          -0.535          -0.848          -2.757            1.796
   15 (vir)     1           1.028          -0.531          -0.834          -2.745            2.408
   16 (vir)     1           1.292          -0.410          -0.540          -2.103            2.445
   17 (vir)     1           1.355          -0.403          -0.438          -2.019            2.533
   18 (vir)     1           1.379          -0.442          -0.687          -2.342            2.593
   19 (vir)     1           1.401          -0.345          -0.396          -1.790            2.450
   20 (vir)     1           2.239          -0.524          -0.799          -2.674            3.590
   21 (vir)     1           2.243          -0.444          -0.640          -2.273            3.431
   22 (vir)     1           2.581          -0.377          -0.405          -1.973            3.773
   23 (vir)     1           2.859          -0.638          -1.024          -3.332            4.528
   24 (vir)     1           3.061          -0.310          -0.273          -1.718            4.196
   25 (vir)     1           3.211          -0.682          -1.178          -3.244            4.595
   26 (vir)     1           3.774          -1.005          -2.024          -5.040            5.787
   27 (vir)     1           3.952          -1.267          -2.712          -6.282            6.255
   28 (vir)     1           4.191          -0.719          -1.141          -3.529            5.860
   29 (vir)     1           4.329          -0.896          -1.497          -4.092            6.027
   30 (vir)     1           4.523          -1.482          -3.197          -6.988            6.832
   31 (vir)     1           4.629          -1.172          -2.132          -5.434            6.760
   32 (vir)     1           4.733          -1.551          -3.222          -7.298            7.258
   33 (vir)     1           4.756          -0.528          -0.413          -2.365            6.180
   34 (vir)     1           4.774          -1.123          -2.378          -5.631            6.905
   35 (vir)     1           4.971          -0.809          -1.294          -3.813            6.681
   36 (vir)     1           5.663          -1.783          -3.443          -8.013            8.449
   37 (vir)     1           5.824          -0.874          -1.175          -3.833            7.609
   38 (vir)     1           5.955          -1.065          -1.500          -4.641            8.031
   39 (vir)     1           6.219          -1.012          -1.379          -4.402            8.231
   40 (vir)     1           6.297          -0.988          -1.254          -4.219            8.274
   41 (vir)     1           6.569          -0.773          -0.914          -3.485            8.367
   42 (vir)     1           6.932          -1.124          -1.462          -4.774            9.120
   43 (vir)     1           6.981          -0.616          -0.475          -2.859            8.750
   44 (vir)     1           7.656          -1.239          -2.001          -5.510            9.926
   45 (vir)     1           7.970          -1.188          -1.865          -5.307           10.225
   46 (vir)     1           8.431          -1.325          -2.037          -5.743           10.812
   47 (vir)     1           8.787          -0.817          -0.610          -3.437           10.797
   48 (vir)     1           9.288          -1.410          -2.158          -6.019           11.739
   49 (vir)     1           9.342          -0.782          -0.468          -3.322           11.414
   50 (vir)     1          10.506          -0.862          -0.389          -3.348           12.602
   51 (vir)     1          11.163          -1.658          -1.549          -5.576           13.533
   52 (vir)     1          11.419          -1.301          -1.795          -5.681           14.003
   53 (vir)     1          11.842          -1.269          -0.915          -4.574           14.231
   54 (vir)     1          12.223          -3.033          -3.080          -8.868           14.978
   55 (vir)     1          12.362          -3.072          -3.067          -8.988           15.210
   56 (vir)     1          12.567          -1.472          -1.302          -5.307           15.099
   57 (vir)     1          12.577          -1.866          -2.241          -6.666           15.136
   58 (vir)     1          13.022          -1.416          -1.009          -4.753           15.350
   59 (vir)     1          13.151          -2.022          -2.152          -6.898           15.876
   60 (vir)     1          13.607          -1.679          -1.706          -5.965           16.187
   61 (vir)     1          13.744          -2.563          -2.848          -8.301           16.633
   62 (vir)     1          13.901          -3.002          -3.020          -9.051           16.930
   63 (vir)     1          14.286          -3.195          -3.198          -9.439           17.333
   64 (vir)     1          14.941          -1.853          -1.193          -5.619           17.515
   65 (vir)     1          15.971          -2.517          -2.075          -7.491           18.870
   66 (vir)     1          16.369          -3.110          -2.859          -8.869           19.269
   67 (vir)     1          16.415          -1.481          -0.943          -4.952           18.944
   68 (vir)     1          17.438          -1.562          -1.628          -5.891           20.139
   69 (vir)     1          17.616          -2.279          -1.658          -6.616           20.295
   70 (vir)     1          18.407          -1.828          -1.289          -5.773           21.064
   71 (vir)     1          18.512          -2.421          -1.204          -6.331           21.218
   72 (vir)     1          18.942          -2.433          -1.461          -6.527           21.575
   73 (vir)     1          20.025          -2.578          -1.483          -6.786           22.751
   74 (vir)     1          20.369          -2.912          -1.894          -7.692           23.255
   75 (vir)     1          21.913          -2.735          -1.761          -7.228           24.645
   76 (vir)     1          22.002          -2.818          -1.643          -7.093           24.633
   77 (vir)     1          22.228          -3.181          -1.829          -7.824           25.042
   78 (vir)     1          22.283          -2.406          -1.351          -6.425           24.951
   79 (vir)     1          22.966          -2.732          -1.418          -6.893           25.709
   80 (vir)     1          23.734          -2.824          -1.282          -6.652           26.280
   81 (vir)     1          24.380          -3.117          -2.371          -8.337           27.229
   82 (vir)     1          24.682          -2.879          -1.948          -7.584           27.438
   83 (vir)     1          25.866          -3.115          -1.385          -6.817           28.184
   84 (vir)     1          26.033          -3.334          -1.442          -7.269           28.526
   85 (vir)     1          26.092          -2.964          -1.704          -7.328           28.752
   86 (vir)     1          28.906          -3.312          -1.764          -7.566           31.396
   87 (vir)     1          28.934          -3.954          -2.199          -8.670           31.451
   88 (vir)     1          28.975          -3.568          -2.206          -8.470           31.671
   89 (vir)     1          31.658          -3.587          -0.948          -6.565           33.688
   90 (vir)     1          31.829          -4.432          -1.886          -7.998           33.509
   91 (vir)     1          33.127          -4.215          -1.877          -8.286           35.322
   92 (vir)     1          34.338          -4.873          -2.472          -9.381           36.374
   93 (vir)     1          34.751          -5.436          -2.829         -10.285           36.770
   94 (vir)     1          35.548          -4.777          -1.698          -8.240           37.313
   95 (vir)     1          35.769          -5.374          -1.604          -8.075           36.866
   96 (vir)     1          36.235          -5.127          -2.140          -9.311           38.278
   97 (vir)     1          36.899          -5.184          -2.265          -9.438           38.887
   98 (vir)     1          38.473          -6.010          -2.272         -10.040           40.231
   99 (vir)     1          39.433          -6.655          -1.825          -9.152           40.105
  100 (vir)     1          41.525          -7.550          -2.472         -10.693           42.195
  101 (vir)     1          42.288          -7.175          -1.534          -9.018           42.597
  102 (vir)     1          42.402          -8.575          -2.379         -11.316           42.764
  103 (vir)     1          44.529          -9.509          -2.835         -12.282           44.467
  104 (vir)     1          45.578          -9.275          -2.718         -11.321           44.906
  105 (vir)     1          47.102          -9.156          -2.268         -10.503           46.181
  106 (vir)     1          48.014         -11.410          -3.091         -12.548           46.060
  107 (vir)     1          49.424         -11.168          -2.689         -11.730           47.297
  108 (vir)     1          50.335         -10.578          -2.137         -10.572           48.192
  109 (vir)     1          50.584         -12.210          -2.625         -12.027           47.776
  110 (vir)     1          53.455          -7.079          -2.522         -12.164           56.017
  111 (vir)     1          53.995          -6.194          -2.649         -12.183           57.335
  112 (vir)     1          54.486          -9.431          -2.519         -12.198           54.734
  113 (vir)     1          55.728          -9.414          -2.530         -12.492           56.276
  114 (vir)     1          56.450           4.939          -2.751         -12.964           71.603
  115 (vir)     1          57.701          -3.118          -2.406         -12.769           64.947
  116 (vir)     1          58.337           4.519          -2.250         -12.066           72.672
  117 (vir)     1          58.401           3.844          -1.997         -11.113           71.361
  118 (vir)     1          59.801           4.375          -2.508         -12.404           74.073
  119 (vir)     1          63.092           0.466          -2.262         -13.332           74.628
  120 (vir)     1          63.689           3.638          -2.536         -12.752           77.543
  121 (vir)     1          64.656           4.057          -2.523         -13.261           79.451
  122 (vir)     1          64.658           4.236          -2.526         -13.286           79.654
  123 (vir)     1          64.724           3.920          -2.525         -13.148           79.267
  124 (vir)     1          65.572           4.524          -2.454         -13.138           80.780
  125 (vir)     1          67.379           4.056          -2.700         -13.683           82.418
  126 (vir)     1          69.155           3.684          -2.246         -12.865           83.457
  127 (vir)     1          69.334           3.680          -2.031         -12.642           83.625
  128 (vir)     1          69.563           3.321          -2.415         -13.314           83.782
  129 (vir)     1          71.163           3.971          -2.331         -13.549           86.352
  130 (vir)     1          71.978           4.258          -2.124         -13.535           87.647
  131 (vir)     1          73.823           3.817          -2.075         -13.346           88.910
  132 (vir)     1          74.055           3.546          -2.214         -13.307           88.694
  133 (vir)     1          75.368           3.145          -2.136         -13.371           89.749
  134 (vir)     1          75.567           3.761          -1.997         -13.442           90.773
  135 (vir)     1          76.112           3.382          -1.959         -12.659           90.194
  136 (vir)     1          77.730           3.328          -2.319         -13.703           92.442
  137 (vir)     1          79.252           3.669          -2.133         -13.895           94.683
  138 (vir)     1          79.594           3.580          -2.478         -14.635           95.330
  139 (vir)     1          82.123           2.906          -2.177         -13.676           96.529
  140 (vir)     1          83.216           3.281          -2.110         -13.738           98.124
  141 (vir)     1          87.372           2.913          -2.362         -14.041          101.964
  142 (vir)     1          97.215           2.549          -2.305         -14.680          112.138
  143 (vir)     1          99.689           2.369          -2.186         -14.930          114.802
  144 (vir)     1         102.492           2.222          -2.104         -14.941          117.551
  145 (vir)     1         105.302           2.222          -1.954         -14.273          119.842
  146 (vir)     1         112.741           1.890          -1.911         -14.340          127.060
  147 (vir)     1         114.437           2.019          -1.906         -14.564          129.114
  148 (vir)     1         114.816           2.149          -1.857         -14.324          129.431
  149 (vir)     1         156.434           2.585          -1.673         -15.721          173.067
  150 (vir)     1         162.479           2.495          -1.647         -15.881          179.208
  151 (vir)     1         162.971           2.510          -1.645         -15.896          179.731
  152 (vir)     1         163.223           2.462          -1.643         -15.900          179.942
  153 (vir)     1         163.579           2.597          -1.654         -15.953          180.475
  154 (vir)     1         163.691           2.533          -1.641         -15.889          180.472
  155 (vir)     1         164.917           2.624          -1.699         -16.243          182.085
  156 (vir)     1         165.733           2.667          -1.658         -16.066          182.807
  157 (vir)     1         206.156           7.501          -0.656         -12.515          225.515
  158 (vir)     1         239.184           0.646          -0.546         -13.385          252.669
  159 (vir)     1         240.986           2.862          -0.530         -13.486          256.804
 
