 
  kpoint:       1             coordinate:     0.0000    0.0000    0.0000                  spin:  1
 
    n           k   ϵ_nk^DFT (eV)     Σ^c_nk (eV)     Σ^x_nk (eV)    v_nk^xc (eV)   ϵ_nk^G0W0 (eV)
 
    1 (occ)     1         -16.152           4.614         -18.865         -12.118          -18.285
    2 (occ)     1          -8.935           0.776         -15.670         -11.458          -12.372
    3 (occ)     1          -8.935           0.777         -15.672         -11.458          -12.372
    4 (occ)     1          -6.732           0.281         -13.879         -10.467           -9.863
    5 (vir)     1          -0.616          -0.711          -1.373          -4.019            1.319
    6 (vir)     1          -0.135          -1.253          -3.935          -8.136            2.813
    7 (vir)     1          -0.135          -1.256          -3.934          -8.136            2.811
    8 (vir)     1           1.538          -0.333          -0.515          -2.018            2.708
    9 (vir)     1           1.538          -0.333          -0.516          -2.018            2.707
   10 (vir)     1           1.970          -0.563          -1.124          -3.459            3.742
   11 (vir)     1           2.490          -0.864          -1.373          -4.491            4.744
   12 (vir)     1           2.490          -0.876          -1.378          -4.491            4.728
   13 (vir)     1           3.272          -0.849          -1.359          -4.162            5.226
   14 (vir)     1           3.478          -0.903          -1.608          -4.605            5.571
   15 (vir)     1           5.566          -0.894          -0.827          -3.505            7.350
   16 (vir)     1           5.566          -0.885          -0.825          -3.505            7.360
   17 (vir)     1           6.745          -0.725          -1.019          -3.812            8.813
   18 (vir)     1           6.746          -0.721          -1.012          -3.812            8.825
   19 (vir)     1           7.663          -1.459          -1.725          -5.736           10.215
   20 (vir)     1           7.795          -1.295          -1.335          -5.093           10.259
   21 (vir)     1           7.796          -1.296          -1.337          -5.093           10.256
   22 (vir)     1           8.476          -1.503          -0.943          -4.995           11.025
   23 (vir)     1           9.763          -2.348          -1.786          -6.462           12.091
   24 (vir)     1          10.083          -1.943          -1.756          -6.289           12.673
   25 (vir)     1          10.083          -1.951          -1.752          -6.289           12.669
   26 (vir)     1          11.280          -1.850          -0.891          -5.478           14.018
   27 (vir)     1          11.652          -2.686          -1.344          -6.346           13.969
   28 (vir)     1          11.652          -2.670          -1.339          -6.347           13.989
   29 (vir)     1          11.698          -1.877          -1.789          -6.655           14.687
   30 (vir)     1          13.901          -2.682          -2.496          -8.259           16.982
   31 (vir)     1          14.188          -2.616          -1.510          -6.419           16.480
   32 (vir)     1          14.188          -2.587          -1.505          -6.419           16.514
   33 (vir)     1          15.444          -1.950          -0.757          -4.996           17.733
   34 (vir)     1          15.444          -1.965          -0.755          -4.996           17.720
   35 (vir)     1          15.661          -2.517          -1.809          -7.031           18.367
   36 (vir)     1          15.661          -2.496          -1.810          -7.031           18.387
   37 (vir)     1          16.536          -1.800          -0.696          -5.275           19.316
   38 (vir)     1          21.890          -1.270          -1.816          -8.323           27.127
   39 (vir)     1          28.280           0.444          -2.274         -10.187           36.638
   40 (vir)     1          28.281           0.424          -2.260         -10.187           36.632
   41 (vir)     1          42.578           2.298          -1.784          -9.938           53.030
   42 (vir)     1          45.710           2.711          -1.876         -10.295           56.840
   43 (vir)     1          45.711           2.396          -1.878         -10.295           56.523
   44 (vir)     1          48.773           2.274          -1.841         -10.604           59.810
   45 (vir)     1          48.833           2.486          -2.137         -11.035           60.217
   46 (vir)     1          49.981           2.124          -1.656         -10.439           60.888
   47 (vir)     1          49.983           2.282          -1.656         -10.439           61.047
   48 (vir)     1          58.675           1.746          -1.963         -11.159           69.616
   49 (vir)     1          58.676           1.937          -1.965         -11.159           69.806
   50 (vir)     1          78.579           4.614          -0.978          -9.439           91.654
   51 (vir)     1          80.385           4.396          -0.953          -9.366           93.195
   52 (vir)     1          80.385          -8.742          -0.981          -9.366           80.027
   53 (vir)     1         102.483           5.222          -0.672          -7.588          114.621
   54 (vir)     1         140.898           1.955          -1.764         -15.718          156.807
   55 (vir)     1         140.898           1.922          -1.760         -15.718          156.778
   56 (vir)     1         140.910           2.007          -1.726         -15.705          156.895
 
