 
  kpoint:       1             coordinate:     0.0000    0.0000    0.0000                  spin:  1
 
    n           k   ϵ_nk^DFT (eV)     Σ^c_nk (eV)     Σ^x_nk (eV)    v_nk^xc (eV)   ϵ_nk^G0W0 (eV)
 
    1 (occ)     1         -21.041           6.349         -25.057         -15.684          -24.065
    2 (occ)     1         -14.600           3.783         -22.179         -14.620          -18.377
    3 (occ)     1         -14.591           3.781         -22.176         -14.619          -18.367
    4 (occ)     1         -12.033           2.194         -19.837         -13.922          -15.753
    5 (occ)     1         -11.390           1.788         -20.121         -14.730          -14.993
    6 (occ)     1          -8.685           1.236         -19.248         -14.198          -12.499
    7 (occ)     1          -8.673           1.234         -19.244         -14.201          -12.483
    8 (occ)     1          -7.048           0.893         -18.332         -14.311          -10.176
    9 (occ)     1          -7.045           0.892         -18.329         -14.308          -10.174
   10 (vir)     1          -0.143          -0.647          -1.088          -3.305            1.428
   11 (vir)     1           0.216          -0.655          -1.184          -3.446            1.824
   12 (vir)     1           0.270          -0.541          -0.826          -2.742            1.646
   13 (vir)     1           0.273          -0.541          -0.824          -2.741            1.648
   14 (vir)     1           1.230          -0.432          -0.509          -2.178            2.468
   15 (vir)     1           1.497          -0.337          -0.459          -1.826            2.527
   16 (vir)     1           1.498          -0.337          -0.458          -1.824            2.527
   17 (vir)     1           1.558          -0.317          -0.389          -1.693            2.545
   18 (vir)     1           1.559          -0.316          -0.389          -1.692            2.546
   19 (vir)     1           2.102          -1.178          -3.413          -6.856            4.367
   20 (vir)     1           3.145          -0.489          -0.714          -2.485            4.426
   21 (vir)     1           3.150          -0.508          -0.779          -2.589            4.452
   22 (vir)     1           3.195          -1.070          -2.591          -5.686            5.219
   23 (vir)     1           3.303          -0.805          -1.572          -3.975            4.901
   24 (vir)     1           3.401          -1.110          -3.015          -5.972            5.248
   25 (vir)     1           3.605          -0.369          -0.294          -1.984            4.926
   26 (vir)     1           3.613          -0.368          -0.291          -1.979            4.933
   27 (vir)     1           4.158          -0.487          -0.539          -2.441            5.572
   28 (vir)     1           4.274          -1.000          -1.977          -4.824            6.121
   29 (vir)     1           4.287          -0.955          -1.851          -4.625            6.106
   30 (vir)     1           4.572          -0.267          -0.179          -1.496            5.621
   31 (vir)     1           5.068          -0.801          -1.114          -3.651            6.804
   32 (vir)     1           5.612          -1.368          -2.167          -5.797            7.874
   33 (vir)     1           5.617          -1.385          -2.229          -5.900            7.904
   34 (vir)     1           5.636          -1.530          -2.738          -6.757            8.125
   35 (vir)     1           5.640          -1.500          -2.646          -6.596            8.089
   36 (vir)     1           6.824          -1.084          -1.400          -4.557            8.898
   37 (vir)     1           6.826          -1.084          -1.399          -4.557            8.900
   38 (vir)     1           7.077          -1.272          -2.203          -5.925            9.528
   39 (vir)     1           7.210          -1.062          -1.721          -5.074            9.501
   40 (vir)     1           7.228          -1.090          -1.779          -5.186            9.545
   41 (vir)     1           7.603          -1.231          -2.195          -5.660            9.836
   42 (vir)     1           8.115          -0.646          -0.276          -2.735            9.928
   43 (vir)     1           9.800          -1.930          -1.826          -6.113           12.156
   44 (vir)     1          10.029          -0.852          -0.438          -3.322           12.062
   45 (vir)     1          10.038          -0.841          -0.408          -3.260           12.048
   46 (vir)     1          10.507          -2.383          -2.933          -7.892           13.083
   47 (vir)     1          10.537          -2.411          -2.967          -7.966           13.125
   48 (vir)     1          11.862          -1.628          -1.940          -6.086           14.379
   49 (vir)     1          11.991          -1.868          -1.761          -6.051           14.413
   50 (vir)     1          12.022          -1.901          -1.808          -6.145           14.458
   51 (vir)     1          12.904          -1.584          -1.552          -5.456           15.224
   52 (vir)     1          12.904          -1.590          -1.567          -5.479           15.227
   53 (vir)     1          14.183          -2.954          -3.288          -9.169           17.110
   54 (vir)     1          14.721          -3.000          -3.071          -9.073           17.723
   55 (vir)     1          14.728          -3.005          -3.070          -9.075           17.727
   56 (vir)     1          15.630          -2.744          -2.283          -7.859           18.461
   57 (vir)     1          15.663          -2.733          -2.261          -7.825           18.494
   58 (vir)     1          15.939          -1.694          -1.481          -5.808           18.572
   59 (vir)     1          16.101          -2.435          -1.777          -6.988           18.877
   60 (vir)     1          17.016          -2.238          -1.382          -6.290           19.686
   61 (vir)     1          17.489          -2.440          -1.722          -7.032           20.359
   62 (vir)     1          17.510          -2.485          -1.767          -7.130           20.387
   63 (vir)     1          18.824          -2.407          -2.528          -7.903           21.792
   64 (vir)     1          19.541          -1.895          -0.846          -5.179           21.980
   65 (vir)     1          19.620          -1.928          -0.875          -5.259           22.075
   66 (vir)     1          20.095          -2.036          -1.041          -5.452           22.470
   67 (vir)     1          20.133          -2.020          -1.025          -5.420           22.509
   68 (vir)     1          20.688          -1.576          -0.808          -4.899           23.203
   69 (vir)     1          21.648          -2.891          -1.839          -7.575           24.493
   70 (vir)     1          21.659          -2.879          -1.825          -7.539           24.493
   71 (vir)     1          23.203          -3.339          -1.304          -6.944           25.504
   72 (vir)     1          23.963          -3.091          -2.118          -8.125           26.879
   73 (vir)     1          23.969          -3.093          -2.117          -8.126           26.885
   74 (vir)     1          25.739          -2.684          -1.042          -6.112           28.124
   75 (vir)     1          25.745          -2.659          -1.034          -6.091           28.143
   76 (vir)     1          26.862          -4.727          -2.687         -10.150           29.598
   77 (vir)     1          27.752          -4.378          -3.101          -9.971           30.244
   78 (vir)     1          28.379          -3.976          -1.533          -7.921           30.791
   79 (vir)     1          28.644          -3.878          -2.469          -8.798           31.095
   80 (vir)     1          28.675          -3.872          -2.398          -8.711           31.116
   81 (vir)     1          33.396          -4.920          -2.263          -9.143           35.356
   82 (vir)     1          33.413          -4.934          -2.260          -9.142           35.361
   83 (vir)     1          36.242          -5.293          -1.225          -7.372           37.096
   84 (vir)     1          36.319          -5.695          -1.515          -8.027           37.135
   85 (vir)     1          36.584          -4.968          -1.348          -7.481           37.749
   86 (vir)     1          36.623          -5.431          -1.693          -8.277           37.776
   87 (vir)     1          37.773          -6.030          -2.130          -9.364           38.978
   88 (vir)     1          39.857          -5.489          -1.458          -8.053           40.962
   89 (vir)     1          39.933          -5.418          -1.435          -7.995           41.075
   90 (vir)     1          41.549          -4.891          -2.061          -8.742           43.338
   91 (vir)     1          42.693          -8.072          -2.377         -10.286           42.530
   92 (vir)     1          42.832          -8.089          -2.352         -10.217           42.608
   93 (vir)     1          43.653         -10.282          -3.180         -12.960           43.151
   94 (vir)     1          43.687         -10.339          -3.207         -13.034           43.175
   95 (vir)     1          44.687          -2.263          -0.629          -6.589           48.385
   96 (vir)     1          45.504         -12.225          -3.307         -12.279           42.252
   97 (vir)     1          46.258         -10.812          -2.866         -11.701           44.280
   98 (vir)     1          50.108         -10.246          -3.060         -12.642           49.444
   99 (vir)     1          50.416          -6.276          -3.140         -12.794           53.794
  100 (vir)     1          51.836         -12.685          -2.522         -11.937           48.566
  101 (vir)     1          56.399          -5.256          -2.774         -12.725           61.094
  102 (vir)     1          56.451          -4.151          -2.767         -12.702           62.235
  103 (vir)     1          58.772          -2.834          -2.777         -13.993           67.155
  104 (vir)     1          59.035           5.181          -2.741         -13.428           74.902
  105 (vir)     1          61.374           3.200          -2.777         -13.217           75.014
  106 (vir)     1          61.438           3.207          -2.778         -13.224           75.092
  107 (vir)     1          62.247           1.677          -1.103          -8.847           71.668
  108 (vir)     1          65.883           1.858          -2.414         -12.929           78.258
  109 (vir)     1          65.997           3.822          -2.420         -13.032           80.431
  110 (vir)     1          66.609           2.862          -2.463         -13.254           80.262
  111 (vir)     1          66.976          -2.128          -2.443         -12.986           75.391
  112 (vir)     1          67.078           3.737          -2.494         -13.098           81.418
  113 (vir)     1          67.334           4.434          -2.528         -13.220           82.461
  114 (vir)     1          68.533           4.795          -2.557         -14.038           84.809
  115 (vir)     1          68.582           4.778          -2.549         -14.035           84.845
  116 (vir)     1          70.595           4.634          -2.142         -13.235           86.322
  117 (vir)     1          70.605           4.628          -2.147         -13.253           86.339
  118 (vir)     1          74.393           3.474          -2.503         -13.706           89.071
  119 (vir)     1          74.456           3.478          -2.510         -13.721           89.145
  120 (vir)     1          78.415           3.396          -2.291         -13.878           93.398
  121 (vir)     1          78.703           3.394          -2.303         -13.937           93.731
  122 (vir)     1          82.079           2.758          -1.955         -12.886           95.769
  123 (vir)     1          82.966           2.950          -2.050         -13.270           97.137
  124 (vir)     1          83.303           2.933          -2.081         -13.370           97.525
  125 (vir)     1          84.754           1.973          -2.198         -13.634           98.163
  126 (vir)     1          85.197           3.052          -2.656         -14.732          100.326
  127 (vir)     1          86.102           3.187          -2.652         -14.811          101.448
  128 (vir)     1          90.464           2.667          -2.472         -15.298          105.957
  129 (vir)     1         105.316           2.045          -2.323         -15.144          120.182
  130 (vir)     1         105.599           2.042          -2.321         -15.157          120.477
  131 (vir)     1         117.947           1.956          -2.017         -14.803          132.690
  132 (vir)     1         117.987           1.959          -2.014         -14.800          132.731
  133 (vir)     1         155.210           2.373          -1.778         -16.049          171.854
  134 (vir)     1         160.479           2.372          -1.743         -16.000          177.108
  135 (vir)     1         164.760           2.497          -1.684         -16.031          181.605
  136 (vir)     1         164.831           2.500          -1.689         -16.050          181.692
  137 (vir)     1         165.695           2.374          -1.616         -15.783          182.236
  138 (vir)     1         165.757           2.375          -1.622         -15.801          182.311
  139 (vir)     1         199.210           5.096          -0.956         -12.295          215.645
  140 (vir)     1         240.757           0.155          -0.903         -13.522          253.530
  141 (vir)     1         240.790           2.366          -0.903         -13.512          255.765
 
