 
  kpoint:       1             coordinate:     0.0000    0.0000    0.0000                  spin:  1
 
    n           k   ϵ_nk^DFT (eV)     Σ^c_nk (eV)     Σ^x_nk (eV)    v_nk^xc (eV)   ϵ_nk^G0W0 (eV)
 
    1 (occ)     1         -34.452          11.205         -33.860         -21.023          -36.084
    2 (occ)     1         -27.541           9.854         -32.232         -21.163          -28.756
    3 (occ)     1         -19.283           6.652         -30.599         -20.506          -22.724
    4 (occ)     1         -14.842           3.697         -25.054         -18.948          -17.251
    5 (occ)     1         -14.601           3.124         -27.188         -20.416          -18.249
    6 (occ)     1         -14.370           4.294         -27.254         -19.752          -17.579
    7 (occ)     1          -9.055          -0.009         -22.863         -19.188          -12.739
    8 (occ)     1          -8.007           3.064         -26.776         -20.129          -11.590
    9 (occ)     1          -7.821           2.725         -26.428         -20.043          -11.482
   10 (vir)     1          -6.022          -0.562         -15.070         -20.208           -1.446
   11 (vir)     1           0.279          -3.343         -11.910         -19.925            4.951
   12 (vir)     1           2.497          -3.617         -11.216         -19.313            6.977
   13 (vir)     1           9.294          -2.607          -4.256         -10.613           13.044
   14 (vir)     1           9.310          -2.067          -3.634          -9.563           13.172
   15 (vir)     1          11.693          -3.264          -4.209         -11.576           15.796
   16 (vir)     1          13.603          -2.246          -5.306         -12.380           18.431
   17 (vir)     1          14.865          -2.390          -4.367         -11.282           19.391
   18 (vir)     1          15.764          -1.126          -3.810         -11.340           22.168
   19 (vir)     1          15.856          -2.373          -3.747         -10.315           20.051
   20 (vir)     1          17.471          -3.399          -3.238         -10.502           21.336
   21 (vir)     1          19.360          -2.556          -3.815         -10.742           23.731
   22 (vir)     1          19.668          -2.663          -4.435         -11.341           23.912
   23 (vir)     1          26.870          -4.674          -5.558         -13.854           30.492
   24 (vir)     1          27.212          -2.189          -5.966         -14.082           33.139
   25 (vir)     1          28.483           0.411          -6.164         -14.812           37.542
   26 (vir)     1          34.099           1.987          -5.961         -15.090           45.214
   27 (vir)     1          34.383           2.210          -5.234         -14.049           45.408
   28 (vir)     1          38.055           1.441          -5.464         -14.558           48.589
   29 (vir)     1          38.665           2.836          -5.367         -14.678           50.812
   30 (vir)     1          41.867           3.674          -4.853         -14.604           55.291
   31 (vir)     1          43.945           3.607          -4.757         -14.801           57.596
   32 (vir)     1          48.521           1.898          -5.123         -15.158           60.453
   33 (vir)     1          51.710           1.598          -3.735         -13.188           62.760
   34 (vir)     1          52.740           2.759          -4.222         -14.292           65.570
   35 (vir)     1          56.405           1.532          -5.729         -17.485           69.693
   36 (vir)     1          58.093           3.382          -4.307         -15.092           72.259
   37 (vir)     1          61.298           2.238          -6.096         -18.549           75.989
   38 (vir)     1          62.325           2.327          -4.292         -15.574           75.934
   39 (vir)     1          68.155           2.140          -4.793         -16.307           81.809
   40 (vir)     1          75.258           1.400          -3.659         -14.648           87.647
   41 (vir)     1          93.685         -10.891          -1.626         -12.783           93.951
   42 (vir)     1         100.338           3.227          -2.510         -15.133          116.188
   43 (vir)     1         106.083           3.978          -2.908         -16.991          124.145
   44 (vir)     1         116.925           2.592          -2.336         -16.608          133.788
   45 (vir)     1         118.383           3.409          -2.910         -18.088          136.969
   46 (vir)     1         118.599           2.897          -2.852         -17.465          136.109
   47 (vir)     1         125.362           2.729          -2.850         -18.988          144.230
   48 (vir)     1         125.511           2.316          -3.368         -18.907          143.365
   49 (vir)     1         125.581           2.542          -3.294         -18.980          143.809
   50 (vir)     1         168.595           1.148          -4.911         -22.967          187.798
   51 (vir)     1         168.856           0.947          -4.967         -22.809          187.645
   52 (vir)     1         171.393           1.081          -4.857         -23.054          190.670
   53 (vir)     1         172.666           0.898          -4.981         -23.233          191.815
   54 (vir)     1         173.911           0.999          -4.879         -23.018          193.049
   55 (vir)     1         174.146           1.421          -4.892         -23.175          193.849
   56 (vir)     1         174.608           1.115          -4.702         -23.084          194.105
   57 (vir)     1         175.122           1.190          -4.607         -23.047          194.753
   58 (vir)     1         175.264           1.903          -4.192         -22.384          195.358
   59 (vir)     1         178.026           1.069          -4.341         -22.532          197.287
   60 (vir)     1         179.441           1.230          -4.454         -22.789          199.006
   61 (vir)     1         179.706           1.303          -4.639         -22.817          199.187
   62 (vir)     1         180.008           1.301          -4.734         -23.301          199.876
   63 (vir)     1         183.712           1.574          -4.615         -22.590          203.260
   64 (vir)     1         184.477           1.339          -4.135         -22.079          203.761
   65 (vir)     1         195.883           1.159          -2.906         -18.227          212.362
   66 (vir)     1         196.622          -0.550          -2.923         -18.428          211.578
   67 (vir)     1         198.935           1.207          -3.108         -18.995          216.029
   68 (vir)     1         200.019           1.581          -3.150         -18.973          217.424
   69 (vir)     1         204.038           0.824          -3.138         -19.503          221.227
   70 (vir)     1         205.863           0.891          -3.238         -19.327          222.843
   71 (vir)     1         209.403           0.856          -3.018         -19.497          226.738
   72 (vir)     1         214.555           0.756          -3.233         -20.737          232.816
   73 (vir)     1         226.049           0.179          -3.335         -20.825          243.719
   74 (vir)     1         226.177           1.391          -3.302         -20.837          245.102
   75 (vir)     1         228.151           0.678          -3.332         -20.842          246.339
   76 (vir)     1         228.773           0.580          -3.107         -20.777          247.023
   77 (vir)     1         234.739           0.952          -2.849         -20.556          253.398
   78 (vir)     1         237.538          -0.668          -3.365         -21.587          255.092
   79 (vir)     1         237.859           0.848          -2.836         -20.295          256.166
   80 (vir)     1         238.219           0.845          -3.433         -21.643          257.275
   81 (vir)     1         240.590           1.330          -3.555         -22.083          260.449
   82 (vir)     1         242.011           0.182          -3.316         -21.692          260.568
   83 (vir)     1         244.906           1.018          -3.218         -21.860          264.566
   84 (vir)     1         245.246           1.669          -3.427         -22.186          265.673
   85 (vir)     1         246.160           0.184          -3.456         -22.004          264.892
   86 (vir)     1         246.296           2.014          -2.161         -18.888          265.037
   87 (vir)     1         248.083           0.647          -3.303         -21.953          267.380
 
