 
  kpoint:       1             coordinate:     0.0000    0.0000    0.0000                  spin:  1
 
    n           k   ϵ_nk^DFT (eV)     Σ^c_nk (eV)     Σ^x_nk (eV)    v_nk^xc (eV)   ϵ_nk^G0W0 (eV)
 
    1 (occ)     1         -21.212           7.539         -25.179         -15.413          -23.440
    2 (occ)     1         -18.991           5.111         -24.293         -15.298          -22.875
    3 (occ)     1         -18.317           7.413         -24.294         -15.487          -19.710
    4 (occ)     1         -16.736           5.589         -23.435         -15.237          -19.344
    5 (occ)     1         -14.795           4.643         -22.411         -15.223          -17.341
    6 (occ)     1         -14.202           4.326         -22.217         -15.242          -16.852
    7 (occ)     1         -12.396           3.197         -20.279         -14.346          -15.131
    8 (occ)     1         -11.207           2.736         -21.102         -15.623          -13.951
    9 (occ)     1         -10.861           2.773         -20.287         -14.520          -13.855
   10 (occ)     1         -10.255           2.212         -18.629         -13.493          -13.179
   11 (occ)     1         -10.123           2.353         -20.025         -14.796          -12.998
   12 (occ)     1          -9.726           2.191         -20.099         -15.121          -12.513
   13 (occ)     1          -9.226           1.817         -19.680         -14.671          -12.418
   14 (occ)     1          -8.664           2.260         -17.361         -13.050          -10.715
   15 (occ)     1          -8.098           1.597         -19.839         -15.269          -11.070
   16 (occ)     1          -8.045           1.595         -19.995         -15.569          -10.876
   17 (occ)     1          -6.237           0.330         -15.579         -13.012           -8.474
   18 (occ)     1          -5.981           0.239         -15.792         -13.278           -8.256
   19 (vir)     1          -1.201          -2.338          -7.375         -12.259            1.345
   20 (vir)     1          -1.081          -2.358          -7.462         -12.334            1.433
   21 (vir)     1          -0.350          -0.867          -1.290          -3.625            1.117
   22 (vir)     1          -0.059          -0.772          -1.108          -3.258            1.319
   23 (vir)     1           0.076          -0.710          -0.981          -2.949            1.335
   24 (vir)     1           0.604          -0.697          -0.924          -2.809            1.792
   25 (vir)     1           0.636          -0.699          -0.894          -2.832            1.875
   26 (vir)     1           0.749          -0.626          -0.810          -2.596            1.909
   27 (vir)     1           0.910          -0.705          -0.809          -2.780            2.176
   28 (vir)     1           1.150          -0.603          -0.649          -2.356            2.254
   29 (vir)     1           1.310          -0.589          -0.619          -2.309            2.410
   30 (vir)     1           1.366          -0.773          -1.032          -3.123            2.683
   31 (vir)     1           1.611          -0.600          -0.625          -2.375            2.761
   32 (vir)     1           1.973          -0.711          -0.847          -2.841            3.256
   33 (vir)     1           2.163          -0.545          -0.552          -2.116            3.181
   34 (vir)     1           2.210          -0.627          -0.751          -2.487            3.318
   35 (vir)     1           2.446          -1.979          -2.493          -6.002            3.975
   36 (vir)     1           2.677          -1.588          -1.855          -4.769            4.003
   37 (vir)     1           2.679          -0.460          -0.333          -1.805            3.691
   38 (vir)     1           2.836          -0.604          -0.657          -2.403            3.978
   39 (vir)     1           2.851          -1.262          -1.393          -3.861            4.057
   40 (vir)     1           2.920          -1.082          -1.904          -4.400            4.334
   41 (vir)     1           3.200          -1.080          -1.753          -4.325            4.692
   42 (vir)     1           3.268          -0.844          -1.115          -3.171            4.480
   43 (vir)     1           3.645          -1.193          -1.830          -4.526            5.148
   44 (vir)     1           3.761          -0.821          -0.949          -2.934            4.925
   45 (vir)     1           3.768          -0.979          -1.422          -3.987            5.353
   46 (vir)     1           3.876          -0.843          -1.123          -3.178            5.087
   47 (vir)     1           4.012          -1.037          -1.388          -3.817            5.403
   48 (vir)     1           4.211          -1.568          -2.229          -5.560            5.975
   49 (vir)     1           4.522          -1.547          -2.428          -5.807            6.355
   50 (vir)     1           4.523          -0.952          -1.541          -3.956            5.986
   51 (vir)     1           4.644          -1.127          -1.490          -4.119            6.146
   52 (vir)     1           4.955          -0.788          -0.849          -2.944            6.261
   53 (vir)     1           4.960          -1.205          -1.446          -4.279            6.588
   54 (vir)     1           4.991          -1.853          -2.676          -6.428            6.890
   55 (vir)     1           5.516          -1.413          -2.022          -5.111            7.191
   56 (vir)     1           5.682          -1.433          -1.646          -4.882            7.485
   57 (vir)     1           5.856          -1.374          -1.683          -4.834            7.632
   58 (vir)     1           5.897          -1.333          -1.706          -4.807            7.665
   59 (vir)     1           6.027          -1.416          -1.573          -4.714            7.752
   60 (vir)     1           6.256          -1.493          -1.808          -5.204            8.159
   61 (vir)     1           6.413          -1.539          -1.859          -5.259            8.275
   62 (vir)     1           6.655          -1.665          -2.586          -6.181            8.584
   63 (vir)     1           6.705          -1.807          -2.820          -6.671            8.750
   64 (vir)     1           6.910          -1.342          -1.153          -4.208            8.623
   65 (vir)     1           7.083          -1.648          -1.798          -5.285            8.922
   66 (vir)     1           7.626          -1.350          -1.897          -5.036            9.414
   67 (vir)     1           7.866          -2.502          -3.815          -8.777           10.325
   68 (vir)     1           8.165          -2.035          -2.608          -6.823           10.344
   69 (vir)     1           8.392          -1.794          -1.297          -4.863           10.164
   70 (vir)     1           8.628          -2.284          -2.109          -6.307           10.542
   71 (vir)     1           8.884          -2.763          -3.286          -8.226           11.061
   72 (vir)     1           9.034          -2.034          -1.520          -5.399           10.880
   73 (vir)     1           9.249          -1.256          -1.101          -4.016           10.908
   74 (vir)     1           9.253          -2.373          -2.503          -6.892           11.268
   75 (vir)     1           9.468          -1.423          -0.936          -3.669           10.778
   76 (vir)     1           9.700          -2.778          -3.012          -7.938           11.848
   77 (vir)     1           9.895          -2.852          -1.347          -5.235           10.930
   78 (vir)     1          10.066          -1.412          -1.031          -4.262           11.886
   79 (vir)     1          10.334          -1.974          -1.422          -5.087           12.027
   80 (vir)     1          10.676          -1.796          -1.010          -4.480           12.350
   81 (vir)     1          10.736          -2.857          -3.123          -8.149           12.904
   82 (vir)     1          11.534          -2.656          -2.331          -6.938           13.485
   83 (vir)     1          11.692          -2.093          -1.316          -4.685           12.968
   84 (vir)     1          11.877          -1.605          -2.244          -6.954           14.983
   85 (vir)     1          12.218          -2.646          -2.383          -7.105           14.294
   86 (vir)     1          12.281          -2.592          -2.365          -7.034           14.357
   87 (vir)     1          12.702          -2.593          -2.283          -6.894           14.720
   88 (vir)     1          13.040          -1.837          -1.419          -5.185           14.969
   89 (vir)     1          13.279          -3.146          -2.929          -8.383           15.587
   90 (vir)     1          13.803          -2.521          -1.862          -6.405           15.824
   91 (vir)     1          13.972          -3.247          -2.339          -7.662           16.047
   92 (vir)     1          13.999          -2.543          -1.658          -6.070           15.868
   93 (vir)     1          14.439          -3.688          -2.509          -8.179           16.421
   94 (vir)     1          14.485          -2.136          -1.333          -6.221           17.237
   95 (vir)     1          14.607          -3.209          -2.012          -7.017           16.401
   96 (vir)     1          14.821          -4.189          -3.420          -9.943           17.155
   97 (vir)     1          14.880          -3.831          -2.342          -7.998           16.705
   98 (vir)     1          15.024          -4.295          -3.437          -9.898           17.190
   99 (vir)     1          15.107          -3.694          -2.881          -8.757           17.288
  100 (vir)     1          15.235          -4.510          -2.913          -9.322           17.134
  101 (vir)     1          15.251          -3.420          -1.571          -6.658           16.919
  102 (vir)     1          16.022          -3.987          -2.621          -8.634           18.047
  103 (vir)     1          16.126          -3.622          -1.735          -6.989           17.758
  104 (vir)     1          16.405          -3.142          -1.743          -6.930           18.449
  105 (vir)     1          16.960          -3.582          -2.641          -8.509           19.245
  106 (vir)     1          17.466          -3.116          -2.149          -7.410           19.612
  107 (vir)     1          18.048          -3.345          -2.911          -8.743           20.536
  108 (vir)     1          18.821          -4.891          -3.385         -10.664           21.208
  109 (vir)     1          18.833          -3.197          -1.771          -7.069           20.935
  110 (vir)     1          19.419          -2.406          -1.531          -6.192           21.673
  111 (vir)     1          19.537          -3.713          -1.699          -7.225           21.351
  112 (vir)     1          19.739          -4.006          -2.427          -8.604           21.910
  113 (vir)     1          19.986          -3.258          -1.567          -6.814           21.975
  114 (vir)     1          20.135          -4.001          -2.043          -8.095           22.186
  115 (vir)     1          20.454          -2.788          -1.298          -6.047           22.415
  116 (vir)     1          20.790          -3.466          -1.781          -7.253           22.795
  117 (vir)     1          21.182          -3.469          -1.424          -6.900           23.188
  118 (vir)     1          21.710          -4.136          -2.172          -8.228           23.631
  119 (vir)     1          21.878          -3.398          -1.608          -7.214           24.087
  120 (vir)     1          21.909          -3.392          -1.884          -7.390           24.023
  121 (vir)     1          22.325          -3.169          -1.410          -6.542           24.288
  122 (vir)     1          22.357          -3.015          -1.294          -6.865           24.912
  123 (vir)     1          22.616          -3.628          -1.779          -7.393           24.601
  124 (vir)     1          22.632          -3.620          -1.211          -6.729           24.530
  125 (vir)     1          23.524          -3.728          -1.607          -7.245           25.434
  126 (vir)     1          24.005          -3.214          -1.270          -6.696           26.217
  127 (vir)     1          24.202          -4.585          -1.583          -7.388           25.422
  128 (vir)     1          24.777          -5.276          -1.748          -8.107           25.861
  129 (vir)     1          25.779          -0.783          -1.603          -7.193           30.587
  130 (vir)     1          26.301          -4.867          -2.095          -8.733           28.072
  131 (vir)     1          26.436          -4.268          -1.812          -7.810           28.166
  132 (vir)     1          26.626          -2.073          -1.794          -8.119           30.878
  133 (vir)     1          27.012          -4.538          -1.548          -7.486           28.413
  134 (vir)     1          27.400          -4.701          -1.692          -7.808           28.815
  135 (vir)     1          27.782          -1.546          -1.829          -7.919           32.326
  136 (vir)     1          27.997          -4.346          -2.624          -9.668           30.695
  137 (vir)     1          28.505          -4.759          -1.710          -7.733           29.769
  138 (vir)     1          28.843          -0.754          -1.723          -7.681           34.047
  139 (vir)     1          29.049          -4.629          -1.619          -7.492           30.293
  140 (vir)     1          29.310          -2.383          -1.614          -8.022           33.335
  141 (vir)     1          29.335          -0.507          -1.904          -8.187           35.111
  142 (vir)     1          29.856          -6.195          -1.917          -8.960           30.703
  143 (vir)     1          30.626          -5.866          -1.948          -8.365           31.176
  144 (vir)     1          30.786          -5.813          -1.670          -8.083           31.387
  145 (vir)     1          31.154           2.460          -1.963          -8.436           40.088
  146 (vir)     1          31.183           2.089          -1.453          -7.520           39.340
  147 (vir)     1          32.355          -8.316          -1.945          -8.578           30.671
  148 (vir)     1          32.486          -5.749          -1.600          -7.896           33.033
  149 (vir)     1          33.382           3.066          -1.804          -8.588           43.233
  150 (vir)     1          33.589          -6.894          -2.008          -9.003           33.690
  151 (vir)     1          34.570         -10.126          -2.097          -9.029           31.376
  152 (vir)     1          34.931          -7.477          -1.975          -8.668           34.147
  153 (vir)     1          35.892          -7.198          -1.914          -8.634           35.414
  154 (vir)     1          36.596          -7.528          -2.402          -9.867           36.533
  155 (vir)     1          37.190          -6.726          -1.536          -8.045           36.973
  156 (vir)     1          37.670          -7.919          -1.881          -9.265           37.134
  157 (vir)     1          38.017           4.335          -2.482         -10.265           50.136
  158 (vir)     1          38.378          -9.238          -2.458         -10.902           37.584
  159 (vir)     1          39.251          -8.260          -1.901          -9.703           38.794
  160 (vir)     1          39.471          -7.707          -1.998          -9.289           39.055
  161 (vir)     1          40.649         -11.325          -3.095         -11.931           38.160
  162 (vir)     1          41.023          -9.924          -2.277         -10.159           38.980
  163 (vir)     1          42.796         -12.835          -2.766         -11.333           38.528
  164 (vir)     1          42.834         -10.554          -2.134          -9.653           39.798
  165 (vir)     1          43.615          -8.119          -2.475         -10.872           43.894
  166 (vir)     1          43.898          -9.838          -2.000          -9.877           41.937
  167 (vir)     1          44.474           3.320          -1.840          -9.389           55.343
  168 (vir)     1          44.648          -5.562          -2.013          -9.559           46.633
  169 (vir)     1          46.552          -7.698          -2.618         -11.043           47.278
  170 (vir)     1          47.219          -9.195          -2.186         -10.277           46.114
  171 (vir)     1          47.715           4.713          -2.516         -11.180           61.091
  172 (vir)     1          47.869           4.997          -2.528         -11.023           61.361
  173 (vir)     1          48.962         -11.575          -2.244         -10.809           45.951
  174 (vir)     1          49.783          -2.752          -2.259         -11.212           55.984
  175 (vir)     1          50.289           3.820          -2.379         -10.766           62.496
  176 (vir)     1          50.733           4.962          -3.046         -12.651           65.299
  177 (vir)     1          51.006           0.004          -2.634         -11.633           60.009
  178 (vir)     1          51.544          -9.399          -2.404         -11.372           51.112
  179 (vir)     1          52.589           1.358          -2.324         -11.711           63.334
  180 (vir)     1          52.838           5.649          -2.423         -11.262           67.326
  181 (vir)     1          53.346           4.127          -2.134         -10.662           65.999
  182 (vir)     1          55.017           5.327          -2.167         -11.355           69.532
  183 (vir)     1          55.191           5.004          -2.560         -12.138           69.773
  184 (vir)     1          55.546           4.294          -2.468         -12.222           69.595
  185 (vir)     1          56.984           5.943          -2.336         -11.716           72.308
  186 (vir)     1          56.992           4.615          -2.560         -12.205           71.252
  187 (vir)     1          57.395           4.622          -2.743         -13.038           72.313
  188 (vir)     1          58.239           5.761          -2.256         -11.611           73.355
  189 (vir)     1          59.101           3.946          -2.550         -12.321           72.819
  190 (vir)     1          59.284           3.941          -2.725         -13.003           73.503
  191 (vir)     1          60.054           4.603          -2.509         -12.489           74.637
  192 (vir)     1          60.197         -10.125          -2.173         -11.872           59.771
  193 (vir)     1          60.605           4.544          -2.567         -12.751           75.334
  194 (vir)     1          61.091           3.643          -2.479         -12.696           74.951
  195 (vir)     1          62.163           4.109          -2.604         -13.058           76.726
  196 (vir)     1          62.514           4.606          -2.717         -13.213           77.615
  197 (vir)     1          62.660           3.385          -2.529         -12.908           76.423
  198 (vir)     1          63.562           4.177          -2.697         -13.586           78.629
  199 (vir)     1          64.570           3.423          -2.639         -13.574           78.929
  200 (vir)     1          64.874           4.123          -2.597         -13.362           79.762
  201 (vir)     1          64.916           4.350          -2.536         -13.356           80.087
  202 (vir)     1          65.602           3.546          -2.236         -12.743           79.657
  203 (vir)     1          66.551           4.208          -2.187         -12.641           81.215
  204 (vir)     1          66.990           3.524          -2.101         -12.309           80.721
  205 (vir)     1          67.104           4.130          -2.305         -12.874           81.803
  206 (vir)     1          67.672           4.064          -2.554         -14.132           83.313
  207 (vir)     1          68.079           3.851          -2.149         -12.804           82.585
  208 (vir)     1          68.963           3.852          -2.200         -13.107           83.723
  209 (vir)     1          69.313           3.680          -2.283         -13.193           83.902
  210 (vir)     1          69.577           4.202          -2.027         -12.811           84.563
  211 (vir)     1          70.186           4.138          -2.283         -13.389           85.430
  212 (vir)     1          70.433           3.855          -2.108         -12.375           84.555
  213 (vir)     1          71.245           3.973          -1.995         -12.916           86.139
  214 (vir)     1          71.689           4.089          -2.067         -13.081           86.792
  215 (vir)     1          71.967           4.345          -1.950         -13.059           87.420
  216 (vir)     1          72.313           4.483          -2.324         -13.866           88.338
  217 (vir)     1          73.065           3.759          -2.155         -13.085           87.753
  218 (vir)     1          73.849           4.155          -2.131         -13.368           89.240
  219 (vir)     1          74.093           3.755          -1.954         -12.680           88.573
  220 (vir)     1          74.433           3.805          -2.015         -12.963           89.187
  221 (vir)     1          74.809           4.446          -1.993         -13.113           90.375
  222 (vir)     1          74.864           4.063          -2.177         -13.418           90.168
  223 (vir)     1          75.974           3.270          -1.925         -12.703           90.022
  224 (vir)     1          76.184           4.066          -2.132         -13.309           91.427
  225 (vir)     1          76.776           3.671          -2.246         -13.796           91.998
  226 (vir)     1          77.445           3.512          -1.943         -13.104           92.118
  227 (vir)     1          77.510           4.099          -1.899         -12.591           92.301
  228 (vir)     1          78.317           3.125          -1.887         -12.587           92.141
  229 (vir)     1          80.153           3.639          -2.088         -13.525           95.229
  230 (vir)     1          80.308           3.472          -1.969         -13.033           94.844
  231 (vir)     1          81.218           3.349          -2.266         -13.593           95.894
  232 (vir)     1          82.500           3.246          -2.136         -13.421           97.031
  233 (vir)     1          83.342           3.445          -1.927         -12.876           97.736
  234 (vir)     1          86.809           2.820          -2.215         -13.753          101.167
  235 (vir)     1          87.179           3.398          -2.015         -13.363          101.926
  236 (vir)     1          87.837           2.993          -2.039         -13.574          102.366
  237 (vir)     1          88.992           3.312          -2.810         -15.556          105.050
  238 (vir)     1          91.355           2.979          -2.408         -14.616          106.542
  239 (vir)     1          91.549           3.014          -2.456         -14.803          106.910
  240 (vir)     1          92.251           2.807          -2.121         -14.077          107.013
  241 (vir)     1          92.715           2.656          -2.136         -13.814          107.049
  242 (vir)     1          94.025           2.079          -1.851         -13.136          107.389
  243 (vir)     1          94.409           2.062          -1.809         -13.198          107.861
  244 (vir)     1          97.378           1.950          -1.610         -12.415          110.133
  245 (vir)     1         100.216           2.599          -2.277         -14.940          115.479
  246 (vir)     1         101.275           2.965          -2.070         -14.734          116.904
  247 (vir)     1         102.209           3.163          -2.069         -14.679          117.981
  248 (vir)     1         104.235           2.925          -1.988         -14.452          119.625
  249 (vir)     1         104.994           2.335          -1.844         -13.997          119.482
  250 (vir)     1         106.576           1.298          -1.658         -13.364          119.580
  251 (vir)     1         108.523           2.094          -1.875         -14.142          122.885
  252 (vir)     1         111.129           2.443          -1.956         -14.382          125.998
  253 (vir)     1         114.193           1.565          -1.533         -13.592          127.817
  254 (vir)     1         115.530           2.117          -1.861         -14.478          130.263
  255 (vir)     1         118.410           2.084          -1.746         -13.954          132.702
  256 (vir)     1         126.300           1.769          -1.764         -14.432          140.738
  257 (vir)     1         126.900           1.480          -1.968         -15.933          142.346
  258 (vir)     1         128.962           1.910          -1.620         -14.188          143.440
  259 (vir)     1         133.460           1.935          -2.077         -15.716          149.035
  260 (vir)     1         154.614           2.587          -1.692         -15.789          171.298
  261 (vir)     1         162.004           2.750          -1.649         -15.857          178.962
  262 (vir)     1         162.474           2.665          -1.680         -16.037          179.497
  263 (vir)     1         163.099           2.567          -1.620         -15.762          179.807
  264 (vir)     1         164.391           2.459          -1.614         -15.775          181.011
  265 (vir)     1         164.851           2.678          -1.614         -15.782          181.697
  266 (vir)     1         165.881           2.601          -1.555         -15.780          182.707
  267 (vir)     1         165.987           2.715          -1.543         -15.620          182.779
  268 (vir)     1         180.120           1.318          -1.444         -15.546          195.540
  269 (vir)     1         209.642           6.818          -0.767         -12.554          228.247
  270 (vir)     1         238.970           8.682          -0.708         -13.333          260.278
  271 (vir)     1         239.570           9.073          -0.671         -13.304          261.276
  272 (vir)     1         239.863          10.007          -0.690         -13.312          262.492
  273 (vir)     1         244.089          10.776          -0.676         -13.575          267.765
  274 (vir)     1         244.455          11.606          -0.698         -13.594          268.957
  275 (vir)     1         246.403          10.711          -0.684         -13.579          270.008
 
