 
  kpoint:       1             coordinate:     0.0000    0.0000    0.0000                  spin:  1
 
    n           k   ϵ_nk^DFT (eV)     Σ^c_nk (eV)     Σ^x_nk (eV)    v_nk^xc (eV)   ϵ_nk^G0W0 (eV)
 
    1 (occ)     1         -16.152           4.628         -18.887         -12.118          -18.293
    2 (occ)     1          -8.935           0.774         -15.662         -11.458          -12.366
    3 (occ)     1          -8.935           0.774         -15.662         -11.458          -12.366
    4 (occ)     1          -6.732           0.282         -13.888         -10.467           -9.872
    5 (vir)     1          -0.616          -0.714          -1.374          -4.019            1.314
    6 (vir)     1          -0.135          -1.248          -3.935          -8.136            2.818
    7 (vir)     1          -0.135          -1.248          -3.935          -8.136            2.818
    8 (vir)     1           1.538          -0.334          -0.514          -2.018            2.707
    9 (vir)     1           1.538          -0.334          -0.514          -2.018            2.707
   10 (vir)     1           1.970          -0.568          -1.123          -3.459            3.737
   11 (vir)     1           2.490          -0.864          -1.376          -4.491            4.740
   12 (vir)     1           2.490          -0.864          -1.377          -4.491            4.740
   13 (vir)     1           3.272          -0.847          -1.360          -4.162            5.227
   14 (vir)     1           3.478          -0.899          -1.607          -4.605            5.576
   15 (vir)     1           5.566          -0.882          -0.822          -3.505            7.368
   16 (vir)     1           5.566          -0.882          -0.822          -3.505            7.368
   17 (vir)     1           6.745          -0.713          -1.009          -3.812            8.835
   18 (vir)     1           6.746          -0.713          -1.010          -3.812            8.835
   19 (vir)     1           7.663          -1.446          -1.721          -5.736           10.232
   20 (vir)     1           7.795          -1.298          -1.330          -5.093           10.261
   21 (vir)     1           7.796          -1.298          -1.330          -5.093           10.261
   22 (vir)     1           8.476          -1.487          -0.947          -4.995           11.038
   23 (vir)     1           9.763          -2.340          -1.772          -6.462           12.114
   24 (vir)     1          10.083          -1.962          -1.751          -6.289           12.659
   25 (vir)     1          10.083          -1.962          -1.751          -6.289           12.659
   26 (vir)     1          11.280          -1.847          -0.863          -5.478           14.049
   27 (vir)     1          11.652          -2.653          -1.321          -6.346           14.024
   28 (vir)     1          11.652          -2.650          -1.318          -6.347           14.031
   29 (vir)     1          11.698          -1.877          -1.794          -6.655           14.682
   30 (vir)     1          13.901          -2.686          -2.469          -8.259           17.005
   31 (vir)     1          14.188          -2.566          -1.498          -6.419           16.542
   32 (vir)     1          14.188          -2.567          -1.498          -6.419           16.542
   33 (vir)     1          15.444          -1.969          -0.741          -4.996           17.729
   34 (vir)     1          15.444          -1.969          -0.744          -4.996           17.727
   35 (vir)     1          15.661          -2.493          -1.764          -7.031           18.435
   36 (vir)     1          15.661          -2.493          -1.764          -7.031           18.435
   37 (vir)     1          16.536          -1.505          -0.671          -5.275           19.634
   38 (vir)     1          21.890          -1.249          -1.793          -8.323           27.171
   39 (vir)     1          28.280           0.395          -2.247         -10.187           36.615
   40 (vir)     1          28.281           0.393          -2.247         -10.187           36.614
   41 (vir)     1          42.578           2.376          -1.773          -9.938           53.120
   42 (vir)     1          45.710           2.675          -1.871         -10.295           56.809
   43 (vir)     1          45.711           2.674          -1.869         -10.295           56.811
   44 (vir)     1          48.773           2.143          -1.819         -10.604           59.700
   45 (vir)     1          48.833           2.509          -2.108         -11.035           60.269
   46 (vir)     1          49.981           2.264          -1.641         -10.439           61.043
   47 (vir)     1          49.983           2.268          -1.637         -10.439           61.053
   48 (vir)     1          58.675           1.691          -1.918         -11.159           69.607
   49 (vir)     1          58.676           1.688          -1.917         -11.159           69.605
   50 (vir)     1          78.579           4.496          -0.591          -9.439           91.923
   51 (vir)     1          80.385           4.997          -0.550          -9.366           94.199
   52 (vir)     1          80.385           4.988          -0.559          -9.366           94.180
   53 (vir)     1         102.483           5.269          -0.535          -7.588          114.806
   54 (vir)     1         140.898           1.949          -1.749         -15.718          156.816
   55 (vir)     1         140.898           1.949          -1.749         -15.718          156.816
   56 (vir)     1         140.910           2.026          -1.713         -15.705          156.927
 
