 
  kpoint:       1             coordinate:     0.0000    0.0000    0.0000                  spin:  1
 
    n           k   ϵ_nk^DFT (eV)     Σ^c_nk (eV)     Σ^x_nk (eV)    v_nk^xc (eV)   ϵ_nk^G0W0 (eV)
 
    1 (occ)     1         -50.572           7.223         -41.882         -28.293          -56.938
    2 (occ)     1         -24.526          10.407         -37.872         -23.477          -28.514
    3 (occ)     1          -6.351           4.026         -28.964         -21.686           -9.604
    4 (occ)     1          -6.065           4.009         -28.311         -20.916           -9.450
    5 (occ)     1          -6.065           3.768         -27.734         -20.916           -9.115
    6 (vir)     1          -1.616          -0.357          -0.569          -2.681            0.139
    7 (vir)     1           0.368          -0.149          -0.941          -2.558            1.836
    8 (vir)     1           0.368          -0.201          -0.921          -2.558            1.804
    9 (vir)     1           1.042          -0.196          -0.377          -1.874            2.343
   10 (vir)     1           3.477          -0.113          -0.425          -1.511            4.450
   11 (vir)     1           3.477          -0.116          -0.432          -1.511            4.440
   12 (vir)     1           3.663          -0.187          -0.510          -2.026            4.992
   13 (vir)     1           3.730          -0.025          -0.045          -0.896            4.556
   14 (vir)     1           3.731          -0.074          -0.069          -0.895            4.483
   15 (vir)     1           4.698          -0.357          -0.612          -3.138            6.867
   16 (vir)     1           5.172          -1.000          -1.568          -5.239            7.843
   17 (vir)     1           5.172          -0.563          -1.578          -5.239            8.270
   18 (vir)     1           9.750          -1.316          -3.751          -7.709           12.392
   19 (vir)     1          13.180          -1.679          -3.350          -7.966           16.117
   20 (vir)     1          19.611          -3.404          -4.228         -11.108           23.087
   21 (vir)     1          19.611          -3.664          -4.218         -11.108           22.837
   22 (vir)     1          21.047          -1.989          -4.327          -8.648           23.379
   23 (vir)     1          22.917          -1.763          -2.400          -8.325           27.080
   24 (vir)     1          22.919          -1.730          -2.400          -8.323           27.113
   25 (vir)     1          26.063          -2.195          -2.503          -8.847           30.212
   26 (vir)     1          26.063          -2.264          -2.592          -8.847           30.054
   27 (vir)     1          26.081          -2.973          -2.955          -8.989           29.142
   28 (vir)     1          45.573           3.230          -3.063         -10.510           56.251
   29 (vir)     1          47.043          -3.433          -1.202          -9.066           51.474
   30 (vir)     1          47.043          -3.886          -1.153          -9.066           51.070
   31 (vir)     1          47.451          -4.363          -1.369          -9.348           51.068
   32 (vir)     1          47.451          -4.128          -1.352          -9.348           51.320
   33 (vir)     1          47.962          -5.321          -1.440          -9.502           50.703
   34 (vir)     1          47.962          -5.673          -1.529          -9.502           50.262
   35 (vir)     1          55.059           2.254          -3.287         -12.978           67.004
   36 (vir)     1          82.283           1.716          -7.077         -19.737           96.660
   37 (vir)     1          82.283           1.549          -7.081         -19.737           96.489
   38 (vir)     1          84.068           1.382          -7.176         -19.672           97.945
   39 (vir)     1          84.068           1.034          -6.940         -19.672           97.834
   40 (vir)     1          91.027           1.236          -6.635         -20.418          106.047
   41 (vir)     1          94.558           0.469          -3.292         -12.082          103.818
   42 (vir)     1         106.733           2.728          -5.730         -23.119          126.850
   43 (vir)     1         106.733           1.300          -4.627         -23.119          126.525
   44 (vir)     1         134.639           1.257          -5.124         -22.551          153.323
 
