 
  kpoint:       1             coordinate:     0.0000    0.0000    0.0000                  spin:  1
 
    n           k   ϵ_nk^DFT (eV)     Σ^c_nk (eV)     Σ^x_nk (eV)    v_nk^xc (eV)   ϵ_nk^G0W0 (eV)
 
    1 (occ)     1         -14.096           3.985         -17.481         -11.051          -16.540
    2 (occ)     1         -12.466           3.087         -17.263         -11.371          -15.271
    3 (occ)     1          -8.895           1.372         -15.567         -11.044          -12.045
    4 (occ)     1          -8.894           1.376         -15.566         -11.044          -12.041
    5 (occ)     1          -8.249           1.197         -15.881         -11.513          -11.419
    6 (occ)     1          -8.248           1.201         -15.877         -11.512          -11.411
    7 (occ)     1          -7.312           0.637         -14.078         -10.695          -10.057
    8 (vir)     1          -0.637          -1.683          -3.865          -8.133            1.947
    9 (vir)     1          -0.637          -1.687          -3.869          -8.132            1.941
   10 (vir)     1          -0.574          -1.018          -1.528          -4.424            1.305
   11 (vir)     1          -0.510          -1.305          -2.342          -5.716            1.559
   12 (vir)     1           0.255          -1.309          -1.948          -5.482            2.480
   13 (vir)     1           0.255          -1.311          -1.948          -5.482            2.478
   14 (vir)     1           0.834          -1.513          -2.408          -6.270            3.181
   15 (vir)     1           0.923          -0.757          -1.180          -3.420            2.407
   16 (vir)     1           0.938          -0.527          -0.579          -2.336            2.168
   17 (vir)     1           0.938          -0.526          -0.578          -2.336            2.170
   18 (vir)     1           1.882          -0.584          -0.655          -2.588            3.231
   19 (vir)     1           1.882          -0.587          -0.655          -2.588            3.228
   20 (vir)     1           2.323          -1.169          -1.516          -4.846            4.485
   21 (vir)     1           2.323          -1.168          -1.515          -4.846            4.485
   22 (vir)     1           2.527          -1.416          -2.147          -5.328            4.292
   23 (vir)     1           3.316          -1.091          -1.415          -4.121            4.931
   24 (vir)     1           4.113          -0.752          -0.857          -2.987            5.490
   25 (vir)     1           4.113          -0.753          -0.858          -2.987            5.488
   26 (vir)     1           5.251          -0.872          -0.704          -3.151            6.826
   27 (vir)     1           5.269          -1.151          -1.416          -4.419            7.120
   28 (vir)     1           5.436          -0.874          -0.825          -3.314            7.051
   29 (vir)     1           5.436          -0.880          -0.826          -3.314            7.044
   30 (vir)     1           5.600          -1.340          -1.363          -4.808            7.704
   31 (vir)     1           5.600          -1.351          -1.362          -4.808            7.695
   32 (vir)     1           6.058          -0.979          -1.073          -3.824            7.830
   33 (vir)     1           6.058          -0.997          -1.073          -3.824            7.812
   34 (vir)     1           6.241          -2.080          -1.532          -5.454            8.084
   35 (vir)     1           6.414          -1.209          -0.946          -4.155            8.414
   36 (vir)     1           6.414          -1.216          -0.948          -4.154            8.404
   37 (vir)     1           6.886          -1.610          -1.076          -4.438            8.639
   38 (vir)     1           6.998          -0.922          -1.039          -3.689            8.726
   39 (vir)     1           6.998          -0.909          -1.039          -3.690            8.741
   40 (vir)     1           7.013          -1.568          -0.990          -4.938            9.393
   41 (vir)     1           7.849          -1.701          -1.062          -4.748            9.834
   42 (vir)     1           7.849          -1.716          -1.065          -4.748            9.816
   43 (vir)     1           8.376          -1.576          -0.956          -4.918           10.763
   44 (vir)     1           9.104          -1.899          -0.766          -4.671           11.111
   45 (vir)     1           9.515          -1.919          -1.187          -5.164           11.574
   46 (vir)     1           9.516          -1.909          -1.187          -5.164           11.583
   47 (vir)     1          10.080          -2.156          -1.262          -5.469           12.131
   48 (vir)     1          10.362          -2.861          -1.497          -6.423           12.427
   49 (vir)     1          10.362          -2.847          -1.484          -6.423           12.454
   50 (vir)     1          11.025          -2.573          -1.545          -6.193           13.100
   51 (vir)     1          11.510          -2.532          -1.471          -6.244           13.752
   52 (vir)     1          12.491          -1.257          -0.328          -3.516           14.422
   53 (vir)     1          12.665          -2.148          -0.906          -4.936           14.547
   54 (vir)     1          12.665          -2.171          -0.903          -4.935           14.526
   55 (vir)     1          12.675          -2.215          -0.945          -5.344           14.859
   56 (vir)     1          12.676          -2.226          -0.947          -5.345           14.848
   57 (vir)     1          13.437          -2.185          -0.852          -5.028           15.429
   58 (vir)     1          14.150          -2.836          -1.046          -5.826           16.094
   59 (vir)     1          14.150          -2.848          -1.042          -5.826           16.087
   60 (vir)     1          15.071          -3.765          -1.936          -8.145           17.515
   61 (vir)     1          15.385          -3.193          -1.457          -6.988           17.723
   62 (vir)     1          15.385          -3.190          -1.453          -6.988           17.731
   63 (vir)     1          15.389          -3.477          -1.220          -6.770           17.462
   64 (vir)     1          15.390          -3.506          -1.222          -6.771           17.432
   65 (vir)     1          16.433          -3.177          -1.201          -6.017           18.073
   66 (vir)     1          16.703          -2.226          -0.593          -4.640           18.524
   67 (vir)     1          16.704          -2.230          -0.597          -4.640           18.517
   68 (vir)     1          18.842          -2.119          -0.596          -4.605           20.732
   69 (vir)     1          20.700          -5.433          -1.433          -7.953           21.787
   70 (vir)     1          20.700          -5.443          -1.441          -7.953           21.768
   71 (vir)     1          20.864          -4.340          -1.118          -7.126           22.532
   72 (vir)     1          20.864          -4.376          -1.108          -7.126           22.506
   73 (vir)     1          21.312          -3.978          -0.990          -5.870           22.213
   74 (vir)     1          22.850          -6.422          -2.265          -9.780           23.943
   75 (vir)     1          22.852          -6.450          -2.274          -9.781           23.909
   76 (vir)     1          23.714           3.314          -1.742          -8.066           33.353
   77 (vir)     1          23.840          -7.551          -2.319         -10.504           24.474
   78 (vir)     1          24.782          -7.229          -2.061          -9.994           25.487
   79 (vir)     1          24.784          -7.284          -2.060          -9.995           25.435
   80 (vir)     1          31.522          -8.917          -1.201          -8.328           29.732
   81 (vir)     1          32.659          -9.440          -1.077          -8.519           30.662
   82 (vir)     1          32.968          -8.981          -1.275          -8.910           31.621
   83 (vir)     1          32.970          -9.459          -1.287          -8.911           31.135
   84 (vir)     1          33.781           2.808          -1.279          -8.669           43.978
   85 (vir)     1          33.781           2.799          -1.296          -8.670           43.954
   86 (vir)     1          39.425           2.445          -1.087          -8.450           49.232
   87 (vir)     1          45.686           2.525          -1.765         -10.571           57.017
   88 (vir)     1          45.689           2.629          -1.782         -10.571           57.107
   89 (vir)     1          46.833           2.351          -2.035         -10.714           57.863
   90 (vir)     1          47.759           2.421          -1.805         -10.719           59.094
   91 (vir)     1          47.762           2.493          -1.832         -10.719           59.142
   92 (vir)     1          51.488           2.097          -1.627         -10.227           62.185
   93 (vir)     1          51.720           2.276          -1.803         -10.871           63.064
   94 (vir)     1          51.721           2.284          -1.820         -10.871           63.056
   95 (vir)     1          51.898           2.116          -1.794         -11.011           63.232
   96 (vir)     1          52.073           2.133          -1.978         -11.204           63.433
   97 (vir)     1          52.741           2.160          -1.893         -11.009           64.018
   98 (vir)     1          52.742           2.175          -1.894         -11.010           64.033
   99 (vir)     1          52.836           1.803          -1.739         -10.692           63.591
  100 (vir)     1          55.356           2.265          -1.719         -10.966           66.868
  101 (vir)     1          67.651           1.826          -1.719         -12.089           79.847
  102 (vir)     1          67.661           1.773          -1.703         -12.089           79.820
  103 (vir)     1          68.755           1.758          -1.708         -12.005           80.811
  104 (vir)     1          68.766           1.714          -1.694         -12.005           80.790
  105 (vir)     1          86.726          -8.801          -0.286          -6.896           84.535
  106 (vir)     1          93.275          -7.605          -0.273          -7.217           92.615
  107 (vir)     1         141.084           1.829          -1.883         -16.220          157.250
  108 (vir)     1         143.126           1.881          -1.797         -15.960          159.169
  109 (vir)     1         144.576           1.804          -1.816         -16.116          160.680
  110 (vir)     1         144.579           1.788          -1.826         -16.116          160.657
  111 (vir)     1         144.931           1.797          -1.820         -16.144          161.051
  112 (vir)     1         144.934           1.780          -1.831         -16.144          161.026
 
