 
  kpoint:       1             coordinate:     0.0000    0.0000    0.0000                  spin:  1
 
    n           k   ϵ_nk^DFT (eV)     Σ^c_nk (eV)     Σ^x_nk (eV)    v_nk^xc (eV)   ϵ_nk^G0W0 (eV)
 
    1 (occ)     1         -28.747          11.769         -32.639         -20.579          -29.038
    2 (occ)     1         -19.820           6.914         -21.993         -14.217          -20.681
    3 (occ)     1         -13.594           4.525         -25.179         -17.896          -16.352
    4 (occ)     1         -11.614           3.176         -22.605         -16.935          -14.108
    5 (occ)     1         -11.614           3.173         -22.592         -16.935          -14.099
    6 (occ)     1         -11.506           1.968         -20.038         -15.102          -14.474
    7 (occ)     1          -6.945           0.315         -15.790         -12.580           -9.839
    8 (occ)     1          -6.945           0.313         -15.777         -12.580           -9.829
    9 (vir)     1          -2.018          -1.988          -8.755         -14.026            1.264
   10 (vir)     1          -2.018          -1.990          -8.741         -14.026            1.276
   11 (vir)     1          -0.526          -1.951          -5.372         -10.438            2.589
   12 (vir)     1           0.798          -0.563          -0.917          -2.912            2.231
   13 (vir)     1           0.977          -0.322          -0.489          -1.969            2.135
   14 (vir)     1           0.977          -0.322          -0.489          -1.969            2.135
   15 (vir)     1           1.113          -0.756          -1.311          -3.875            2.921
   16 (vir)     1           2.208          -0.350          -0.463          -1.930            3.324
   17 (vir)     1           2.208          -0.350          -0.464          -1.930            3.324
   18 (vir)     1           2.276          -0.450          -0.732          -2.863            3.957
   19 (vir)     1           2.276          -0.451          -0.733          -2.863            3.956
   20 (vir)     1           2.747          -0.633          -1.053          -3.160            4.221
   21 (vir)     1           4.745          -0.661          -1.210          -3.553            6.427
   22 (vir)     1           4.745          -0.662          -1.212          -3.553            6.424
   23 (vir)     1           4.807          -1.728          -1.453          -5.016            6.642
   24 (vir)     1           4.807          -1.728          -1.455          -5.016            6.639
   25 (vir)     1           5.474          -1.175          -1.553          -4.599            7.345
   26 (vir)     1           7.078          -1.844          -2.078          -6.321            9.477
   27 (vir)     1           8.244          -1.705          -1.471          -5.134           10.202
   28 (vir)     1           8.244          -1.710          -1.474          -5.134           10.193
   29 (vir)     1           9.302          -1.787          -2.082          -6.170           11.603
   30 (vir)     1          12.822          -2.056          -2.162          -6.813           15.418
   31 (vir)     1          12.822          -2.055          -2.170          -6.813           15.411
   32 (vir)     1          13.180          -4.230          -4.905         -11.823           15.868
   33 (vir)     1          13.637          -3.330          -2.545          -8.066           15.828
   34 (vir)     1          13.637          -3.326          -2.547          -8.066           15.831
   35 (vir)     1          14.174          -0.961          -3.554         -10.075           19.733
   36 (vir)     1          14.174          -0.961          -3.556         -10.075           19.731
   37 (vir)     1          15.467          -3.284          -2.746          -8.353           17.790
   38 (vir)     1          16.410          -0.869          -0.563          -4.435           19.413
   39 (vir)     1          16.410          -0.876          -0.557          -4.435           19.412
   40 (vir)     1          17.316          -5.886          -2.495          -8.928           17.864
   41 (vir)     1          18.766          -0.832          -2.511          -9.471           24.894
   42 (vir)     1          18.766          -0.843          -2.514          -9.471           24.879
   43 (vir)     1          19.091          -4.185          -2.672          -8.655           20.889
   44 (vir)     1          19.091          -4.195          -2.669          -8.655           20.883
   45 (vir)     1          20.660          -4.151          -2.873          -9.340           22.976
   46 (vir)     1          20.660          -4.140          -2.876          -9.340           22.984
   47 (vir)     1          22.673          -6.517          -4.126         -12.616           24.646
   48 (vir)     1          23.556           3.033          -1.747          -8.652           33.494
   49 (vir)     1          23.556           3.023          -1.753          -8.652           33.478
   50 (vir)     1          25.483          -8.156          -3.086         -11.095           25.336
   51 (vir)     1          25.483          -8.200          -3.085         -11.095           25.293
   52 (vir)     1          30.726          -9.159          -2.613         -10.519           29.472
   53 (vir)     1          34.421         -12.731          -2.978         -12.077           30.789
   54 (vir)     1          34.421         -12.533          -2.953         -12.077           31.012
   55 (vir)     1          34.598           3.312          -2.858         -10.987           46.039
   56 (vir)     1          34.598           3.282          -2.837         -10.987           46.031
   57 (vir)     1          39.015           3.299          -3.690         -12.139           50.763
   58 (vir)     1          46.265           2.604          -3.793         -13.519           58.596
   59 (vir)     1          46.265           2.507          -3.821         -13.519           58.470
   60 (vir)     1          46.949           2.147          -4.252         -14.012           58.856
   61 (vir)     1          46.949           2.150          -4.258         -14.012           58.854
   62 (vir)     1          47.953           3.209          -3.868         -13.361           60.655
   63 (vir)     1          64.793           3.324          -3.710         -15.115           79.522
   64 (vir)     1          68.865           2.749          -4.430         -17.118           84.302
   65 (vir)     1          71.205           2.353          -3.665         -15.764           85.658
   66 (vir)     1          71.205           2.492          -3.688         -15.764           85.774
   67 (vir)     1         108.967           1.958          -0.749          -8.878          119.054
   68 (vir)     1         108.967           1.912          -0.748          -8.878          119.009
   69 (vir)     1         109.812           4.665          -0.974          -8.819          122.321
   70 (vir)     1         116.596           2.666          -0.807          -9.158          127.613
   71 (vir)     1         123.866           3.693          -3.384         -18.392          142.566
   72 (vir)     1         123.866           3.821          -3.379         -18.392          142.700
   73 (vir)     1         129.364           4.164          -3.520         -18.780          148.788
   74 (vir)     1         171.696           2.149          -4.620         -20.835          190.060
   75 (vir)     1         174.661           1.470          -5.172         -22.966          193.924
   76 (vir)     1         174.663           1.446          -5.111         -22.963          193.961
   77 (vir)     1         179.682           1.881          -5.335         -23.261          199.488
   78 (vir)     1         179.682           1.867          -5.286         -23.261          199.523
   79 (vir)     1         201.230           2.344          -1.744         -15.302          217.131
   80 (vir)     1         208.430           2.311          -2.656         -17.651          225.738
   81 (vir)     1         226.167           0.900          -3.390         -20.605          244.282
   82 (vir)     1         226.167           0.917          -3.384         -20.605          244.305
   83 (vir)     1         231.236           1.175          -3.621         -21.411          250.200
   84 (vir)     1         231.236           1.201          -3.617         -21.411          250.231
   85 (vir)     1         235.595           1.253          -3.760         -21.988          255.075
   86 (vir)     1         235.595           1.253          -3.756         -21.988          255.079
   87 (vir)     1         244.494           1.557          -3.157         -20.483          263.377
 
