 
  kpoint:       1             coordinate:     0.0000    0.0000    0.0000                  spin:  1
 
    n           k   ϵ_nk^DFT (eV)     Σ^c_nk (eV)     Σ^x_nk (eV)    v_nk^xc (eV)   ϵ_nk^G0W0 (eV)
 
    1 (occ)     1         -24.260           6.688         -28.285         -17.578          -28.278
    2 (occ)     1         -10.248           1.978         -21.498         -15.578          -14.190
    3 (occ)     1         -10.248           1.978         -21.498         -15.578          -14.190
    4 (occ)     1         -10.248           1.977         -21.497         -15.578          -14.190
    5 (vir)     1           2.504          -0.567          -1.424          -4.947            5.460
    6 (vir)     1           5.125          -0.400          -1.491          -4.719            7.953
    7 (vir)     1           5.125          -0.400          -1.490          -4.719            7.954
    8 (vir)     1           5.125          -0.401          -1.491          -4.719            7.953
    9 (vir)     1          13.947          -0.401          -2.824          -7.581           18.302
   10 (vir)     1          13.947          -0.401          -2.825          -7.581           18.303
   11 (vir)     1          13.947          -0.401          -2.823          -7.581           18.304
   12 (vir)     1          13.947          -0.401          -2.825          -7.581           18.302
   13 (vir)     1          13.947          -0.401          -2.825          -7.581           18.301
   14 (vir)     1          16.038          -0.924          -0.949          -5.199           19.364
   15 (vir)     1          16.038          -0.925          -0.949          -5.199           19.364
   16 (vir)     1          16.038          -0.924          -0.949          -5.199           19.364
   17 (vir)     1          16.038          -0.924          -0.950          -5.199           19.364
   18 (vir)     1          16.038          -0.924          -0.949          -5.199           19.365
   19 (vir)     1          18.762          -0.692          -1.010          -6.069           23.129
   20 (vir)     1          18.762          -0.692          -1.010          -6.069           23.129
   21 (vir)     1          18.762          -0.693          -1.011          -6.069           23.129
   22 (vir)     1          18.762          -0.693          -1.010          -6.069           23.129
   23 (vir)     1          18.762          -0.692          -1.010          -6.069           23.129
   24 (vir)     1          18.762          -0.692          -1.010          -6.069           23.129
   25 (vir)     1          18.762          -0.692          -1.010          -6.069           23.129
   26 (vir)     1          24.141          -1.227          -1.500          -6.477           27.891
   27 (vir)     1          25.966          -1.519          -1.366          -6.053           29.134
   28 (vir)     1          25.966          -1.519          -1.365          -6.053           29.135
   29 (vir)     1          25.966          -1.519          -1.366          -6.053           29.134
 
