 
  kpoint:       1             coordinate:     0.0000    0.0000    0.0000                  spin:  1
 
    n           k   ϵ_nk^DFT (eV)     Σ^c_nk (eV)     Σ^x_nk (eV)    v_nk^xc (eV)   ϵ_nk^G0W0 (eV)
 
    1 (occ)     1         -21.212           7.572         -25.181         -15.413          -23.408
    2 (occ)     1         -18.991           5.110         -24.301         -15.298          -22.883
    3 (occ)     1         -18.317           7.283         -24.299         -15.487          -19.847
    4 (occ)     1         -16.736           5.637         -23.441         -15.237          -19.303
    5 (occ)     1         -14.795           4.634         -22.427         -15.223          -17.364
    6 (occ)     1         -14.202           4.307         -22.229         -15.242          -16.883
    7 (occ)     1         -12.396           3.199         -20.302         -14.346          -15.153
    8 (occ)     1         -11.207           2.742         -21.130         -15.623          -13.972
    9 (occ)     1         -10.861           2.767         -20.303         -14.520          -13.877
   10 (occ)     1         -10.255           2.215         -18.644         -13.493          -13.191
   11 (occ)     1         -10.123           2.353         -20.058         -14.796          -13.031
   12 (occ)     1          -9.726           2.200         -20.135         -15.121          -12.540
   13 (occ)     1          -9.226           1.817         -19.697         -14.671          -12.434
   14 (occ)     1          -8.664           2.264         -17.377         -13.050          -10.727
   15 (occ)     1          -8.098           1.593         -19.873         -15.269          -11.109
   16 (occ)     1          -8.045           1.595         -20.031         -15.569          -10.912
   17 (occ)     1          -6.237           0.332         -15.599         -13.012           -8.492
   18 (occ)     1          -5.981           0.243         -15.813         -13.278           -8.273
   19 (vir)     1          -1.201          -2.333          -7.402         -12.259            1.323
   20 (vir)     1          -1.081          -2.352          -7.485         -12.334            1.416
   21 (vir)     1          -0.350          -0.865          -1.294          -3.625            1.115
   22 (vir)     1          -0.059          -0.770          -1.111          -3.258            1.318
   23 (vir)     1           0.076          -0.707          -0.985          -2.949            1.333
   24 (vir)     1           0.604          -0.694          -0.926          -2.809            1.792
   25 (vir)     1           0.636          -0.697          -0.897          -2.832            1.875
   26 (vir)     1           0.749          -0.623          -0.813          -2.596            1.909
   27 (vir)     1           0.910          -0.704          -0.811          -2.780            2.176
   28 (vir)     1           1.150          -0.600          -0.652          -2.356            2.254
   29 (vir)     1           1.310          -0.587          -0.621          -2.309            2.411
   30 (vir)     1           1.366          -0.769          -1.035          -3.123            2.684
   31 (vir)     1           1.611          -0.596          -0.626          -2.375            2.764
   32 (vir)     1           1.973          -0.708          -0.850          -2.841            3.257
   33 (vir)     1           2.163          -0.542          -0.554          -2.116            3.182
   34 (vir)     1           2.210          -0.623          -0.754          -2.487            3.319
   35 (vir)     1           2.446          -1.972          -2.503          -6.002            3.973
   36 (vir)     1           2.677          -1.582          -1.865          -4.769            4.000
   37 (vir)     1           2.679          -0.457          -0.333          -1.805            3.693
   38 (vir)     1           2.836          -0.600          -0.659          -2.403            3.980
   39 (vir)     1           2.851          -1.259          -1.400          -3.861            4.053
   40 (vir)     1           2.920          -1.073          -1.909          -4.400            4.337
   41 (vir)     1           3.200          -1.071          -1.764          -4.325            4.690
   42 (vir)     1           3.268          -0.838          -1.116          -3.171            4.486
   43 (vir)     1           3.645          -1.183          -1.835          -4.526            5.153
   44 (vir)     1           3.761          -0.815          -0.952          -2.934            4.928
   45 (vir)     1           3.768          -0.973          -1.426          -3.987            5.356
   46 (vir)     1           3.876          -0.837          -1.127          -3.178            5.090
   47 (vir)     1           4.012          -1.030          -1.391          -3.817            5.407
   48 (vir)     1           4.211          -1.563          -2.238          -5.560            5.971
   49 (vir)     1           4.522          -1.543          -2.437          -5.807            6.349
   50 (vir)     1           4.523          -0.946          -1.548          -3.956            5.985
   51 (vir)     1           4.644          -1.119          -1.494          -4.119            6.149
   52 (vir)     1           4.955          -0.783          -0.849          -2.944            6.267
   53 (vir)     1           4.960          -1.197          -1.449          -4.279            6.593
   54 (vir)     1           4.991          -1.846          -2.684          -6.428            6.889
   55 (vir)     1           5.516          -1.406          -2.025          -5.111            7.195
   56 (vir)     1           5.682          -1.426          -1.648          -4.882            7.490
   57 (vir)     1           5.856          -1.368          -1.690          -4.834            7.632
   58 (vir)     1           5.897          -1.323          -1.712          -4.807            7.669
   59 (vir)     1           6.027          -1.401          -1.581          -4.714            7.759
   60 (vir)     1           6.256          -1.489          -1.818          -5.204            8.154
   61 (vir)     1           6.413          -1.528          -1.868          -5.259            8.276
   62 (vir)     1           6.655          -1.657          -2.592          -6.181            8.587
   63 (vir)     1           6.705          -1.799          -2.828          -6.671            8.749
   64 (vir)     1           6.910          -1.337          -1.157          -4.208            8.624
   65 (vir)     1           7.083          -1.639          -1.806          -5.285            8.923
   66 (vir)     1           7.626          -1.344          -1.901          -5.036            9.417
   67 (vir)     1           7.866          -2.497          -3.837          -8.777           10.309
   68 (vir)     1           8.165          -2.024          -2.619          -6.823           10.345
   69 (vir)     1           8.392          -1.782          -1.304          -4.863           10.169
   70 (vir)     1           8.628          -2.273          -2.124          -6.307           10.538
   71 (vir)     1           8.884          -2.753          -3.302          -8.226           11.056
   72 (vir)     1           9.034          -2.015          -1.536          -5.399           10.883
   73 (vir)     1           9.249          -1.248          -1.107          -4.016           10.911
   74 (vir)     1           9.253          -2.367          -2.517          -6.892           11.260
   75 (vir)     1           9.468          -1.367          -0.937          -3.669           10.834
   76 (vir)     1           9.700          -2.770          -3.017          -7.938           11.851
   77 (vir)     1           9.895          -2.839          -1.361          -5.235           10.929
   78 (vir)     1          10.066          -1.400          -1.033          -4.262           11.896
   79 (vir)     1          10.334          -1.964          -1.429          -5.087           12.029
   80 (vir)     1          10.676          -1.774          -1.012          -4.480           12.370
   81 (vir)     1          10.736          -2.855          -3.137          -8.149           12.893
   82 (vir)     1          11.534          -2.642          -2.344          -6.938           13.486
   83 (vir)     1          11.692          -2.099          -1.324          -4.685           12.954
   84 (vir)     1          11.877          -1.596          -2.248          -6.954           14.987
   85 (vir)     1          12.218          -2.640          -2.398          -7.105           14.284
   86 (vir)     1          12.281          -2.590          -2.381          -7.034           14.343
   87 (vir)     1          12.702          -2.579          -2.299          -6.894           14.718
   88 (vir)     1          13.040          -1.829          -1.427          -5.185           14.968
   89 (vir)     1          13.279          -3.140          -2.947          -8.383           15.575
   90 (vir)     1          13.803          -2.519          -1.871          -6.405           15.818
   91 (vir)     1          13.972          -3.209          -2.354          -7.662           16.071
   92 (vir)     1          13.999          -2.538          -1.664          -6.070           15.867
   93 (vir)     1          14.439          -3.691          -2.531          -8.179           16.396
   94 (vir)     1          14.485          -2.580          -1.349          -6.221           16.776
   95 (vir)     1          14.607          -3.215          -2.019          -7.017           16.389
   96 (vir)     1          14.821          -4.198          -3.453          -9.943           17.113
   97 (vir)     1          14.880          -3.859          -2.359          -7.998           16.660
   98 (vir)     1          15.024          -4.298          -3.459          -9.898           17.164
   99 (vir)     1          15.107          -3.694          -2.890          -8.757           17.280
  100 (vir)     1          15.235          -4.502          -2.940          -9.322           17.115
  101 (vir)     1          15.251          -3.363          -1.584          -6.658           16.962
  102 (vir)     1          16.022          -3.946          -2.648          -8.634           18.062
  103 (vir)     1          16.126          -3.594          -1.745          -6.989           17.776
  104 (vir)     1          16.405          -3.126          -1.751          -6.930           18.457
  105 (vir)     1          16.960          -3.558          -2.661          -8.509           19.250
  106 (vir)     1          17.466          -3.114          -2.160          -7.410           19.602
  107 (vir)     1          18.048          -3.295          -2.920          -8.743           20.576
  108 (vir)     1          18.821          -4.884          -3.445         -10.664           21.155
  109 (vir)     1          18.833          -3.174          -1.803          -7.069           20.926
  110 (vir)     1          19.419          -2.374          -1.526          -6.192           21.711
  111 (vir)     1          19.537          -3.644          -1.705          -7.225           21.413
  112 (vir)     1          19.739          -3.986          -2.430          -8.604           21.927
  113 (vir)     1          19.986          -3.240          -1.571          -6.814           21.988
  114 (vir)     1          20.135          -4.006          -2.054          -8.095           22.169
  115 (vir)     1          20.454          -2.753          -1.313          -6.047           22.435
  116 (vir)     1          20.790          -3.393          -1.790          -7.253           22.860
  117 (vir)     1          21.182          -3.401          -1.436          -6.900           23.245
  118 (vir)     1          21.710          -4.108          -2.184          -8.228           23.646
  119 (vir)     1          21.878          -3.363          -1.614          -7.214           24.116
  120 (vir)     1          21.909          -3.384          -1.900          -7.390           24.015
  121 (vir)     1          22.325          -3.107          -1.421          -6.542           24.338
  122 (vir)     1          22.357          -3.109          -1.308          -6.865           24.805
  123 (vir)     1          22.616          -3.596          -1.792          -7.393           24.620
  124 (vir)     1          22.632          -3.383          -1.223          -6.729           24.754
  125 (vir)     1          23.524          -3.616          -1.628          -7.245           25.524
  126 (vir)     1          24.005          -3.161          -1.282          -6.696           26.258
  127 (vir)     1          24.202          -4.593          -1.588          -7.388           25.409
  128 (vir)     1          24.777          -4.924          -1.763          -8.107           26.198
  129 (vir)     1          25.779           0.634          -1.623          -7.193           31.984
  130 (vir)     1          26.301          -4.875          -2.146          -8.733           28.013
  131 (vir)     1          26.436          -4.226          -1.830          -7.810           28.191
  132 (vir)     1          26.626          -3.939          -1.818          -8.119           28.989
  133 (vir)     1          27.012          -4.484          -1.562          -7.486           28.453
  134 (vir)     1          27.400          -4.730          -1.705          -7.808           28.773
  135 (vir)     1          27.782          -2.725          -1.841          -7.919           31.135
  136 (vir)     1          27.997          -4.336          -2.636          -9.668           30.693
  137 (vir)     1          28.505          -4.797          -1.725          -7.733           29.717
  138 (vir)     1          28.843          -0.534          -1.733          -7.681           34.258
  139 (vir)     1          29.049           2.309          -1.635          -7.492           37.215
  140 (vir)     1          29.310          -2.064          -1.630          -8.022           33.638
  141 (vir)     1          29.335          -0.528          -1.925          -8.187           35.068
  142 (vir)     1          29.856          -6.162          -1.937          -8.960           30.717
  143 (vir)     1          30.626          -6.092          -1.963          -8.365           30.935
  144 (vir)     1          30.786          -5.874          -1.696          -8.083           31.300
  145 (vir)     1          31.154          -4.819          -1.979          -8.436           32.792
  146 (vir)     1          31.183           2.169          -1.455          -7.520           39.417
  147 (vir)     1          32.355          -8.329          -1.950          -8.578           30.654
  148 (vir)     1          32.486          -5.806          -1.618          -7.896           32.958
  149 (vir)     1          33.382           2.938          -1.804          -8.588           43.104
  150 (vir)     1          33.589          -6.977          -2.023          -9.003           33.591
  151 (vir)     1          34.570         -10.097          -2.105          -9.029           31.397
  152 (vir)     1          34.931          -7.573          -1.980          -8.668           34.046
  153 (vir)     1          35.892          -7.347          -1.903          -8.634           35.276
  154 (vir)     1          36.596          -7.712          -2.423          -9.867           36.328
  155 (vir)     1          37.190          -6.870          -1.540          -8.045           36.825
  156 (vir)     1          37.670          -8.068          -1.900          -9.265           36.966
  157 (vir)     1          38.017          -7.847          -2.507         -10.265           37.929
  158 (vir)     1          38.378          -9.281          -2.493         -10.902           37.505
  159 (vir)     1          39.251          -8.323          -1.919          -9.703           38.711
  160 (vir)     1          39.471          -8.051          -2.024          -9.289           38.685
  161 (vir)     1          40.649         -11.172          -3.126         -11.931           38.283
  162 (vir)     1          41.023          -9.939          -2.286         -10.159           38.957
  163 (vir)     1          42.796          -8.374          -2.793         -11.333           42.963
  164 (vir)     1          42.834         -10.801          -2.136          -9.653           39.550
  165 (vir)     1          43.615          -8.037          -2.509         -10.872           43.941
  166 (vir)     1          43.898          -9.944          -2.044          -9.877           41.787
  167 (vir)     1          44.474           4.149          -1.871          -9.389           56.141
  168 (vir)     1          44.648          -8.788          -2.038          -9.559           43.382
  169 (vir)     1          46.552          -9.746          -2.638         -11.043           45.211
  170 (vir)     1          47.219          -7.173          -2.202         -10.277           48.121
  171 (vir)     1          47.715          -9.528          -2.542         -11.180           46.825
  172 (vir)     1          47.869         -10.632          -2.548         -11.023           45.711
  173 (vir)     1          48.962         -11.291          -2.261         -10.809           46.219
  174 (vir)     1          49.783          -5.453          -2.304         -11.212           53.239
  175 (vir)     1          50.289           4.460          -2.400         -10.766           63.114
  176 (vir)     1          50.733           5.148          -3.071         -12.651           65.461
  177 (vir)     1          51.006          -8.944          -2.681         -11.633           51.013
  178 (vir)     1          51.544          -8.274          -2.419         -11.372           52.223
  179 (vir)     1          52.589         -10.409          -2.355         -11.711           51.536
  180 (vir)     1          52.838         -12.778          -2.453         -11.262           48.869
  181 (vir)     1          53.346           3.956          -2.167         -10.662           65.796
  182 (vir)     1          55.017          -9.694          -2.200         -11.355           54.478
  183 (vir)     1          55.191           4.641          -2.575         -12.138           69.394
  184 (vir)     1          55.546           4.630          -2.507         -12.222           69.891
  185 (vir)     1          56.984          -9.247          -2.346         -11.716           57.107
  186 (vir)     1          56.992           4.376          -2.585         -12.205           70.988
  187 (vir)     1          57.395           4.620          -2.795         -13.038           72.259
  188 (vir)     1          58.239          -9.860          -2.269         -11.611           57.721
  189 (vir)     1          59.101           4.106          -2.592         -12.321           72.935
  190 (vir)     1          59.284           3.828          -2.757         -13.003           73.357
  191 (vir)     1          60.054           4.200          -2.536         -12.489           74.207
  192 (vir)     1          60.197         -10.621          -2.207         -11.872           59.242
  193 (vir)     1          60.605           4.344          -2.612         -12.751           75.089
  194 (vir)     1          61.091           4.335          -2.527         -12.696           75.595
  195 (vir)     1          62.163           4.030          -2.646         -13.058           76.605
  196 (vir)     1          62.514           4.100          -2.770         -13.213           77.057
  197 (vir)     1          62.660           3.502          -2.563         -12.908           76.505
  198 (vir)     1          63.562           3.970          -2.767         -13.586           78.352
  199 (vir)     1          64.570           4.852          -2.703         -13.574           80.294
  200 (vir)     1          64.874           3.826          -2.643         -13.362           79.419
  201 (vir)     1          64.916           4.108          -2.614         -13.356           79.767
  202 (vir)     1          65.602           3.149          -2.324         -12.743           79.170
  203 (vir)     1          66.551           3.827          -2.252         -12.641           80.768
  204 (vir)     1          66.990           3.828          -2.182         -12.309           80.944
  205 (vir)     1          67.104           4.051          -2.373         -12.874           81.655
  206 (vir)     1          67.672           3.872          -2.663         -14.132           83.013
  207 (vir)     1          68.079           3.717          -2.218         -12.804           82.382
  208 (vir)     1          68.963           3.724          -2.267         -13.107           83.527
  209 (vir)     1          69.313           3.424          -2.360         -13.193           83.570
  210 (vir)     1          69.577           3.906          -2.106         -12.811           84.188
  211 (vir)     1          70.186           4.101          -2.350         -13.389           85.325
  212 (vir)     1          70.433           4.325          -2.135         -12.375           84.997
  213 (vir)     1          71.245           3.883          -2.078         -12.916           85.965
  214 (vir)     1          71.689           3.893          -2.148         -13.081           86.516
  215 (vir)     1          71.967           3.965          -2.045         -13.059           86.945
  216 (vir)     1          72.313           4.281          -2.413         -13.866           88.047
  217 (vir)     1          73.065           3.598          -2.228         -13.085           87.519
  218 (vir)     1          73.849           3.884          -2.206         -13.368           88.896
  219 (vir)     1          74.093           3.664          -2.005         -12.680           88.431
  220 (vir)     1          74.433           3.609          -2.073         -12.963           88.932
  221 (vir)     1          74.809           4.174          -2.064         -13.113           90.031
  222 (vir)     1          74.864           3.981          -2.240         -13.418           90.023
  223 (vir)     1          75.974           3.609          -1.999         -12.703           90.287
  224 (vir)     1          76.184           3.806          -2.217         -13.309           91.081
  225 (vir)     1          76.776           3.749          -2.306         -13.796           92.015
  226 (vir)     1          77.445           3.487          -2.044         -13.104           91.992
  227 (vir)     1          77.510           3.517          -1.989         -12.591           91.629
  228 (vir)     1          78.317           3.013          -1.947         -12.587           91.969
  229 (vir)     1          80.153           3.427          -2.157         -13.525           94.948
  230 (vir)     1          80.308           3.412          -2.028         -13.033           94.725
  231 (vir)     1          81.218           3.118          -2.300         -13.593           95.628
  232 (vir)     1          82.500           3.314          -2.171         -13.421           97.064
  233 (vir)     1          83.342           3.334          -1.978         -12.876           97.574
  234 (vir)     1          86.809           2.489          -2.283         -13.753          100.768
  235 (vir)     1          87.179           3.072          -2.045         -13.363          101.569
  236 (vir)     1          87.837           2.642          -2.114         -13.574          101.940
  237 (vir)     1          88.992           3.148          -2.857         -15.556          104.840
  238 (vir)     1          91.355           2.684          -2.456         -14.616          106.199
  239 (vir)     1          91.549           2.711          -2.519         -14.803          106.545
  240 (vir)     1          92.251           2.417          -2.171         -14.077          106.574
  241 (vir)     1          92.715           2.364          -2.196         -13.814          106.697
  242 (vir)     1          94.025           2.019          -1.882         -13.136          107.297
  243 (vir)     1          94.409           2.129          -1.834         -13.198          107.904
  244 (vir)     1          97.378           1.787          -1.662         -12.415          109.918
  245 (vir)     1         100.216           2.304          -2.384         -14.940          115.076
  246 (vir)     1         101.275           2.816          -2.199         -14.734          116.627
  247 (vir)     1         102.209           2.853          -2.191         -14.679          117.550
  248 (vir)     1         104.235           2.498          -2.071         -14.452          119.114
  249 (vir)     1         104.994           2.231          -1.922         -13.997          119.301
  250 (vir)     1         106.576           1.583          -1.657         -13.364          119.866
  251 (vir)     1         108.523           2.007          -1.932         -14.142          122.740
  252 (vir)     1         111.129           2.063          -1.970         -14.382          125.603
  253 (vir)     1         114.193           1.292          -1.546         -13.592          127.531
  254 (vir)     1         115.530           1.939          -1.925         -14.478          130.021
  255 (vir)     1         118.410           1.684          -1.761         -13.954          132.288
  256 (vir)     1         126.300           1.638          -1.775         -14.432          140.596
  257 (vir)     1         126.900           1.036          -2.038         -15.933          141.831
  258 (vir)     1         128.962           1.676          -1.681         -14.188          143.145
  259 (vir)     1         133.460           1.707          -2.039         -15.716          148.844
  260 (vir)     1         154.614           2.533          -1.712         -15.789          171.223
  261 (vir)     1         162.004           2.684          -1.665         -15.857          178.880
  262 (vir)     1         162.474           2.672          -1.696         -16.037          179.488
  263 (vir)     1         163.099           2.546          -1.630         -15.762          179.776
  264 (vir)     1         164.391           2.486          -1.621         -15.775          181.031
  265 (vir)     1         164.851           2.663          -1.615         -15.782          181.680
  266 (vir)     1         165.881           2.594          -1.589         -15.780          182.666
  267 (vir)     1         165.987           2.638          -1.561         -15.620          182.684
  268 (vir)     1         180.120           1.038          -1.340         -15.546          195.363
  269 (vir)     1         209.642           8.611          -0.915         -12.554          229.892
  270 (vir)     1         238.970          -5.066          -0.872         -13.333          246.365
  271 (vir)     1         239.570          -4.355          -0.861         -13.304          247.658
  272 (vir)     1         239.863          -3.473          -0.859         -13.312          248.843
  273 (vir)     1         244.089          -2.555          -0.887         -13.575          254.223
  274 (vir)     1         244.455          -1.355          -0.884         -13.594          255.810
  275 (vir)     1         246.403           0.074          -0.860         -13.579          259.196
 
