 
  kpoint:       1             coordinate:     0.0000    0.0000    0.0000                  spin:  1
 
    n           k   ϵ_nk^DFT (eV)     Σ^c_nk (eV)     Σ^x_nk (eV)    v_nk^xc (eV)   ϵ_nk^G0W0 (eV)
 
    1 (occ)     1         -18.827           5.715         -24.450         -15.367          -22.194
    2 (occ)     1         -14.258           3.373         -21.488         -14.449          -17.924
    3 (occ)     1         -11.533           2.242         -19.848         -14.085          -15.054
    4 (occ)     1         -10.191           1.724         -20.578         -15.321          -13.724
    5 (occ)     1          -8.552           1.162         -19.022         -14.124          -12.288
    6 (occ)     1          -6.742           0.114         -15.888         -12.668           -9.847
    7 (vir)     1          -1.047          -1.883          -5.668         -10.911            2.313
    8 (vir)     1          -0.043          -0.560          -0.936          -3.039            1.499
    9 (vir)     1           0.413          -0.498          -0.692          -2.554            1.777
   10 (vir)     1           0.488          -0.497          -0.885          -2.825            1.932
   11 (vir)     1           1.003          -0.360          -0.525          -2.002            2.121
   12 (vir)     1           1.455          -0.302          -0.338          -1.746            2.562
   13 (vir)     1           1.558          -0.296          -0.441          -1.728            2.550
   14 (vir)     1           1.931          -0.219          -0.169          -1.503            3.046
   15 (vir)     1           2.025          -0.280          -0.357          -1.833            3.221
   16 (vir)     1           2.077          -0.446          -0.703          -2.206            3.134
   17 (vir)     1           3.437          -0.440          -0.573          -2.308            4.732
   18 (vir)     1           3.611          -1.113          -2.638          -6.205            6.065
   19 (vir)     1           3.621          -0.824          -1.502          -4.024            5.320
   20 (vir)     1           4.258          -0.419          -0.501          -2.265            5.603
   21 (vir)     1           4.428          -0.938          -1.476          -4.232            6.247
   22 (vir)     1           4.807          -0.311          -0.126          -1.799            6.169
   23 (vir)     1           5.118          -0.676          -1.115          -3.565            6.892
   24 (vir)     1           5.784          -0.485          -0.647          -2.672            7.324
   25 (vir)     1           5.856          -1.347          -1.909          -5.386            7.987
   26 (vir)     1           6.222          -0.914          -1.404          -4.628            8.532
   27 (vir)     1           6.310          -1.127          -1.855          -5.441            8.769
   28 (vir)     1           6.878          -1.138          -2.148          -5.743            9.335
   29 (vir)     1           7.074          -1.372          -1.634          -5.272            9.340
   30 (vir)     1           7.704          -1.053          -1.956          -5.396           10.092
   31 (vir)     1           8.284          -1.973          -1.310          -5.288           10.289
   32 (vir)     1           8.345          -0.902          -0.375          -2.353            9.421
   33 (vir)     1           9.470          -0.698          -0.315          -2.901           11.359
   34 (vir)     1           9.693          -1.375          -1.154          -4.669           11.832
   35 (vir)     1           9.935          -1.737          -1.616          -5.701           12.283
   36 (vir)     1          11.104          -1.094          -1.234          -4.615           13.391
   37 (vir)     1          14.479          -3.455          -3.221          -9.631           17.435
   38 (vir)     1          15.015          -0.647          -0.619          -4.455           18.203
   39 (vir)     1          15.023          -0.949          -0.454          -3.766           17.386
   40 (vir)     1          15.203          -2.947          -2.479          -8.294           18.070
   41 (vir)     1          15.260          -3.687          -4.224         -11.224           18.572
   42 (vir)     1          15.297          -0.702          -0.592          -4.299           18.302
   43 (vir)     1          17.056          -4.047          -3.606         -10.911           20.314
   44 (vir)     1          17.136          -2.626          -2.422          -7.924           20.012
   45 (vir)     1          17.436          -2.249          -1.274          -6.073           19.987
   46 (vir)     1          17.453          -1.819          -2.301          -7.294           20.627
   47 (vir)     1          17.539          -2.415          -1.315          -6.504           20.313
   48 (vir)     1          19.137          -3.752          -0.719          -5.407           20.073
   49 (vir)     1          19.273          -2.866          -1.125          -6.081           21.363
   50 (vir)     1          21.463          -2.620          -0.898          -5.848           23.794
   51 (vir)     1          22.144          -3.143          -1.317          -6.766           24.450
   52 (vir)     1          22.197          -2.530          -0.786          -5.980           24.861
   53 (vir)     1          24.628          -3.963          -1.336          -7.298           26.628
   54 (vir)     1          25.875          -1.629          -0.335          -4.182           28.092
   55 (vir)     1          27.821          -4.414          -2.081          -8.988           30.314
   56 (vir)     1          29.182          -2.820          -0.403          -4.520           30.478
   57 (vir)     1          29.297          -2.579          -3.289         -11.837           35.266
   58 (vir)     1          30.259          -5.084          -2.068          -8.544           31.650
   59 (vir)     1          34.153          -6.880          -3.802         -12.786           36.257
   60 (vir)     1          34.201          -6.897          -3.144         -11.761           35.921
   61 (vir)     1          37.115          -8.042          -2.691         -12.110           38.492
   62 (vir)     1          37.262          -6.355          -2.441         -10.484           38.950
   63 (vir)     1          38.550          -7.007          -2.434          -9.950           39.059
   64 (vir)     1          39.510          -6.222          -2.401         -10.019           40.906
   65 (vir)     1          39.531           1.663          -1.243          -8.001           47.952
   66 (vir)     1          39.666          -4.799          -1.147          -7.741           41.461
   67 (vir)     1          43.571          -9.769          -2.764         -13.534           44.573
   68 (vir)     1          51.563           3.082          -2.660         -12.517           64.501
   69 (vir)     1          52.011         -11.520          -1.854         -11.520           50.156
   70 (vir)     1          56.868           2.403          -1.705         -12.029           69.595
   71 (vir)     1          57.184         -11.500          -2.325         -12.190           55.550
   72 (vir)     1          58.368          -1.644          -2.648         -13.463           67.537
   73 (vir)     1          60.385           3.861          -2.061         -12.683           74.867
   74 (vir)     1          60.885          -0.022          -2.080         -13.535           72.317
   75 (vir)     1          62.252           2.031          -1.969         -12.680           74.992
   76 (vir)     1          66.424           3.776          -1.837         -12.883           81.245
   77 (vir)     1          67.505           3.186          -1.823         -11.814           80.683
   78 (vir)     1          67.876           3.503          -2.051         -13.610           82.938
   79 (vir)     1          68.200           5.130          -2.167         -14.270           85.432
   80 (vir)     1          72.383           4.374          -1.463         -12.540           87.835
   81 (vir)     1          72.980           2.944          -2.121         -14.099           87.903
   82 (vir)     1          75.574           3.111          -1.846         -13.633           90.472
   83 (vir)     1          80.784           3.226          -1.819         -13.717           95.908
   84 (vir)     1          82.998           2.722          -1.538         -13.277           97.459
   85 (vir)     1          86.470           2.916          -2.172         -14.649          101.863
   86 (vir)     1          87.025           2.827          -2.231         -15.071          102.692
   87 (vir)     1          99.662           2.451          -2.129         -15.505          115.489
   88 (vir)     1         118.629           1.599          -1.603         -15.215          133.839
   89 (vir)     1         153.062           2.358          -1.761         -15.850          169.508
   90 (vir)     1         162.062           2.274          -1.690         -15.855          178.500
   91 (vir)     1         164.402           2.425          -1.643         -16.003          181.187
   92 (vir)     1         165.158           2.225          -1.617         -15.778          181.544
   93 (vir)     1         191.348           3.090          -0.928         -12.200          205.710
   94 (vir)     1         241.513           3.307          -0.873         -13.379          257.326
 
