 
  kpoint:       1             coordinate:     0.0000    0.0000    0.0000                  spin:  1
 
    n           k   ϵ_nk^DFT (eV)     Σ^c_nk (eV)     Σ^x_nk (eV)    v_nk^xc (eV)   ϵ_nk^G0W0 (eV)
 
    1 (occ)     1         -32.639           8.707         -27.447         -17.163          -34.216
    2 (occ)     1         -32.628           9.156         -27.457         -17.176          -33.752
    3 (occ)     1         -16.760           0.676         -20.813         -15.021          -21.876
    4 (occ)     1         -16.589           1.616         -20.981         -15.281          -20.673
    5 (occ)     1         -16.585           1.466         -20.824         -15.157          -20.785
    6 (occ)     1         -16.585           1.469         -20.823         -15.157          -20.781
    7 (occ)     1         -16.565           2.352         -20.844         -15.194          -19.863
    8 (occ)     1         -16.565           2.350         -20.842         -15.194          -19.863
    9 (occ)     1          -3.155          -0.116          -5.758          -4.179           -4.851
   10 (vir)     1          -2.016          -1.058          -1.387          -4.012           -0.449
   11 (vir)     1          -1.366          -0.906          -1.341          -3.104           -0.509
   12 (vir)     1          -1.366          -0.907          -1.341          -3.104           -0.510
   13 (vir)     1          -0.817          -0.666          -1.436          -3.579            0.660
   14 (vir)     1          -0.595          -1.562          -0.560          -2.930            0.214
   15 (vir)     1          -0.595          -1.564          -0.561          -2.930            0.211
   16 (vir)     1          -0.456          -1.440          -1.341          -3.865            0.628
   17 (vir)     1          -0.418          -1.381          -1.017          -3.397            0.580
   18 (vir)     1          -0.418          -1.382          -1.017          -3.397            0.580
   19 (vir)     1          -0.366          -1.700          -1.356          -4.115            0.694
   20 (vir)     1          -0.366          -1.700          -1.356          -4.115            0.693
   21 (vir)     1          -0.090          -1.118          -0.774          -3.209            1.227
   22 (vir)     1           0.167          -1.847          -1.058          -3.788            1.050
   23 (vir)     1           0.167          -1.844          -1.058          -3.788            1.052
   24 (vir)     1           0.683          -1.042          -1.217          -3.585            2.008
   25 (vir)     1           0.848          -1.331          -0.450          -2.329            1.396
   26 (vir)     1           1.138          -1.401          -0.507          -2.213            1.444
   27 (vir)     1           1.138          -1.406          -0.507          -2.213            1.439
   28 (vir)     1           1.381          -0.812          -0.789          -2.948            2.728
   29 (vir)     1           1.381          -0.816          -0.787          -2.948            2.725
   30 (vir)     1           1.442          -1.661          -1.224          -3.640            2.197
   31 (vir)     1           1.469          -1.653          -2.269          -5.564            3.111
   32 (vir)     1           1.469          -1.655          -2.269          -5.563            3.108
   33 (vir)     1           1.510          -1.787          -2.078          -5.620            3.265
   34 (vir)     1           1.510          -1.878          -2.078          -5.620            3.174
   35 (vir)     1           1.518          -1.032          -1.663          -4.363            3.186
   36 (vir)     1           1.518          -0.883          -1.665          -4.363            3.334
   37 (vir)     1           1.584          -1.573          -1.211          -3.640            2.440
   38 (vir)     1           1.823          -1.990          -2.429          -5.925            3.329
   39 (vir)     1           1.823          -1.988          -2.429          -5.925            3.331
   40 (vir)     1           3.260          -0.229          -1.782          -4.616            5.865
   41 (vir)     1           3.260          -0.238          -1.788          -4.616            5.849
   42 (vir)     1           4.267           0.675          -3.075          -7.359            9.226
   43 (vir)     1           4.847          -0.454          -1.020          -3.749            7.122
   44 (vir)     1           6.531           0.048          -1.493          -4.907            9.994
   45 (vir)     1           9.969          -0.115          -0.370          -2.643           12.127
   46 (vir)     1          10.114          -1.603          -0.943          -5.352           12.919
   47 (vir)     1          10.114          -1.604          -0.944          -5.352           12.918
   48 (vir)     1          10.402          -1.648          -0.866          -5.334           13.223
   49 (vir)     1          10.402          -1.649          -0.865          -5.334           13.222
   50 (vir)     1          11.189          -2.451          -0.813          -5.557           13.482
   51 (vir)     1          11.189          -2.445          -0.814          -5.557           13.487
   52 (vir)     1          11.270          -1.552          -0.819          -4.577           13.476
   53 (vir)     1          11.445          -2.405          -0.811          -5.615           13.844
   54 (vir)     1          11.445          -2.399          -0.810          -5.615           13.851
   55 (vir)     1          12.353          -2.298          -0.871          -5.633           14.816
   56 (vir)     1          12.353          -2.301          -0.871          -5.633           14.814
   57 (vir)     1          13.324          -1.047          -1.190          -6.205           17.293
   58 (vir)     1          13.894          -2.538          -1.026          -5.957           16.286
   59 (vir)     1          13.894          -2.548          -1.024          -5.957           16.279
   60 (vir)     1         110.422           0.023          -1.300          -6.880          116.025
 
