 
  kpoint:       1             coordinate:     0.0000    0.0000    0.0000                  spin:  1
 
    n           k   ϵ_nk^DFT (eV)     Σ^c_nk (eV)     Σ^x_nk (eV)    v_nk^xc (eV)   ϵ_nk^G0W0 (eV)
 
    1 (occ)     1         -32.639           8.774         -27.446         -17.163          -34.147
    2 (occ)     1         -32.628           9.212         -27.455         -17.176          -33.694
    3 (occ)     1         -16.760           0.688         -20.805         -15.021          -21.856
    4 (occ)     1         -16.589           1.622         -20.975         -15.281          -20.661
    5 (occ)     1         -16.585           1.463         -20.829         -15.157          -20.794
    6 (occ)     1         -16.585           1.462         -20.828         -15.157          -20.793
    7 (occ)     1         -16.565           2.361         -20.848         -15.194          -19.857
    8 (occ)     1         -16.565           2.361         -20.848         -15.194          -19.857
    9 (occ)     1          -3.155          -0.110          -5.756          -4.179           -4.843
   10 (vir)     1          -2.016          -1.059          -1.387          -4.012           -0.450
   11 (vir)     1          -1.366          -0.909          -1.341          -3.104           -0.512
   12 (vir)     1          -1.366          -0.909          -1.341          -3.104           -0.511
   13 (vir)     1          -0.817          -1.617          -1.435          -3.579           -0.289
   14 (vir)     1          -0.595          -1.562          -0.560          -2.930            0.214
   15 (vir)     1          -0.595          -1.561          -0.560          -2.930            0.214
   16 (vir)     1          -0.456          -1.446          -1.340          -3.865            0.623
   17 (vir)     1          -0.418          -1.381          -1.017          -3.397            0.581
   18 (vir)     1          -0.418          -1.381          -1.017          -3.397            0.581
   19 (vir)     1          -0.366          -1.696          -1.356          -4.115            0.697
   20 (vir)     1          -0.366          -1.696          -1.356          -4.115            0.697
   21 (vir)     1          -0.090          -1.416          -0.773          -3.209            0.929
   22 (vir)     1           0.167          -1.849          -1.058          -3.788            1.047
   23 (vir)     1           0.167          -1.846          -1.058          -3.788            1.051
   24 (vir)     1           0.683          -1.093          -1.220          -3.585            1.955
   25 (vir)     1           0.848          -1.327          -0.453          -2.329            1.397
   26 (vir)     1           1.138          -1.354          -0.507          -2.213            1.491
   27 (vir)     1           1.138          -1.349          -0.507          -2.213            1.496
   28 (vir)     1           1.381          -0.790          -0.788          -2.948            2.751
   29 (vir)     1           1.381          -0.788          -0.789          -2.948            2.752
   30 (vir)     1           1.442          -1.227          -1.225          -3.640            2.630
   31 (vir)     1           1.469          -1.642          -2.269          -5.564            3.122
   32 (vir)     1           1.469          -1.647          -2.269          -5.563            3.117
   33 (vir)     1           1.510          -1.665          -2.076          -5.620            3.389
   34 (vir)     1           1.510          -1.692          -2.075          -5.620            3.364
   35 (vir)     1           1.518          -0.140          -1.665          -4.363            4.077
   36 (vir)     1           1.518          -0.084          -1.664          -4.363            4.133
   37 (vir)     1           1.584          -1.530          -1.210          -3.640            2.484
   38 (vir)     1           1.823          -1.931          -2.429          -5.925            3.388
   39 (vir)     1           1.823          -1.965          -2.430          -5.925            3.353
   40 (vir)     1           3.260          -0.170          -1.791          -4.616            5.916
   41 (vir)     1           3.260          -0.153          -1.794          -4.616            5.929
   42 (vir)     1           4.267           0.693          -3.077          -7.359            9.241
   43 (vir)     1           4.847          -0.446          -1.015          -3.749            7.135
   44 (vir)     1           6.531           0.037          -1.477          -4.907            9.997
   45 (vir)     1           9.969          -0.274          -0.357          -2.643           11.981
   46 (vir)     1          10.114          -1.604          -0.943          -5.352           12.919
   47 (vir)     1          10.114          -1.606          -0.943          -5.352           12.917
   48 (vir)     1          10.402          -1.655          -0.865          -5.334           13.216
   49 (vir)     1          10.402          -1.656          -0.865          -5.334           13.216
   50 (vir)     1          11.189          -2.454          -0.814          -5.557           13.478
   51 (vir)     1          11.189          -2.454          -0.814          -5.557           13.479
   52 (vir)     1          11.270          -1.544          -0.818          -4.577           13.485
   53 (vir)     1          11.445          -2.409          -0.811          -5.615           13.840
   54 (vir)     1          11.445          -2.408          -0.811          -5.615           13.841
   55 (vir)     1          12.353          -2.309          -0.871          -5.633           14.806
   56 (vir)     1          12.353          -2.309          -0.871          -5.633           14.806
   57 (vir)     1          13.324          -0.059          -1.189          -6.205           18.281
   58 (vir)     1          13.894          -2.580          -1.026          -5.957           16.244
   59 (vir)     1          13.894          -2.580          -1.026          -5.957           16.245
   60 (vir)     1         110.422           0.021          -1.278          -6.880          116.045
 
