 
  kpoint:       1             coordinate:     0.0000    0.0000    0.0000                  spin:  1
 
    n           k   ϵ_nk^DFT (eV)     Σ^c_nk (eV)     Σ^x_nk (eV)    v_nk^xc (eV)   ϵ_nk^G0W0 (eV)
 
    1 (occ)     1         -26.692           8.639         -32.085         -20.178          -29.960
    2 (occ)     1         -15.683           3.340         -22.730         -15.181          -19.891
    3 (occ)     1         -12.144           2.497         -21.570         -15.238          -15.979
    4 (occ)     1         -10.938           2.869         -25.900         -18.926          -15.043
    5 (occ)     1         -10.037           0.976         -21.198         -16.609          -13.650
    6 (occ)     1          -6.229           2.005         -23.664         -17.874          -10.014
    7 (vir)     1          -2.647          -2.012          -7.988         -14.017            1.370
    8 (vir)     1          -0.179          -0.538          -1.129          -3.369            1.523
    9 (vir)     1           0.610          -0.364          -0.794          -2.545            1.997
   10 (vir)     1           0.706          -0.357          -0.747          -2.664            2.266
   11 (vir)     1           1.068          -0.344          -0.495          -1.980            2.209
   12 (vir)     1           2.027          -0.258          -0.458          -1.996            3.306
   13 (vir)     1           2.178          -0.133          -0.426          -1.624            3.243
   14 (vir)     1           2.297          -0.145          -0.114          -1.351            3.389
   15 (vir)     1           2.496          -0.178          -0.312          -1.446            3.453
   16 (vir)     1           2.641          -0.236          -0.437          -1.756            3.724
   17 (vir)     1           3.437          -0.765          -1.726          -4.296            5.243
   18 (vir)     1           4.455          -1.079          -2.825          -6.415            6.966
   19 (vir)     1           4.820          -0.879          -2.257          -5.655            7.339
   20 (vir)     1           6.400          -0.502          -0.671          -3.230            8.456
   21 (vir)     1           6.405          -0.769          -1.129          -4.309            8.816
   22 (vir)     1           7.372          -1.646          -1.533          -5.713            9.906
   23 (vir)     1           9.612          -1.409          -2.089          -6.564           12.677
   24 (vir)     1          10.622          -1.225          -2.706          -6.710           13.401
   25 (vir)     1          11.210          -2.264          -3.863          -9.347           14.431
   26 (vir)     1          12.809          -1.874          -1.473          -5.830           15.292
   27 (vir)     1          12.913          -1.920          -3.174          -8.609           16.428
   28 (vir)     1          13.412          -2.191          -2.552          -7.713           16.382
   29 (vir)     1          13.684          -1.228          -1.083          -4.898           16.270
   30 (vir)     1          15.394          -0.901          -1.011          -4.914           18.397
   31 (vir)     1          15.622          -1.640          -1.880          -6.598           18.700
   32 (vir)     1          16.219          -0.849          -0.472          -4.067           18.965
   33 (vir)     1          16.543          -0.821          -0.580          -4.035           19.178
   34 (vir)     1          17.359          -2.529          -2.799          -8.766           20.798
   35 (vir)     1          18.627          -3.450          -4.085         -11.069           22.161
   36 (vir)     1          20.547          -3.738          -2.907          -9.659           23.560
   37 (vir)     1          22.191          -3.443          -3.774         -10.810           25.784
   38 (vir)     1          29.354          -3.566          -3.530         -10.899           33.157
   39 (vir)     1          31.137          -5.722          -3.782         -11.829           33.462
   40 (vir)     1          32.084           2.176          -4.515         -13.276           43.021
   41 (vir)     1          34.940          -6.201          -4.875         -13.806           37.670
   42 (vir)     1          35.414          -8.371          -2.248         -11.144           35.938
   43 (vir)     1          38.519           3.028          -3.652         -11.687           49.582
   44 (vir)     1          43.610           2.962          -4.141         -13.616           56.046
   45 (vir)     1          44.126           3.038          -4.588         -13.482           56.058
   46 (vir)     1          47.219           3.225          -4.130         -13.994           60.308
   47 (vir)     1          49.270           4.031          -3.222         -12.517           62.596
   48 (vir)     1          52.102           2.883          -2.849         -11.818           63.956
   49 (vir)     1          54.041           3.215          -2.640         -12.184           66.799
   50 (vir)     1          54.474           2.100          -2.509         -12.169           66.234
   51 (vir)     1          55.468           2.240          -2.887         -12.351           67.172
   52 (vir)     1          62.372           2.410          -2.299         -12.757           75.240
   53 (vir)     1          65.616           2.335          -4.116         -15.726           79.561
   54 (vir)     1          65.729           2.732          -3.502         -14.648           79.606
   55 (vir)     1          67.909           2.206          -3.274         -14.683           81.524
   56 (vir)     1          75.451           2.638          -3.097         -15.124           90.116
   57 (vir)     1          93.170           1.781          -2.876         -15.678          107.753
   58 (vir)     1         124.885           3.859          -3.055         -17.986          143.675
   59 (vir)     1         126.180           2.515          -3.757         -19.071          144.009
   60 (vir)     1         128.786           2.927          -3.147         -17.151          145.717
   61 (vir)     1         141.882           2.414          -2.319         -15.130          157.107
   62 (vir)     1         151.404           2.132          -1.916         -16.111          167.731
   63 (vir)     1         161.406           2.051          -1.724         -15.900          177.633
   64 (vir)     1         176.103           1.027          -5.210         -23.145          195.065
   65 (vir)     1         176.374           1.062          -5.221         -23.098          195.314
   66 (vir)     1         180.774           1.585          -4.893         -22.880          200.346
   67 (vir)     1         181.031           1.707          -5.159         -23.158          200.737
   68 (vir)     1         182.861           1.407          -5.355         -23.453          202.366
   69 (vir)     1         221.811           1.528          -3.105         -19.321          239.556
   70 (vir)     1         228.264           0.999          -3.490         -20.888          246.661
   71 (vir)     1         232.395           0.420          -3.444         -20.993          250.364
   72 (vir)     1         232.589           0.724          -3.594         -21.361          251.081
   73 (vir)     1         233.090           0.981          -3.613         -21.347          251.806
   74 (vir)     1         234.548           0.795          -3.404         -21.187          253.127
   75 (vir)     1         237.022           1.081          -3.887         -22.136          256.351
   76 (vir)     1         248.713           2.008          -2.470         -18.195          266.446
 
