 
  kpoint:       1             coordinate:     0.0000    0.0000    0.0000                  spin:  1
 
    n           k   ϵ_nk^DFT (eV)     Σ^c_nk (eV)     Σ^x_nk (eV)    v_nk^xc (eV)   ϵ_nk^G0W0 (eV)
 
    1 (occ)     1         -27.367           8.849         -31.759         -19.983          -30.294
    2 (occ)     1         -14.232           3.577         -25.359         -17.846          -18.168
    3 (occ)     1         -10.664           1.116         -22.454         -17.310          -14.692
    4 (occ)     1         -10.664           1.117         -22.443         -17.310          -14.680
    5 (occ)     1          -9.293           1.337         -20.364         -15.023          -13.296
    6 (vir)     1          -3.280          -1.726          -8.065         -14.305            1.235
    7 (vir)     1          -3.280          -1.723          -8.066         -14.305            1.236
    8 (vir)     1           0.733          -0.247          -0.602          -2.318            2.203
    9 (vir)     1           1.075          -0.296          -0.460          -2.136            2.455
   10 (vir)     1           1.075          -0.296          -0.460          -2.136            2.454
   11 (vir)     1           2.415          -0.078          -0.113          -1.042            3.266
   12 (vir)     1           2.571          -0.096          -0.205          -1.281            3.552
   13 (vir)     1           2.571          -0.096          -0.205          -1.281            3.552
   14 (vir)     1           3.594          -0.069          -0.047          -0.931            4.409
   15 (vir)     1           3.594          -0.068          -0.047          -0.931            4.410
   16 (vir)     1           4.688          -1.185          -3.167          -7.486            7.821
   17 (vir)     1           7.432          -2.526          -5.312         -11.639           11.233
   18 (vir)     1          11.740          -1.992          -3.413          -8.819           15.155
   19 (vir)     1          12.994          -1.842          -1.794          -6.424           15.783
   20 (vir)     1          12.994          -1.842          -1.794          -6.424           15.782
   21 (vir)     1          15.529          -1.298          -2.278          -7.487           19.440
   22 (vir)     1          16.166          -0.520          -0.985          -4.860           19.521
   23 (vir)     1          16.166          -0.521          -0.985          -4.860           19.520
   24 (vir)     1          17.127          -0.153          -0.276          -3.651           20.349
   25 (vir)     1          17.127          -0.200          -0.276          -3.651           20.302
   26 (vir)     1          17.794          -2.907          -3.332         -10.095           21.649
   27 (vir)     1          18.115          -3.829          -2.257          -9.158           21.187
   28 (vir)     1          18.115          -3.810          -2.251          -9.158           21.211
   29 (vir)     1          20.498          -3.833          -2.633          -9.505           23.537
   30 (vir)     1          20.498          -3.832          -2.632          -9.505           23.539
   31 (vir)     1          22.647           0.269          -3.068         -10.604           30.452
   32 (vir)     1          22.647           0.270          -3.068         -10.604           30.453
   33 (vir)     1          31.143           2.345          -4.869         -13.761           42.379
   34 (vir)     1          31.143           2.363          -4.875         -13.761           42.392
   35 (vir)     1          42.800           1.386          -4.792         -13.999           53.393
   36 (vir)     1          43.745           1.257          -4.232         -13.585           54.354
   37 (vir)     1          43.745           1.256          -4.230         -13.585           54.356
   38 (vir)     1          50.122           1.486          -3.221         -12.994           61.379
   39 (vir)     1          59.221           1.519          -4.756         -16.324           72.308
   40 (vir)     1          62.898           1.941          -3.750         -15.022           76.111
   41 (vir)     1          62.898           1.968          -3.758         -15.022           76.129
   42 (vir)     1         108.012           2.355          -2.194         -12.157          120.329
   43 (vir)     1         123.429           2.763          -3.294         -18.244          141.143
   44 (vir)     1         123.429           2.841          -3.280         -18.244          141.233
   45 (vir)     1         128.110           2.458          -2.945         -16.949          144.573
   46 (vir)     1         170.665           1.377          -4.462         -20.584          188.165
   47 (vir)     1         173.813           0.989          -5.087         -22.883          192.598
   48 (vir)     1         173.816           0.984          -5.085         -22.881          192.596
   49 (vir)     1         178.960           1.201          -5.121         -23.137          198.177
   50 (vir)     1         178.960           1.203          -5.143         -23.137          198.157
   51 (vir)     1         200.485           1.221          -2.951         -17.541          216.296
   52 (vir)     1         225.221           0.610          -3.433         -20.713          243.111
   53 (vir)     1         225.221           0.606          -3.431         -20.713          243.109
   54 (vir)     1         225.362           0.394          -3.278         -20.400          242.878
   55 (vir)     1         225.362           0.396          -3.276         -20.400          242.882
   56 (vir)     1         226.421           0.779          -3.479         -21.005          244.726
   57 (vir)     1         226.421           0.781          -3.488         -21.005          244.718
   58 (vir)     1         234.506           0.941          -3.120         -20.047          252.375
 
