 
  kpoint:       1             coordinate:     0.0000    0.0000    0.0000                  spin:  1
 
    n           k   ϵ_nk^DFT (eV)     Σ^c_nk (eV)     Σ^x_nk (eV)    v_nk^xc (eV)   ϵ_nk^G0W0 (eV)
 
    1 (occ)     1         -12.562           2.280         -18.396         -11.968          -16.711
    2 (occ)     1          -8.477           0.895         -17.184         -12.297          -12.469
    3 (occ)     1          -8.477           0.939         -17.211         -12.297          -12.453
    4 (vir)     1          -2.919          -1.903          -2.437          -7.642            0.383
    5 (vir)     1           0.187          -0.356          -0.577          -2.338            1.591
    6 (vir)     1           1.233          -0.306          -0.544          -2.096            2.479
    7 (vir)     1           1.233          -0.279          -0.541          -2.096            2.509
    8 (vir)     1           2.269          -0.580          -0.332          -2.162            3.519
    9 (vir)     1           2.270          -0.584          -1.073          -3.581            4.193
   10 (vir)     1           2.270          -0.561          -1.062          -3.581            4.228
   11 (vir)     1           3.056          -0.901          -1.062          -3.921            5.015
   12 (vir)     1           3.356          -0.456          -0.314          -2.429            5.014
   13 (vir)     1           3.356          -0.458          -0.312          -2.429            5.015
   14 (vir)     1           4.302          -0.565          -0.876          -2.900            5.761
   15 (vir)     1           5.138          -0.812          -1.622          -4.649            7.353
   16 (vir)     1           5.138          -0.861          -1.632          -4.649            7.294
   17 (vir)     1           6.113          -0.327          -0.138          -2.062            7.710
   18 (vir)     1           6.656          -0.611          -1.061          -3.704            8.688
   19 (vir)     1           6.656          -0.613          -1.073          -3.704            8.674
   20 (vir)     1           7.009          -0.723          -0.408          -3.099            8.977
   21 (vir)     1           7.576          -0.541          -0.269          -2.726            9.491
   22 (vir)     1           7.576          -0.565          -0.275          -2.726            9.463
   23 (vir)     1           7.588          -1.104          -0.412          -3.261            9.333
   24 (vir)     1           7.875          -0.382          -0.202          -2.561            9.852
   25 (vir)     1           7.875          -0.417          -0.202          -2.561            9.817
   26 (vir)     1           8.131          -0.774          -0.300          -3.087           10.144
   27 (vir)     1           8.534          -0.727          -0.896          -3.992           10.903
   28 (vir)     1           8.534          -0.734          -0.896          -3.992           10.896
   29 (vir)     1           9.657          -0.830          -0.936          -3.783           11.675
   30 (vir)     1          13.860          -1.093          -0.854          -4.789           16.702
   31 (vir)     1          13.939          -2.196          -1.995          -6.971           16.719
   32 (vir)     1          13.939          -2.069          -1.926          -6.971           16.915
   33 (vir)     1          14.555          -3.530          -2.838          -8.840           17.027
   34 (vir)     1          19.674          -2.653          -1.505          -6.799           22.314
   35 (vir)     1          19.675          -2.440          -1.571          -6.799           22.463
   36 (vir)     1          23.638          -3.659          -2.145          -8.996           26.831
   37 (vir)     1          23.638          -3.789          -2.351          -8.996           26.495
   38 (vir)     1          27.138          -7.006          -2.011          -9.228           27.348
   39 (vir)     1          27.138          -6.768          -1.904          -9.228           27.694
   40 (vir)     1          27.164          -5.670          -0.722          -7.373           28.144
   41 (vir)     1          32.595           3.409          -1.905          -9.882           43.981
   42 (vir)     1          42.127          -8.572          -1.543         -10.329           42.341
   43 (vir)     1          43.837           1.041          -2.133         -10.711           53.455
   44 (vir)     1          43.837           0.452          -2.455         -10.711           52.545
   45 (vir)     1          51.587          -1.097          -2.443         -10.996           59.043
   46 (vir)     1          51.824           3.220          -1.299         -10.881           64.626
   47 (vir)     1          51.825           3.606          -1.462         -10.881           64.850
   48 (vir)     1          55.279           5.748          -2.247         -11.980           70.760
   49 (vir)     1          55.280           4.652          -2.058         -11.980           69.854
   50 (vir)     1          65.048           3.259          -2.636         -12.668           78.339
   51 (vir)     1          82.232           4.725          -1.912         -12.994           98.040
   52 (vir)     1          82.233           4.012          -2.195         -12.994           97.045
   53 (vir)     1         139.391           2.867          -0.551          -9.802          151.508
   54 (vir)     1         151.233           1.810          -1.453         -16.145          167.735
   55 (vir)     1         154.777           1.977          -1.406         -15.931          171.278
   56 (vir)     1         154.777           2.221          -1.358         -15.931          171.571
 
