 
  kpoint:       1             coordinate:     0.0000    0.0000    0.0000                  spin:  1
 
    n           k   ϵ_nk^DFT (eV)     Σ^c_nk (eV)     Σ^x_nk (eV)    v_nk^xc (eV)   ϵ_nk^G0W0 (eV)
 
    1 (occ)     1         -27.196           9.190         -30.128         -18.673          -29.462
    2 (occ)     1         -26.261           9.463         -31.349         -19.708          -28.439
    3 (occ)     1         -24.754           8.026         -28.910         -18.452          -27.187
    4 (occ)     1         -23.342           7.435         -28.155         -18.124          -25.937
    5 (occ)     1         -20.043           6.027         -25.158         -16.324          -22.849
    6 (occ)     1         -17.412           4.197         -23.635         -16.406          -20.443
    7 (occ)     1         -16.685           4.084         -24.302         -17.274          -19.628
    8 (occ)     1         -15.059           3.224         -22.553         -16.182          -18.206
    9 (occ)     1         -14.025           3.126         -22.738         -16.870          -16.768
   10 (occ)     1         -13.057           2.380         -21.696         -16.077          -16.297
   11 (occ)     1         -12.031           3.088         -20.433         -14.858          -14.518
   12 (occ)     1         -11.708           2.862         -22.717         -16.849          -14.714
   13 (occ)     1         -11.114           3.379         -24.168         -17.634          -14.269
   14 (occ)     1         -10.424           2.728         -23.182         -17.368          -13.511
   15 (occ)     1         -10.244           3.355         -24.717         -18.558          -13.047
   16 (occ)     1         -10.116           2.588         -20.741         -15.831          -12.437
   17 (occ)     1          -9.279           1.828         -19.697         -15.298          -11.850
   18 (occ)     1          -7.130           1.897         -22.097         -17.884           -9.446
   19 (occ)     1          -7.102           3.197         -24.627         -18.865           -9.667
   20 (occ)     1          -6.372           0.783         -18.706         -15.757           -8.539
   21 (occ)     1          -6.273           3.137         -24.779         -19.146           -8.768
   22 (vir)     1          -2.422          -2.267          -9.181         -14.321            0.452
   23 (vir)     1          -1.141          -2.735          -9.612         -15.383            1.895
   24 (vir)     1          -0.953          -1.088          -1.736          -4.538            0.761
   25 (vir)     1          -0.154          -0.903          -1.389          -3.833            1.387
   26 (vir)     1          -0.036          -0.811          -1.215          -3.452            1.390
   27 (vir)     1           0.365          -0.587          -0.545          -2.220            1.453
   28 (vir)     1           0.541          -0.919          -1.476          -3.990            2.137
   29 (vir)     1           0.817          -0.762          -1.099          -3.240            2.196
   30 (vir)     1           1.003          -0.635          -0.835          -2.774            2.307
   31 (vir)     1           1.080          -1.577          -2.631          -5.907            2.779
   32 (vir)     1           1.340          -0.709          -1.303          -3.224            2.552
   33 (vir)     1           1.645          -2.193          -4.024          -8.164            3.592
   34 (vir)     1           1.661          -0.732          -1.120          -3.215            3.024
   35 (vir)     1           1.839          -0.657          -0.949          -2.930            3.164
   36 (vir)     1           2.345          -0.979          -1.635          -4.021            3.753
   37 (vir)     1           2.505          -0.477          -0.458          -1.976            3.546
   38 (vir)     1           2.522          -0.381          -0.371          -1.696            3.465
   39 (vir)     1           2.564          -0.473          -0.483          -1.926            3.535
   40 (vir)     1           2.612          -0.502          -0.555          -2.169            3.724
   41 (vir)     1           2.924          -0.926          -1.491          -3.762            4.269
   42 (vir)     1           2.944          -1.317          -2.391          -5.439            4.675
   43 (vir)     1           2.974          -0.717          -0.786          -2.658            4.129
   44 (vir)     1           3.092          -0.732          -1.002          -3.079            4.437
   45 (vir)     1           3.303          -1.321          -2.576          -5.686            5.091
   46 (vir)     1           3.588          -1.702          -3.270          -7.055            5.672
   47 (vir)     1           3.964          -1.243          -2.077          -5.023            5.667
   48 (vir)     1           4.266          -1.528          -2.867          -6.378            6.249
   49 (vir)     1           4.472          -2.513          -5.245         -10.313            7.027
   50 (vir)     1           4.531          -0.752          -0.820          -2.938            5.897
   51 (vir)     1           4.945          -1.575          -2.683          -6.174            6.861
   52 (vir)     1           5.139          -0.982          -0.936          -3.380            6.601
   53 (vir)     1           5.331          -1.438          -2.310          -5.629            7.211
   54 (vir)     1           5.430          -1.675          -2.431          -6.113            7.438
   55 (vir)     1           5.680          -0.983          -1.300          -3.863            7.261
   56 (vir)     1           5.787          -0.815          -0.765          -3.045            7.251
   57 (vir)     1           6.080          -1.371          -2.419          -5.696            7.986
   58 (vir)     1           6.134          -0.771          -0.787          -2.990            7.566
   59 (vir)     1           6.347          -2.558          -4.745         -10.031            9.076
   60 (vir)     1           6.739          -2.348          -3.926          -8.822            9.287
   61 (vir)     1           6.885          -1.190          -1.203          -4.193            8.684
   62 (vir)     1           7.151          -1.232          -1.661          -4.661            8.919
   63 (vir)     1           7.378          -1.246          -1.018          -4.017            9.132
   64 (vir)     1           7.823          -1.555          -1.792          -5.297            9.773
   65 (vir)     1           7.856          -1.742          -1.538          -5.208            9.784
   66 (vir)     1           8.021          -2.195          -3.230          -7.630           10.226
   67 (vir)     1           8.366          -2.315          -3.472          -8.190           10.769
   68 (vir)     1           8.396          -1.299          -0.984          -3.880            9.992
   69 (vir)     1           8.838          -1.438          -1.747          -5.245           10.898
   70 (vir)     1           8.897          -1.232          -0.941          -3.719           10.443
   71 (vir)     1           9.776          -2.744          -3.663          -8.959           12.329
   72 (vir)     1          10.240          -1.519          -2.360          -6.980           13.342
   73 (vir)     1          10.290          -2.149          -2.563          -6.992           12.570
   74 (vir)     1          10.659          -1.850          -1.887          -5.891           12.813
   75 (vir)     1          11.056          -1.037          -0.886          -3.784           12.917
   76 (vir)     1          11.079          -2.036          -2.105          -6.430           13.367
   77 (vir)     1          11.844          -2.380          -2.754          -7.624           14.333
   78 (vir)     1          11.888          -2.141          -2.406          -6.914           14.255
   79 (vir)     1          12.035          -4.480          -5.840         -13.589           15.303
   80 (vir)     1          12.412          -2.758          -2.939          -8.401           15.116
   81 (vir)     1          13.043          -2.433          -2.668          -7.488           15.430
   82 (vir)     1          13.321          -3.251          -2.988          -8.780           15.862
   83 (vir)     1          13.417          -2.929          -2.048          -7.283           15.723
   84 (vir)     1          13.823          -3.891          -3.873         -10.632           16.691
   85 (vir)     1          13.970          -2.582          -1.894          -6.902           16.396
   86 (vir)     1          14.059          -3.183          -1.769          -7.009           16.116
   87 (vir)     1          14.093          -2.876          -2.650          -8.057           16.624
   88 (vir)     1          14.715          -2.897          -2.563          -8.048           17.303
   89 (vir)     1          14.878          -3.047          -2.561          -8.048           17.319
   90 (vir)     1          14.893          -2.822          -1.724          -6.882           17.229
   91 (vir)     1          15.633          -2.947          -2.589          -8.269           18.365
   92 (vir)     1          16.154          -2.423          -2.077          -7.038           18.692
   93 (vir)     1          16.520          -4.262          -3.935         -11.317           19.640
   94 (vir)     1          17.418          -3.696          -3.521         -10.219           20.421
   95 (vir)     1          17.679          -3.027          -1.573          -6.846           19.926
   96 (vir)     1          18.265          -3.102          -2.383          -8.200           20.981
   97 (vir)     1          18.337          -3.166          -2.540          -8.527           21.158
   98 (vir)     1          18.766          -3.959          -2.687          -9.181           21.301
   99 (vir)     1          19.403          -3.181          -2.110          -7.901           22.014
  100 (vir)     1          19.595          -3.953          -2.914          -9.745           22.473
  101 (vir)     1          20.050          -3.164          -2.061          -7.925           22.750
  102 (vir)     1          20.085          -2.650          -2.138          -7.419           22.717
  103 (vir)     1          20.804          -3.624          -3.096          -9.705           23.790
  104 (vir)     1          21.353          -3.891          -1.734          -7.856           23.584
  105 (vir)     1          21.744          -4.069          -2.887          -9.789           24.577
  106 (vir)     1          21.774          -3.149          -1.552          -7.178           24.252
  107 (vir)     1          21.938          -3.127          -1.769          -7.334           24.377
  108 (vir)     1          22.372          -3.570          -2.119          -8.392           25.074
  109 (vir)     1          22.897          -3.206          -1.467          -6.995           25.219
  110 (vir)     1          22.945          -4.154          -3.166         -10.479           26.104
  111 (vir)     1          23.745          -3.242          -2.357          -8.386           26.532
  112 (vir)     1          24.085          -3.755          -2.151          -8.362           26.540
  113 (vir)     1          24.151          -3.227          -2.357          -8.602           27.168
  114 (vir)     1          24.369          -3.966          -1.739          -7.947           26.612
  115 (vir)     1          24.965          -3.527          -2.249          -8.470           27.660
  116 (vir)     1          25.267          -3.805          -2.288          -8.627           27.801
  117 (vir)     1          25.275          -3.702          -2.572          -9.102           28.103
  118 (vir)     1          25.745          -3.594          -2.350          -8.838           28.639
  119 (vir)     1          26.060           0.036          -3.178          -9.994           32.912
  120 (vir)     1          27.237          -5.093          -2.988         -10.218           29.375
  121 (vir)     1          27.243          -4.051          -1.790          -8.080           29.482
  122 (vir)     1          27.700          -4.050          -2.042          -8.385           29.994
  123 (vir)     1          29.057          -6.144          -3.018         -10.614           30.509
  124 (vir)     1          29.404          -3.714          -2.074          -8.107           31.722
  125 (vir)     1          30.663          -4.402          -2.050          -8.590           32.801
  126 (vir)     1          30.736          -5.618          -2.746          -9.990           32.361
  127 (vir)     1          32.364          -6.821          -2.768         -10.583           33.358
  128 (vir)     1          34.171          -5.705          -2.777         -10.523           36.213
  129 (vir)     1          34.255          -6.224          -2.763         -10.970           36.238
  130 (vir)     1          34.603          -8.204          -2.655         -11.571           35.316
  131 (vir)     1          35.029          -5.998          -3.192         -11.441           37.281
  132 (vir)     1          35.980          -5.989          -2.839         -10.893           38.045
  133 (vir)     1          37.989          -6.426          -2.494         -10.276           39.344
  134 (vir)     1          38.133          -6.638          -3.399         -11.867           39.963
  135 (vir)     1          39.540          -7.386          -3.573         -12.112           40.693
  136 (vir)     1          39.549          -6.343          -1.842          -8.940           40.304
  137 (vir)     1          39.720          -6.781          -2.674         -10.979           41.244
  138 (vir)     1          40.518          -7.179          -2.545         -10.620           41.415
  139 (vir)     1          41.496          -7.793          -2.832         -11.585           42.455
  140 (vir)     1          42.450          -8.914          -3.448         -12.255           42.344
  141 (vir)     1          42.502          -8.711          -3.138         -12.379           43.033
  142 (vir)     1          42.804          -8.904          -3.362         -12.360           42.898
  143 (vir)     1          43.815          -8.291          -2.982         -11.767           44.310
  144 (vir)     1          45.115         -10.248          -3.403         -12.981           44.445
  145 (vir)     1          45.814         -10.272          -3.041         -12.538           45.040
  146 (vir)     1          45.919         -11.443          -3.597         -13.450           44.329
  147 (vir)     1          46.672          -9.278          -3.393         -12.709           46.710
  148 (vir)     1          46.953         -11.081          -3.376         -12.972           45.468
  149 (vir)     1          47.492         -11.247          -2.929         -12.947           46.262
  150 (vir)     1          48.034         -11.039          -3.671         -13.650           46.974
  151 (vir)     1          48.832         -10.244          -3.198         -12.629           48.018
  152 (vir)     1          49.206           4.704          -3.351         -12.859           63.418
  153 (vir)     1          49.722         -11.234          -3.247         -13.134           48.375
  154 (vir)     1          50.301         -10.780          -3.842         -14.025           49.703
  155 (vir)     1          50.955         -12.017          -3.342         -13.599           49.194
  156 (vir)     1          51.984          -8.287          -3.235         -13.168           53.630
  157 (vir)     1          52.372         -10.510          -3.066         -13.311           52.106
  158 (vir)     1          53.525         -12.854          -3.236         -13.585           51.019
  159 (vir)     1          53.674         -11.038          -3.130         -12.919           52.425
  160 (vir)     1          54.615         -12.267          -3.034         -13.160           52.474
  161 (vir)     1          55.512          -9.937          -2.957         -12.883           55.501
  162 (vir)     1          55.846         -11.709          -2.648         -12.233           53.721
  163 (vir)     1          57.139         -12.933          -2.942         -13.374           54.639
  164 (vir)     1          57.648         -12.037          -3.113         -13.634           56.132
  165 (vir)     1          57.842           5.071          -3.257         -13.101           72.756
  166 (vir)     1          58.286           5.071          -3.226         -14.051           74.182
  167 (vir)     1          58.392         -12.839          -2.790         -12.974           55.737
  168 (vir)     1          58.756           5.656          -2.780         -13.003           74.634
  169 (vir)     1          59.236          -3.421          -2.692         -13.433           66.557
  170 (vir)     1          59.721          -9.745          -2.868         -13.368           60.475
  171 (vir)     1          59.823           4.892          -2.906         -13.730           75.538
  172 (vir)     1          60.332         -12.842          -2.984         -13.861           58.367
  173 (vir)     1          61.693           4.158          -2.776         -13.589           76.664
  174 (vir)     1          62.257         -12.385          -2.885         -13.870           60.858
  175 (vir)     1          62.992           5.274          -2.961         -13.945           79.250
  176 (vir)     1          64.310           4.888          -2.849         -14.270           80.619
  177 (vir)     1          64.827           4.597          -2.639         -13.545           80.330
  178 (vir)     1          65.225           4.515          -2.747         -13.467           80.459
  179 (vir)     1          66.514           5.199          -2.676         -13.918           82.955
  180 (vir)     1          67.197           2.543          -2.930         -14.265           81.075
  181 (vir)     1          67.618           5.037          -2.611         -13.960           84.004
  182 (vir)     1          67.906           5.136          -2.443         -13.988           84.587
  183 (vir)     1          69.192           5.098          -2.738         -14.269           85.821
  184 (vir)     1          69.321           5.214          -2.307         -13.542           85.770
  185 (vir)     1          69.736           4.252          -2.066         -12.840           84.761
  186 (vir)     1          71.135           6.259          -2.645         -13.833           88.582
  187 (vir)     1          71.606           5.312          -2.500         -13.907           88.325
  188 (vir)     1          72.186           5.610          -2.012         -13.456           89.241
  189 (vir)     1          73.637           5.456          -2.855         -14.997           91.235
  190 (vir)     1          74.013           4.944          -2.269         -13.835           90.522
  191 (vir)     1          75.355           6.173          -2.233         -13.849           93.144
  192 (vir)     1          75.522           4.949          -2.268         -13.146           91.349
  193 (vir)     1          76.111           5.065          -3.196         -15.336           93.317
  194 (vir)     1          76.608           5.137          -2.493         -14.480           93.732
  195 (vir)     1          77.397           6.056          -2.545         -14.497           95.403
  196 (vir)     1          77.859           5.996          -2.891         -15.261           96.224
  197 (vir)     1          78.900           5.437          -3.084         -15.722           96.976
  198 (vir)     1          79.565           4.175          -2.787         -15.333           96.286
  199 (vir)     1          80.430           5.840          -2.376         -14.599           98.493
  200 (vir)     1          81.294           5.387          -2.506         -14.260           98.435
  201 (vir)     1          82.352           4.300          -2.448         -14.514           98.718
  202 (vir)     1          83.041           4.593          -2.459         -14.424           99.598
  203 (vir)     1          84.366           4.724          -2.251         -14.278          101.117
  204 (vir)     1          84.785           5.100          -2.228         -14.283          101.940
  205 (vir)     1          86.128           5.302          -2.246         -15.631          104.816
  206 (vir)     1          86.377           3.923          -2.196         -14.229          102.333
  207 (vir)     1          86.877           5.519          -2.315         -14.528          104.609
  208 (vir)     1          87.445           4.847          -2.054         -14.722          104.960
  209 (vir)     1          89.393           4.832          -2.203         -14.670          106.693
  210 (vir)     1          89.692           3.802          -2.124         -13.989          105.360
  211 (vir)     1          90.210           4.081          -2.321         -14.980          106.950
  212 (vir)     1          90.612           3.557          -2.435         -15.485          107.218
  213 (vir)     1          91.694           4.919          -2.770         -15.805          109.649
  214 (vir)     1          92.920           5.116          -2.604         -15.627          111.058
  215 (vir)     1          95.888           3.128          -2.455         -15.301          111.862
  216 (vir)     1          97.349           2.987          -1.882         -13.613          112.067
  217 (vir)     1         100.374           4.359          -2.317         -15.966          118.383
  218 (vir)     1         101.891           3.273          -2.201         -14.903          117.866
  219 (vir)     1         105.753           4.579          -2.422         -16.601          124.510
  220 (vir)     1         109.669           4.266          -2.321         -16.160          127.774
  221 (vir)     1         113.786           3.142          -2.228         -15.724          130.424
  222 (vir)     1         115.059           2.850          -2.500         -16.926          132.335
  223 (vir)     1         122.724           3.899          -2.342         -17.537          141.818
  224 (vir)     1         127.116           3.064          -2.141         -17.331          145.369
  225 (vir)     1         128.808           6.467          -1.942         -18.896          152.228
  226 (vir)     1         130.707           5.684          -2.126         -19.302          153.567
  227 (vir)     1         131.131           3.356          -2.070         -17.304          149.720
  228 (vir)     1         132.720           6.719          -2.487         -19.597          156.548
  229 (vir)     1         133.803           4.740          -2.879         -19.864          155.528
  230 (vir)     1         136.189           6.954          -2.461         -18.812          159.494
  231 (vir)     1         139.620           5.877          -2.522         -18.876          161.853
  232 (vir)     1         140.807           2.757          -1.948         -17.378          158.994
  233 (vir)     1         152.146           2.870          -1.730         -15.869          169.154
  234 (vir)     1         161.686           2.724          -1.639         -15.676          178.447
  235 (vir)     1         163.312           2.838          -1.434         -15.295          180.011
  236 (vir)     1         164.504           2.756          -1.561         -15.612          181.311
  237 (vir)     1         179.109           1.472          -4.724         -23.133          198.990
  238 (vir)     1         179.501           1.513          -4.731         -23.054          199.336
  239 (vir)     1         179.813           1.229          -4.492         -23.081          199.630
  240 (vir)     1         181.916           1.409          -5.059         -23.034          201.300
  241 (vir)     1         183.503           2.626          -5.125         -23.018          204.022
  242 (vir)     1         184.489           1.442          -4.191         -22.983          204.723
  243 (vir)     1         184.688           1.948          -4.705         -22.971          204.901
  244 (vir)     1         188.817           1.754          -4.533         -23.069          209.108
  245 (vir)     1         190.262           1.431          -4.246         -23.232          210.679
  246 (vir)     1         192.299           1.533          -3.745         -23.057          213.143
  247 (vir)     1         204.919           4.342          -1.599         -15.539          223.201
  248 (vir)     1         229.117           4.356          -2.104         -17.034          248.404
  249 (vir)     1         232.213           3.949          -1.950         -17.210          251.421
  250 (vir)     1         234.221           3.766          -1.864         -16.730          252.853
  251 (vir)     1         236.176           1.215          -2.650         -21.596          256.338
  252 (vir)     1         236.752           3.213          -1.629         -16.047          254.384
  253 (vir)     1         238.677           1.032          -2.843         -21.777          258.643
  254 (vir)     1         239.020           1.103          -2.503         -21.836          259.456
  255 (vir)     1         239.639           1.233          -2.463         -21.157          259.565
  256 (vir)     1         240.372           1.098          -2.597         -22.029          260.901
  257 (vir)     1         240.818           1.089          -2.628         -20.004          259.284
  258 (vir)     1         240.912           1.082          -2.780         -21.345          260.558
  259 (vir)     1         242.533           0.863          -2.700         -22.037          262.734
  260 (vir)     1         242.565           1.751          -1.905         -17.797          260.209
  261 (vir)     1         243.692           1.473          -2.291         -20.079          262.953
  262 (vir)     1         244.422           1.242          -2.423         -21.587          264.829
  263 (vir)     1         244.495           1.051          -2.690         -22.257          265.113
  264 (vir)     1         245.542           2.000          -2.515         -21.157          266.184
  265 (vir)     1         247.066           0.861          -2.770         -22.185          267.342
  266 (vir)     1         251.603           2.204          -2.255         -19.432          270.985
  267 (vir)     1         260.633           5.374          -2.132         -17.922          281.797
  268 (vir)     1         279.011           4.591          -2.168         -19.440          300.874
 
