 
  kpoint:       1             coordinate:     0.0000    0.0000    0.0000                  spin:  1
 
    n           k   ϵ_nk^DFT (eV)     Σ^c_nk (eV)     Σ^x_nk (eV)    v_nk^xc (eV)   ϵ_nk^G0W0 (eV)
 
    1 (occ)     1         -27.196           9.303         -30.354         -18.673          -29.574
    2 (occ)     1         -26.261           9.487         -31.506         -19.708          -28.572
    3 (occ)     1         -24.754           8.101         -29.140         -18.452          -27.341
    4 (occ)     1         -23.342           7.467         -28.324         -18.124          -26.074
    5 (occ)     1         -20.043           6.077         -25.290         -16.324          -22.932
    6 (occ)     1         -17.412           4.161         -23.734         -16.406          -20.579
    7 (occ)     1         -16.685           4.091         -24.475         -17.274          -19.795
    8 (occ)     1         -15.059           3.204         -22.678         -16.182          -18.352
    9 (occ)     1         -14.025           3.129         -22.928         -16.870          -16.954
   10 (occ)     1         -13.057           2.304         -21.827         -16.077          -16.503
   11 (occ)     1         -12.031           3.123         -20.536         -14.858          -14.586
   12 (occ)     1         -11.708           2.835         -22.861         -16.849          -14.885
   13 (occ)     1         -11.114           3.306         -24.153         -17.634          -14.326
   14 (occ)     1         -10.424           2.666         -23.223         -17.368          -13.614
   15 (occ)     1         -10.244           3.344         -24.951         -18.558          -13.292
   16 (occ)     1         -10.116           2.601         -20.882         -15.831          -12.566
   17 (occ)     1          -9.279           1.836         -19.811         -15.298          -11.957
   18 (occ)     1          -7.130           1.875         -22.281         -17.884           -9.653
   19 (occ)     1          -7.102           3.208         -24.889         -18.865           -9.917
   20 (occ)     1          -6.372           0.784         -18.877         -15.757           -8.708
   21 (occ)     1          -6.273           3.124         -25.011         -19.146           -9.013
   22 (vir)     1          -2.422          -2.254          -9.287         -14.321            0.359
   23 (vir)     1          -1.141          -2.734          -9.787         -15.383            1.721
   24 (vir)     1          -0.953          -1.072          -1.772          -4.538            0.742
   25 (vir)     1          -0.154          -0.894          -1.415          -3.833            1.370
   26 (vir)     1          -0.036          -0.797          -1.241          -3.452            1.378
   27 (vir)     1           0.365          -0.579          -0.550          -2.220            1.455
   28 (vir)     1           0.541          -0.910          -1.506          -3.990            2.115
   29 (vir)     1           0.817          -0.756          -1.117          -3.240            2.184
   30 (vir)     1           1.003          -0.627          -0.852          -2.774            2.297
   31 (vir)     1           1.080          -1.573          -2.678          -5.907            2.735
   32 (vir)     1           1.340          -0.712          -1.333          -3.224            2.520
   33 (vir)     1           1.645          -2.188          -4.091          -8.164            3.530
   34 (vir)     1           1.661          -0.730          -1.149          -3.215            2.997
   35 (vir)     1           1.839          -0.654          -0.964          -2.930            3.151
   36 (vir)     1           2.345          -0.968          -1.660          -4.021            3.738
   37 (vir)     1           2.505          -0.479          -0.466          -1.976            3.536
   38 (vir)     1           2.522          -0.383          -0.381          -1.696            3.453
   39 (vir)     1           2.564          -0.477          -0.494          -1.926            3.519
   40 (vir)     1           2.612          -0.505          -0.562          -2.169            3.714
   41 (vir)     1           2.924          -0.923          -1.515          -3.762            4.247
   42 (vir)     1           2.944          -1.322          -2.460          -5.439            4.601
   43 (vir)     1           2.974          -0.726          -0.806          -2.658            4.101
   44 (vir)     1           3.092          -0.735          -1.019          -3.079            4.416
   45 (vir)     1           3.303          -1.317          -2.615          -5.686            5.057
   46 (vir)     1           3.588          -1.705          -3.330          -7.055            5.608
   47 (vir)     1           3.964          -1.244          -2.115          -5.023            5.627
   48 (vir)     1           4.266          -1.533          -2.935          -6.378            6.175
   49 (vir)     1           4.472          -2.506          -5.382         -10.313            6.897
   50 (vir)     1           4.531          -0.756          -0.831          -2.938            5.882
   51 (vir)     1           4.945          -1.564          -2.747          -6.174            6.809
   52 (vir)     1           5.139          -0.973          -0.948          -3.380            6.598
   53 (vir)     1           5.331          -1.430          -2.350          -5.629            7.181
   54 (vir)     1           5.430          -1.658          -2.496          -6.113            7.389
   55 (vir)     1           5.680          -0.985          -1.313          -3.863            7.246
   56 (vir)     1           5.787          -0.822          -0.786          -3.045            7.225
   57 (vir)     1           6.080          -1.362          -2.484          -5.696            7.930
   58 (vir)     1           6.134          -0.764          -0.804          -2.990            7.556
   59 (vir)     1           6.347          -2.539          -4.862         -10.031            8.977
   60 (vir)     1           6.739          -2.343          -4.021          -8.822            9.197
   61 (vir)     1           6.885          -1.185          -1.224          -4.193            8.669
   62 (vir)     1           7.151          -1.227          -1.693          -4.661            8.892
   63 (vir)     1           7.378          -1.247          -1.025          -4.017            9.123
   64 (vir)     1           7.823          -1.551          -1.852          -5.297            9.716
   65 (vir)     1           7.856          -1.747          -1.591          -5.208            9.726
   66 (vir)     1           8.021          -2.170          -3.285          -7.630           10.197
   67 (vir)     1           8.366          -2.315          -3.563          -8.190           10.678
   68 (vir)     1           8.396          -1.293          -1.007          -3.880            9.976
   69 (vir)     1           8.838          -1.414          -1.787          -5.245           10.883
   70 (vir)     1           8.897          -1.204          -0.949          -3.719           10.463
   71 (vir)     1           9.776          -2.732          -3.777          -8.959           12.227
   72 (vir)     1          10.240          -1.595          -2.381          -6.980           13.244
   73 (vir)     1          10.290          -2.136          -2.621          -6.992           12.525
   74 (vir)     1          10.659          -1.812          -1.922          -5.891           12.816
   75 (vir)     1          11.056          -1.036          -0.914          -3.784           12.891
   76 (vir)     1          11.079          -2.006          -2.138          -6.430           13.365
   77 (vir)     1          11.844          -2.370          -2.831          -7.624           14.266
   78 (vir)     1          11.888          -2.092          -2.459          -6.914           14.251
   79 (vir)     1          12.035          -4.430          -6.067         -13.589           15.126
   80 (vir)     1          12.412          -2.748          -3.036          -8.401           15.029
   81 (vir)     1          13.043          -2.385          -2.769          -7.488           15.376
   82 (vir)     1          13.321          -3.202          -3.106          -8.780           15.794
   83 (vir)     1          13.417          -2.921          -2.114          -7.283           15.664
   84 (vir)     1          13.823          -3.823          -4.020         -10.632           16.611
   85 (vir)     1          13.970          -2.584          -1.970          -6.902           16.318
   86 (vir)     1          14.059          -3.222          -1.838          -7.009           16.008
   87 (vir)     1          14.093          -2.873          -2.750          -8.057           16.527
   88 (vir)     1          14.715          -2.878          -2.637          -8.048           17.248
   89 (vir)     1          14.878          -2.991          -2.641          -8.048           17.295
   90 (vir)     1          14.893          -2.817          -1.766          -6.882           17.192
   91 (vir)     1          15.633          -2.915          -2.691          -8.269           18.295
   92 (vir)     1          16.154          -2.353          -2.159          -7.038           18.680
   93 (vir)     1          16.520          -4.195          -4.078         -11.317           19.563
   94 (vir)     1          17.418          -3.635          -3.638         -10.219           20.364
   95 (vir)     1          17.679          -3.032          -1.648          -6.846           19.846
   96 (vir)     1          18.265          -3.043          -2.482          -8.200           20.940
   97 (vir)     1          18.337          -3.146          -2.682          -8.527           21.036
   98 (vir)     1          18.766          -3.966          -2.884          -9.181           21.096
   99 (vir)     1          19.403          -3.112          -2.198          -7.901           21.994
  100 (vir)     1          19.595          -3.971          -3.148          -9.745           22.221
  101 (vir)     1          20.050          -3.167          -2.153          -7.925           22.655
  102 (vir)     1          20.085          -2.575          -2.201          -7.419           22.728
  103 (vir)     1          20.804          -3.613          -3.249          -9.705           23.648
  104 (vir)     1          21.353          -3.883          -1.827          -7.856           23.499
  105 (vir)     1          21.744          -3.989          -3.025          -9.789           24.519
  106 (vir)     1          21.774          -3.203          -1.649          -7.178           24.100
  107 (vir)     1          21.938          -3.023          -1.863          -7.334           24.387
  108 (vir)     1          22.372          -3.561          -2.256          -8.392           24.946
  109 (vir)     1          22.897          -3.170          -1.553          -6.995           25.169
  110 (vir)     1          22.945          -4.158          -3.360         -10.479           25.906
  111 (vir)     1          23.745          -3.138          -2.453          -8.386           26.540
  112 (vir)     1          24.085          -3.748          -2.254          -8.362           26.444
  113 (vir)     1          24.151          -3.214          -2.535          -8.602           27.004
  114 (vir)     1          24.369          -3.946          -1.851          -7.947           26.519
  115 (vir)     1          24.965          -3.430          -2.344          -8.470           27.661
  116 (vir)     1          25.267          -3.818          -2.430          -8.627           27.645
  117 (vir)     1          25.275          -3.583          -2.700          -9.102           28.094
  118 (vir)     1          25.745          -3.525          -2.482          -8.838           28.577
  119 (vir)     1          26.060          -0.160          -3.265          -9.994           32.629
  120 (vir)     1          27.237          -3.483          -3.106         -10.218           30.867
  121 (vir)     1          27.243          -3.962          -1.908          -8.080           29.453
  122 (vir)     1          27.700          -4.012          -2.142          -8.385           29.931
  123 (vir)     1          29.057          -6.042          -3.153         -10.614           30.475
  124 (vir)     1          29.404          -3.503          -2.151          -8.107           31.857
  125 (vir)     1          30.663          -4.363          -2.150          -8.590           32.740
  126 (vir)     1          30.736          -5.583          -2.893          -9.990           32.249
  127 (vir)     1          32.364          -6.846          -2.920         -10.583           33.182
  128 (vir)     1          34.171          -5.645          -2.926         -10.523           36.123
  129 (vir)     1          34.255          -6.118          -2.939         -10.970           36.168
  130 (vir)     1          34.603          -8.315          -2.845         -11.571           35.014
  131 (vir)     1          35.029          -5.910          -3.308         -11.441           37.253
  132 (vir)     1          35.980          -5.921          -2.983         -10.893           37.970
  133 (vir)     1          37.989          -6.277          -2.649         -10.276           39.339
  134 (vir)     1          38.133          -6.189          -3.576         -11.867           40.235
  135 (vir)     1          39.540          -7.318          -3.827         -12.112           40.506
  136 (vir)     1          39.549          -6.345          -1.938          -8.940           40.207
  137 (vir)     1          39.720          -6.768          -2.933         -10.979           40.997
  138 (vir)     1          40.518          -7.085          -2.698         -10.620           41.356
  139 (vir)     1          41.496          -7.702          -3.086         -11.585           42.293
  140 (vir)     1          42.450          -8.913          -3.665         -12.255           42.127
  141 (vir)     1          42.502          -8.663          -3.263         -12.379           42.955
  142 (vir)     1          42.804          -8.651          -3.611         -12.360           42.902
  143 (vir)     1          43.815          -8.198          -3.213         -11.767           44.172
  144 (vir)     1          45.115         -10.268          -3.689         -12.981           44.138
  145 (vir)     1          45.814         -10.479          -3.265         -12.538           44.608
  146 (vir)     1          45.919         -11.397          -3.798         -13.450           44.174
  147 (vir)     1          46.672          -8.880          -3.650         -12.709           46.851
  148 (vir)     1          46.953         -11.041          -3.611         -12.972           45.273
  149 (vir)     1          47.492         -11.288          -3.174         -12.947           45.977
  150 (vir)     1          48.034         -10.996          -3.932         -13.650           46.756
  151 (vir)     1          48.832         -10.393          -3.488         -12.629           47.579
  152 (vir)     1          49.206          -8.021          -3.575         -12.859           50.469
  153 (vir)     1          49.722         -11.013          -3.569         -13.134           48.273
  154 (vir)     1          50.301           5.832          -4.168         -14.025           65.989
  155 (vir)     1          50.955          -9.109          -3.710         -13.599           51.734
  156 (vir)     1          51.984           5.721          -3.574         -13.168           67.299
  157 (vir)     1          52.372           5.329          -3.342         -13.311           67.670
  158 (vir)     1          53.525          -8.871          -3.598         -13.585           54.640
  159 (vir)     1          53.674         -10.981          -3.423         -12.919           52.190
  160 (vir)     1          54.615         -12.337          -3.290         -13.160           52.148
  161 (vir)     1          55.512           5.155          -3.242         -12.883           70.307
  162 (vir)     1          55.846          -8.917          -2.889         -12.233           56.274
  163 (vir)     1          57.139         -11.540          -3.211         -13.374           55.763
  164 (vir)     1          57.648         -11.945          -3.418         -13.634           55.920
  165 (vir)     1          57.842          -8.675          -3.492         -13.101           58.776
  166 (vir)     1          58.286           4.075          -3.462         -14.051           72.950
  167 (vir)     1          58.392          -9.850          -3.004         -12.974           58.512
  168 (vir)     1          58.756          -8.845          -3.215         -13.003           59.699
  169 (vir)     1          59.236           5.035          -2.944         -13.433           74.760
  170 (vir)     1          59.721           5.595          -3.151         -13.368           75.533
  171 (vir)     1          59.823           4.130          -3.229         -13.730           74.453
  172 (vir)     1          60.332           5.318          -3.163         -13.861           76.348
  173 (vir)     1          61.693           3.553          -3.037         -13.589           75.798
  174 (vir)     1          62.257           5.504          -3.331         -13.870           78.300
  175 (vir)     1          62.992           4.565          -3.289         -13.945           78.213
  176 (vir)     1          64.310           4.555          -3.180         -14.270           79.956
  177 (vir)     1          64.827           3.975          -2.950         -13.545           79.397
  178 (vir)     1          65.225           3.493          -2.883         -13.467           79.303
  179 (vir)     1          66.514           4.808          -3.087         -13.918           82.153
  180 (vir)     1          67.197           5.092          -3.151         -14.265           83.402
  181 (vir)     1          67.618           4.863          -2.960         -13.960           83.481
  182 (vir)     1          67.906           4.073          -2.642         -13.988           83.326
  183 (vir)     1          69.192           4.768          -3.113         -14.269           85.117
  184 (vir)     1          69.321           3.985          -2.576         -13.542           84.272
  185 (vir)     1          69.736           3.520          -2.339         -12.840           83.757
  186 (vir)     1          71.135           4.798          -2.856         -13.833           86.910
  187 (vir)     1          71.606           4.284          -2.780         -13.907           87.017
  188 (vir)     1          72.186           4.243          -2.178         -13.456           87.707
  189 (vir)     1          73.637           4.614          -3.174         -14.997           90.075
  190 (vir)     1          74.013           3.863          -2.482         -13.835           89.229
  191 (vir)     1          75.355           4.909          -2.566         -13.849           91.548
  192 (vir)     1          75.522           4.076          -2.460         -13.146           90.284
  193 (vir)     1          76.111           4.152          -3.458         -15.336           92.142
  194 (vir)     1          76.608           3.938          -2.859         -14.480           92.167
  195 (vir)     1          77.397           4.485          -2.801         -14.497           93.578
  196 (vir)     1          77.859           4.853          -3.182         -15.261           94.791
  197 (vir)     1          78.900           4.583          -3.418         -15.722           95.787
  198 (vir)     1          79.565           3.424          -3.071         -15.333           95.252
  199 (vir)     1          80.430           4.787          -2.688         -14.599           97.128
  200 (vir)     1          81.294           4.079          -2.711         -14.260           96.922
  201 (vir)     1          82.352           3.112          -2.590         -14.514           97.388
  202 (vir)     1          83.041           3.844          -2.845         -14.424           98.463
  203 (vir)     1          84.366           3.958          -2.528         -14.278          100.074
  204 (vir)     1          84.785           3.841          -2.494         -14.283          100.414
  205 (vir)     1          86.128           4.484          -2.811         -15.631          103.432
  206 (vir)     1          86.377           3.417          -2.464         -14.229          101.560
  207 (vir)     1          86.877           4.211          -2.574         -14.528          103.042
  208 (vir)     1          87.445           3.988          -2.553         -14.722          103.602
  209 (vir)     1          89.393           3.908          -2.583         -14.670          105.388
  210 (vir)     1          89.692           2.637          -2.312         -13.989          104.007
  211 (vir)     1          90.210           3.283          -2.705         -14.980          105.768
  212 (vir)     1          90.612           2.933          -2.774         -15.485          106.256
  213 (vir)     1          91.694           3.637          -3.020         -15.805          108.116
  214 (vir)     1          92.920           3.920          -2.897         -15.627          109.570
  215 (vir)     1          95.888           2.636          -2.925         -15.301          110.900
  216 (vir)     1          97.349           2.536          -2.105         -13.613          111.393
  217 (vir)     1         100.374           3.665          -2.700         -15.966          117.305
  218 (vir)     1         101.891           2.811          -2.473         -14.903          117.133
  219 (vir)     1         105.753           3.758          -2.856         -16.601          123.255
  220 (vir)     1         109.669           3.180          -2.699         -16.160          126.310
  221 (vir)     1         113.786           2.577          -2.533         -15.724          129.553
  222 (vir)     1         115.059           2.466          -3.069         -16.926          131.382
  223 (vir)     1         122.724           2.978          -2.860         -17.537          140.379
  224 (vir)     1         127.116           2.707          -2.738         -17.331          144.416
  225 (vir)     1         128.808           3.963          -3.327         -18.896          148.339
  226 (vir)     1         130.707           3.826          -3.477         -19.302          150.358
  227 (vir)     1         131.131           2.913          -2.793         -17.304          148.555
  228 (vir)     1         132.720           3.115          -3.727         -19.597          151.704
  229 (vir)     1         133.803           3.269          -3.783         -19.864          153.152
  230 (vir)     1         136.189           4.230          -3.247         -18.812          155.984
  231 (vir)     1         139.620           3.586          -3.199         -18.876          158.884
  232 (vir)     1         140.807           2.364          -2.703         -17.378          157.846
  233 (vir)     1         152.146           2.627          -1.817         -15.869          168.825
  234 (vir)     1         161.686           2.564          -1.649         -15.676          178.276
  235 (vir)     1         163.312           2.613          -1.555         -15.295          179.665
  236 (vir)     1         164.504           2.514          -1.582         -15.612          181.049
  237 (vir)     1         179.109           1.378          -5.203         -23.133          198.417
  238 (vir)     1         179.501           1.361          -5.113         -23.054          198.802
  239 (vir)     1         179.813           1.381          -5.152         -23.081          199.123
  240 (vir)     1         181.916           1.337          -4.941         -23.034          201.345
  241 (vir)     1         183.503           1.691          -4.872         -23.018          203.341
  242 (vir)     1         184.489           1.580          -4.625         -22.983          204.427
  243 (vir)     1         184.688           1.768          -4.813         -22.971          204.614
  244 (vir)     1         188.817           1.661          -4.802         -23.069          208.745
  245 (vir)     1         190.262           1.616          -5.008         -23.232          210.102
  246 (vir)     1         192.299           1.665          -4.870         -23.057          212.151
  247 (vir)     1         204.919           4.778          -1.814         -15.539          223.423
  248 (vir)     1         229.117           4.926          -2.043         -17.034          249.035
  249 (vir)     1         232.213           4.599          -2.020         -17.210          252.002
  250 (vir)     1         234.221           4.890          -1.876         -16.730          253.965
  251 (vir)     1         236.176           0.895          -3.076         -21.596          255.592
  252 (vir)     1         236.752           4.658          -1.637         -16.047          255.821
  253 (vir)     1         238.677           0.917          -3.065         -21.777          258.307
  254 (vir)     1         239.020           0.884          -3.203         -21.836          258.537
  255 (vir)     1         239.639           0.887          -2.919         -21.157          258.763
  256 (vir)     1         240.372           0.987          -3.253         -22.029          260.134
  257 (vir)     1         240.818           1.054          -2.573         -20.004          259.304
  258 (vir)     1         240.912           0.907          -2.980         -21.345          260.184
  259 (vir)     1         242.533           0.894          -3.047         -22.037          262.418
  260 (vir)     1         242.565           1.919          -2.011         -17.797          260.270
  261 (vir)     1         243.692           1.013          -2.720         -20.079          262.063
  262 (vir)     1         244.422           0.955          -3.234         -21.587          263.730
  263 (vir)     1         244.495           1.163          -3.267         -22.257          264.649
  264 (vir)     1         245.542           1.635          -3.151         -21.157          265.183
  265 (vir)     1         247.066           0.708          -3.295         -22.185          266.662
  266 (vir)     1         251.603           1.852          -2.542         -19.432          270.345
  267 (vir)     1         260.633           4.417          -2.247         -17.922          280.725
  268 (vir)     1         279.011           4.595          -2.659         -19.440          300.387
 
