 
  kpoint:       1             coordinate:     0.0000    0.0000    0.0000                  spin:  1
 
    n           k   ϵ_nk^DFT (eV)     Σ^c_nk (eV)     Σ^x_nk (eV)    v_nk^xc (eV)   ϵ_nk^G0W0 (eV)
 
    1 (occ)     1         -23.056           7.459         -28.872         -18.368          -26.100
    2 (occ)     1         -15.185           2.330         -20.987         -14.520          -19.322
    3 (occ)     1          -9.105           2.772         -23.136         -16.712          -12.756
    4 (occ)     1          -9.011           0.454         -19.158         -14.880          -12.835
    5 (occ)     1          -9.011           0.454         -19.158         -14.880          -12.835
    6 (vir)     1          -1.073          -1.633          -6.382         -11.867            2.779
    7 (vir)     1          -1.073          -1.633          -6.382         -11.867            2.779
    8 (vir)     1          -0.136          -0.645          -1.261          -3.673            1.631
    9 (vir)     1           0.682          -0.462          -1.006          -3.086            2.300
   10 (vir)     1           1.013          -0.316          -0.643          -2.076            2.131
   11 (vir)     1           1.013          -0.316          -0.643          -2.076            2.131
   12 (vir)     1           2.172          -0.383          -0.804          -2.507            3.492
   13 (vir)     1           2.496          -0.319          -0.579          -1.982            3.580
   14 (vir)     1           2.496          -0.319          -0.579          -1.982            3.580
   15 (vir)     1           2.545          -0.090          -0.068          -1.077            3.466
   16 (vir)     1           2.545          -0.090          -0.068          -1.077            3.466
   17 (vir)     1           2.824          -0.741          -1.647          -4.008            4.444
   18 (vir)     1           4.569          -0.177          -0.195          -1.472            5.669
   19 (vir)     1           4.680          -0.172          -0.158          -1.393            5.743
   20 (vir)     1           4.680          -0.172          -0.158          -1.393            5.743
   21 (vir)     1           6.839          -0.933          -1.732          -5.059            9.233
   22 (vir)     1           6.920          -0.552          -0.843          -3.452            8.976
   23 (vir)     1           6.920          -0.552          -0.843          -3.452            8.976
   24 (vir)     1           7.082          -1.493          -1.823          -5.908            9.674
   25 (vir)     1           7.082          -1.493          -1.823          -5.908            9.674
   26 (vir)     1          10.959          -2.009          -1.737          -6.420           13.633
   27 (vir)     1          10.959          -2.010          -1.737          -6.420           13.633
   28 (vir)     1          10.998          -2.182          -3.322          -8.679           14.173
   29 (vir)     1          11.833          -1.484          -2.035          -6.073           14.387
   30 (vir)     1          15.812          -1.156          -0.984          -4.977           18.649
   31 (vir)     1          15.812          -1.156          -0.984          -4.977           18.649
   32 (vir)     1          15.929          -2.243          -2.126          -7.469           19.029
   33 (vir)     1          17.115          -0.456          -0.334          -3.814           20.139
   34 (vir)     1          17.115          -0.456          -0.337          -3.814           20.137
   35 (vir)     1          17.542          -2.569          -1.715          -7.023           20.281
   36 (vir)     1          17.542          -2.569          -1.715          -7.023           20.281
   37 (vir)     1          21.859          -5.217          -4.257         -12.772           25.157
   38 (vir)     1          28.047          -4.889          -4.006         -11.727           30.880
   39 (vir)     1          33.155           3.172          -3.135         -11.234           44.425
   40 (vir)     1          33.155           3.171          -3.136         -11.234           44.424
   41 (vir)     1          33.290           2.157          -4.830         -13.809           44.426
   42 (vir)     1          33.290           2.156          -4.829         -13.809           44.425
   43 (vir)     1          38.946         -10.142          -2.645         -12.143           38.303
   44 (vir)     1          38.946         -10.141          -2.645         -12.143           38.303
   45 (vir)     1          43.011          -9.960          -4.021         -12.913           41.944
   46 (vir)     1          46.763           2.631          -3.950         -13.961           59.406
   47 (vir)     1          46.763           2.632          -3.949         -13.961           59.408
   48 (vir)     1          49.567           2.358          -2.099         -10.608           60.433
   49 (vir)     1          49.567           2.359          -2.100         -10.608           60.434
   50 (vir)     1          51.891          -4.693          -1.300          -9.419           55.318
   51 (vir)     1          51.891          -4.682          -1.317          -9.419           55.312
   52 (vir)     1          54.268           2.707          -3.077         -13.299           67.198
   53 (vir)     1          54.742           3.274          -2.623         -12.253           67.647
   54 (vir)     1          54.742           3.282          -2.623         -12.253           67.654
   55 (vir)     1          58.831           3.082          -2.035         -10.901           70.779
   56 (vir)     1          62.178           2.177          -2.414         -12.667           74.608
   57 (vir)     1          62.178           2.179          -2.414         -12.667           74.610
   58 (vir)     1          65.403           3.397          -3.444         -15.724           81.080
   59 (vir)     1          70.024           3.835          -3.202         -14.287           84.943
   60 (vir)     1          75.294           4.881          -3.030         -15.867           93.012
   61 (vir)     1          75.294           4.881          -3.030         -15.867           93.012
   62 (vir)     1          93.995           2.351          -2.922         -16.322          109.747
   63 (vir)     1          93.995           2.352          -2.923         -16.322          109.747
   64 (vir)     1          95.023           2.595          -3.521         -17.793          111.889
   65 (vir)     1         152.795           2.484          -1.641         -15.556          169.193
   66 (vir)     1         221.328           4.511          -1.974         -16.683          240.547
   67 (vir)     1         229.185           6.505          -1.047         -13.595          248.238
 
