 
  kpoint:       1             coordinate:     0.0000    0.0000    0.0000                  spin:  1
 
    n           k   ϵ_nk^DFT (eV)     Σ^c_nk (eV)     Σ^x_nk (eV)    v_nk^xc (eV)   ϵ_nk^G0W0 (eV)
 
    1 (occ)     1         -28.330          12.405         -31.979         -19.914          -27.989
    2 (occ)     1         -22.757           8.255         -30.646         -20.194          -24.954
    3 (occ)     1         -13.045           1.918         -24.106         -18.825          -16.407
    4 (occ)     1         -12.347           3.515         -25.547         -18.322          -16.057
    5 (occ)     1         -10.373           2.612         -24.880         -18.848          -13.793
    6 (occ)     1          -7.830           2.692         -25.728         -19.376          -11.491
    7 (occ)     1          -6.432           2.643         -26.010         -19.843           -9.955
    8 (vir)     1          -1.550          -2.743         -11.147         -18.699            3.259
    9 (vir)     1          -0.056          -0.404          -1.075          -3.369            1.835
   10 (vir)     1           2.119          -1.329          -3.406          -8.032            5.416
   11 (vir)     1           3.538          -1.020          -2.697          -6.465            6.286
   12 (vir)     1           3.811          -0.325          -0.728          -2.179            4.937
   13 (vir)     1           6.145          -0.372          -1.026          -3.876            8.623
   14 (vir)     1           6.449          -0.226          -0.362          -2.221            8.082
   15 (vir)     1           6.832          -0.947          -1.270          -5.032            9.647
   16 (vir)     1           7.460          -0.624          -1.491          -5.376           10.721
   17 (vir)     1           8.733          -1.594          -2.979          -8.158           12.317
   18 (vir)     1           9.046          -0.835          -2.385          -6.531           12.358
   19 (vir)     1          13.780          -2.276          -2.565          -8.578           17.517
   20 (vir)     1          14.346          -2.935          -4.498         -11.127           18.041
   21 (vir)     1          15.238          -2.963          -4.275         -10.700           18.700
   22 (vir)     1          16.943          -2.515          -3.511          -9.938           20.856
   23 (vir)     1          18.932          -3.633          -4.126         -11.760           22.933
   24 (vir)     1          20.842          -2.843          -2.999          -9.533           24.532
   25 (vir)     1          24.384          -3.479          -3.328         -10.114           27.692
   26 (vir)     1          25.131          -3.696          -3.292         -10.505           28.649
   27 (vir)     1          27.230          -3.083          -3.405         -10.702           31.444
   28 (vir)     1          30.882          -2.583          -4.915         -13.401           36.785
   29 (vir)     1          32.211          -2.353          -4.136         -12.444           38.165
   30 (vir)     1          34.103          -3.939          -4.063         -11.493           37.594
   31 (vir)     1          34.784          -4.659          -3.064         -10.117           37.178
   32 (vir)     1          36.334           3.482          -4.396         -13.332           48.751
   33 (vir)     1          40.186           3.109          -3.327         -11.995           51.964
   34 (vir)     1          45.066           4.420          -3.934         -13.531           59.083
   35 (vir)     1          48.560           4.160          -5.245         -16.702           64.177
   36 (vir)     1          49.130           3.236          -3.536         -12.395           61.225
   37 (vir)     1          50.327           3.569          -3.497         -13.207           63.605
   38 (vir)     1          55.721           2.746          -4.022         -14.456           68.900
   39 (vir)     1          58.063           2.534          -4.099         -15.123           71.620
   40 (vir)     1          59.892          -7.795          -2.836         -14.373           63.634
   41 (vir)     1          59.985           3.707          -3.753         -14.853           74.792
   42 (vir)     1          70.186           2.902          -3.097         -14.653           84.644
   43 (vir)     1          80.234           5.648          -2.015         -13.208           97.075
   44 (vir)     1         108.476           1.223          -2.610         -17.382          124.470
   45 (vir)     1         110.305           7.984          -2.268         -16.742          132.763
   46 (vir)     1         113.767           1.750          -2.297         -17.351          130.571
   47 (vir)     1         120.906           3.062          -2.606         -18.466          139.827
   48 (vir)     1         122.611          10.222          -2.569         -18.823          149.088
   49 (vir)     1         128.133           8.297          -2.360         -17.942          152.011
   50 (vir)     1         144.164           5.343          -2.429         -18.688          165.766
   51 (vir)     1         145.183           5.336          -2.282         -18.449          166.686
   52 (vir)     1         170.234           1.500          -4.198         -23.084          190.621
   53 (vir)     1         173.629           1.241          -4.807         -23.331          193.394
   54 (vir)     1         173.884           1.167          -5.274         -23.629          193.406
   55 (vir)     1         174.949           1.364          -4.977         -23.367          194.703
   56 (vir)     1         176.137           1.310          -4.986         -23.519          195.981
   57 (vir)     1         179.647           1.183          -4.729         -23.450          199.551
   58 (vir)     1         180.591           1.160          -4.901         -23.129          199.979
   59 (vir)     1         182.037           1.285          -4.506         -22.823          201.638
   60 (vir)     1         183.579           1.277          -4.642         -22.655          202.869
   61 (vir)     1         191.879           1.577          -4.209         -22.561          211.808
   62 (vir)     1         208.582           1.058          -2.296         -18.278          225.622
   63 (vir)     1         209.819           1.267          -2.783         -19.603          227.905
   64 (vir)     1         211.032           1.216          -2.816         -19.661          229.093
   65 (vir)     1         216.071           1.217          -2.923         -20.071          234.436
   66 (vir)     1         216.751           1.065          -2.484         -20.051          235.383
   67 (vir)     1         224.286           0.932          -2.416         -19.765          242.568
   68 (vir)     1         225.427           1.125          -2.733         -19.863          243.682
   69 (vir)     1         230.773           1.036          -2.893         -21.496          250.412
   70 (vir)     1         232.391           1.147          -3.073         -21.503          251.968
   71 (vir)     1         234.239           1.194          -2.823         -21.240          253.851
   72 (vir)     1         237.327           0.920          -2.099         -19.112          255.260
   73 (vir)     1         238.312           0.872          -2.679         -21.551          258.056
   74 (vir)     1         238.571           0.893          -2.826         -21.327          257.966
   75 (vir)     1         242.784           1.165          -3.266         -22.588          263.270
   76 (vir)     1         243.184           1.043          -3.108         -22.557          263.676
 
