 
  kpoint:       1             coordinate:     0.0000    0.0000    0.0000                  spin:  1
 
    n           k   ϵ_nk^DFT (eV)     Σ^c_nk (eV)     Σ^x_nk (eV)    v_nk^xc (eV)   ϵ_nk^G0W0 (eV)
 
    1 (occ)     1         -34.279          10.896         -35.795         -21.753          -37.424
    2 (occ)     1         -32.446          10.580         -37.569         -23.389          -36.045
    3 (occ)     1         -30.535          10.147         -37.237         -22.994          -34.631
    4 (occ)     1         -30.092          10.234         -37.837         -23.598          -34.096
    5 (occ)     1         -19.815           5.757         -28.545         -19.529          -23.074
    6 (occ)     1         -15.829           4.032         -28.520         -21.001          -19.317
    7 (occ)     1         -15.190           4.500         -28.599         -20.492          -18.797
    8 (occ)     1         -14.789           4.234         -26.673         -19.022          -18.207
    9 (occ)     1         -12.948           4.967         -29.912         -21.447          -16.446
   10 (occ)     1         -12.595           3.852         -29.497         -22.232          -16.008
   11 (occ)     1         -12.033           4.614         -29.803         -21.755          -15.467
   12 (occ)     1         -11.934           4.021         -30.265         -22.643          -15.536
   13 (occ)     1         -10.686           4.032         -29.457         -21.919          -14.193
   14 (occ)     1         -10.417           4.385         -30.260         -22.477          -13.815
   15 (occ)     1         -10.020           4.323         -31.102         -23.181          -13.618
   16 (occ)     1          -9.826           4.357         -31.375         -23.525          -13.320
   17 (occ)     1          -8.246           2.028         -25.199         -19.870          -11.547
   18 (vir)     1          -2.951          -1.839          -9.681         -15.164            0.694
   19 (vir)     1          -0.791          -2.288         -10.451         -16.614            3.084
   20 (vir)     1           0.292          -1.411          -6.653         -10.997            3.225
   21 (vir)     1           0.347          -0.700          -1.738          -4.382            2.290
   22 (vir)     1           1.457          -0.524          -1.130          -3.349            3.153
   23 (vir)     1           1.931          -0.700          -1.591          -4.204            3.844
   24 (vir)     1           2.107          -1.480          -5.946         -10.219            4.900
   25 (vir)     1           3.377          -1.016          -1.672          -4.886            5.575
   26 (vir)     1           4.013          -1.105          -1.377          -4.563            6.093
   27 (vir)     1           4.480          -1.561          -2.970          -6.899            6.848
   28 (vir)     1           4.929          -1.379          -3.407          -7.505            7.648
   29 (vir)     1           5.268          -1.325          -3.169          -7.152            7.926
   30 (vir)     1           6.532          -0.907          -1.827          -5.162            8.960
   31 (vir)     1           6.564          -1.381          -2.226          -6.067            9.023
   32 (vir)     1           8.199          -1.168          -2.118          -5.673           10.586
   33 (vir)     1           8.225          -3.551          -4.013         -10.669           11.331
   34 (vir)     1           8.860          -1.544          -3.109          -8.499           12.705
   35 (vir)     1           9.006          -2.770          -4.536         -11.099           12.799
   36 (vir)     1           9.839          -2.081          -3.345          -8.514           12.928
   37 (vir)     1          10.610          -1.827          -2.232          -7.268           13.819
   38 (vir)     1          13.752          -1.475          -3.782         -10.385           18.880
   39 (vir)     1          13.762          -2.406          -4.183         -10.291           17.463
   40 (vir)     1          13.991          -2.190          -3.412          -9.091           17.481
   41 (vir)     1          14.004          -2.945          -3.581          -9.627           17.105
   42 (vir)     1          15.710          -2.427          -3.397          -9.178           19.064
   43 (vir)     1          15.894          -2.113          -3.434          -9.717           20.064
   44 (vir)     1          16.149          -2.626          -3.577          -9.648           19.594
   45 (vir)     1          16.598          -2.513          -3.689          -9.567           19.962
   46 (vir)     1          17.821          -2.377          -2.890          -8.684           21.238
   47 (vir)     1          19.156          -2.270          -2.876          -8.852           22.862
   48 (vir)     1          19.192          -3.570          -4.671         -12.950           23.901
   49 (vir)     1          20.103          -2.114          -3.785         -10.704           24.908
   50 (vir)     1          20.255          -3.988          -2.938          -9.813           23.142
   51 (vir)     1          20.287          -2.525          -3.211          -9.482           24.033
   52 (vir)     1          20.515          -4.210          -3.009          -9.735           23.031
   53 (vir)     1          21.128          -2.492          -3.338          -9.564           24.863
   54 (vir)     1          21.555          -2.602          -2.741          -8.950           25.163
   55 (vir)     1          22.364          -3.467          -2.921          -9.258           25.234
   56 (vir)     1          23.170          -2.368          -2.407          -8.536           26.930
   57 (vir)     1          24.136          -2.695          -2.894          -9.279           27.826
   58 (vir)     1          24.984          -7.033          -3.178         -10.353           25.126
   59 (vir)     1          25.064          -2.890          -2.913          -9.371           28.633
   60 (vir)     1          26.400          -2.680          -3.013          -9.293           30.000
   61 (vir)     1          27.292          -3.239          -2.209          -8.712           30.556
   62 (vir)     1          28.151          -2.894          -2.737          -9.277           31.797
   63 (vir)     1          28.347          -3.113          -2.853          -9.604           31.985
   64 (vir)     1          29.224          -4.125          -2.705          -9.749           32.143
   65 (vir)     1          29.467          -5.403          -2.491         -10.109           31.682
   66 (vir)     1          31.087          -4.894          -2.368          -9.437           33.261
   67 (vir)     1          32.177          -3.608          -2.397         -10.029           36.200
   68 (vir)     1          32.667          -3.085          -2.400          -9.371           36.552
   69 (vir)     1          32.755          -3.699          -2.215          -9.046           35.886
   70 (vir)     1          32.892          -2.765          -2.518          -9.845           37.454
   71 (vir)     1          35.739          -5.882          -3.039         -10.587           37.404
   72 (vir)     1          36.802          -4.421          -2.216          -9.530           39.695
   73 (vir)     1          39.606          -3.657          -1.797          -8.883           43.035
   74 (vir)     1          40.040          -3.818          -2.163          -9.609           43.668
   75 (vir)     1          41.381          -7.081          -2.750         -10.393           41.944
   76 (vir)     1          42.187          -3.919          -1.985          -9.275           45.558
   77 (vir)     1          42.865          -5.698          -3.327         -11.589           45.429
   78 (vir)     1          44.432          -6.429          -2.837         -10.980           46.146
   79 (vir)     1          45.272          -6.739          -2.924         -10.990           46.599
   80 (vir)     1          45.712          -5.031          -2.434         -10.531           48.779
   81 (vir)     1          45.749          -4.599          -1.956          -9.869           49.062
   82 (vir)     1          46.947          -5.333          -1.965          -9.835           49.484
   83 (vir)     1          47.748          -6.604          -2.645         -11.039           49.538
   84 (vir)     1          48.339         -10.523          -2.375         -10.714           46.155
   85 (vir)     1          49.787           4.759          -3.141         -11.758           63.162
   86 (vir)     1          50.652          -7.914          -2.450         -10.788           51.076
   87 (vir)     1          51.136          -9.492          -2.460         -10.993           50.177
   88 (vir)     1          51.841          -8.656          -2.770         -11.246           51.661
   89 (vir)     1          52.006          -6.911          -2.305         -10.775           53.564
   90 (vir)     1          54.848           3.469          -4.015         -13.486           67.788
   91 (vir)     1          55.250          -8.019          -3.119         -11.985           56.097
   92 (vir)     1          55.371          -6.525          -3.361         -13.275           58.760
   93 (vir)     1          55.767          -6.253          -2.729         -11.557           58.341
   94 (vir)     1          56.674           3.890          -2.912         -12.333           69.985
   95 (vir)     1          57.004         -11.792          -3.685         -12.938           54.466
   96 (vir)     1          57.600           3.404          -3.227         -12.871           70.648
   97 (vir)     1          58.649         -10.083          -3.512         -12.647           57.700
   98 (vir)     1          59.562          -9.707          -3.437         -12.679           59.096
   99 (vir)     1          60.360         -11.060          -4.324         -14.342           59.318
  100 (vir)     1          61.017         -10.568          -3.029         -12.262           59.682
  101 (vir)     1          61.176         -11.736          -2.588         -11.835           58.688
  102 (vir)     1          61.708         -11.363          -4.425         -14.570           60.490
  103 (vir)     1          62.086           4.846          -3.768         -13.545           76.709
  104 (vir)     1          63.631         -12.656          -5.528         -16.150           61.597
  105 (vir)     1          64.741          -2.647          -5.016         -15.343           72.422
  106 (vir)     1          70.697           2.891          -4.903         -15.946           84.631
  107 (vir)     1          71.024           3.108          -4.895         -15.768           85.005
  108 (vir)     1          71.191           3.301          -5.226         -16.638           85.904
  109 (vir)     1          81.570           1.418          -6.824         -18.677           94.840
  110 (vir)     1          84.033           2.916          -6.585         -18.563           98.927
  111 (vir)     1          84.140           4.069          -6.780         -19.133          100.562
  112 (vir)     1          85.531           2.679          -6.633         -19.271          100.847
  113 (vir)     1          87.867           4.571          -6.470         -18.765          104.733
  114 (vir)     1          88.839           0.809          -6.295         -19.158          102.511
  115 (vir)     1          89.889           2.023          -6.499         -19.369          104.782
  116 (vir)     1          91.770           2.157          -6.593         -19.697          107.030
  117 (vir)     1          91.784           2.048          -6.305         -20.638          108.165
  118 (vir)     1          93.422           3.208          -6.159         -19.969          110.440
  119 (vir)     1          95.052           3.334          -5.998         -19.884          112.272
  120 (vir)     1          95.766           3.279          -5.921         -19.786          112.910
  121 (vir)     1          96.078           3.049          -5.711         -20.141          113.556
  122 (vir)     1          96.671           2.787          -6.113         -21.223          114.567
  123 (vir)     1          98.757           2.321          -6.240         -19.182          114.020
  124 (vir)     1         102.257           2.241          -5.020         -18.438          117.916
  125 (vir)     1         102.266           3.136          -5.949         -19.210          118.664
  126 (vir)     1         102.785           3.310          -5.247         -19.759          120.607
  127 (vir)     1         112.031           2.804          -4.800         -18.301          128.336
  128 (vir)     1         117.948           5.374          -5.671         -22.704          140.355
  129 (vir)     1         119.490           3.713          -4.517         -20.156          138.842
  130 (vir)     1         119.673           5.941          -5.712         -22.842          142.744
  131 (vir)     1         120.996           6.071          -5.720         -22.716          144.062
  132 (vir)     1         123.046           2.656          -5.334         -20.482          140.849
  133 (vir)     1         123.662           3.828          -4.669         -19.691          142.511
  134 (vir)     1         128.506           2.796          -4.803         -21.345          147.844
  135 (vir)     1         129.627           4.032          -5.125         -21.494          150.027
  136 (vir)     1         136.948           3.520          -4.680         -20.228          156.016
  137 (vir)     1         139.556           2.749          -4.851         -20.432          157.886
  138 (vir)     1         143.144           3.778          -5.068         -21.643          163.497
  139 (vir)     1         143.178           2.890          -2.616         -15.146          158.599
  140 (vir)     1         156.836           3.050          -5.156         -22.545          177.276
  141 (vir)     1         158.141           2.695          -5.043         -22.136          177.929
  142 (vir)     1         171.139           7.131          -3.313         -17.827          192.783
  143 (vir)     1         174.213           1.182          -3.140         -17.714          189.970
  144 (vir)     1         215.160           0.727          -2.136         -16.470          230.220
  145 (vir)     1         286.004           0.910          -1.734         -17.700          302.880
 
