 
  kpoint:       1             coordinate:     0.0000    0.0000    0.0000                  spin:  1
 
    n           k   ϵ_nk^DFT (eV)     Σ^c_nk (eV)     Σ^x_nk (eV)    v_nk^xc (eV)   ϵ_nk^G0W0 (eV)
 
    1 (occ)     1         -19.906           7.427         -26.680         -17.170          -21.990
    2 (occ)     1          -9.355           0.163         -17.264         -13.639          -12.817
    3 (occ)     1          -7.443           0.721         -18.251         -14.097          -10.876
    4 (occ)     1          -7.443           0.721         -18.242         -14.097          -10.868
    5 (vir)     1          -7.219          -1.317          -6.324         -11.278           -3.583
    6 (vir)     1          -0.999          -1.521          -5.126         -10.087            2.441
    7 (vir)     1          -0.999          -1.532          -5.122         -10.087            2.434
    8 (vir)     1           1.995          -0.525          -0.666          -2.996            3.799
    9 (vir)     1           2.418          -1.096          -0.675          -3.476            4.123
   10 (vir)     1           2.626          -0.219          -0.210          -1.664            3.862
   11 (vir)     1           2.626          -0.213          -0.210          -1.664            3.867
   12 (vir)     1           3.202          -0.373          -0.617          -2.295            4.506
   13 (vir)     1           3.202          -0.372          -0.616          -2.295            4.508
   14 (vir)     1           3.559          -1.040          -1.252          -4.470            5.737
   15 (vir)     1           3.559          -1.039          -1.252          -4.470            5.738
   16 (vir)     1           3.748          -0.570          -0.840          -3.113            5.452
   17 (vir)     1           5.922          -0.762          -0.495          -2.968            7.634
   18 (vir)     1           5.922          -0.761          -0.495          -2.968            7.635
   19 (vir)     1           5.970          -0.486          -0.663          -3.418            8.239
   20 (vir)     1           5.978          -0.396          -0.282          -2.360            7.659
   21 (vir)     1           5.978          -0.397          -0.282          -2.360            7.658
   22 (vir)     1           8.160          -0.238          -0.152          -2.524           10.294
   23 (vir)     1           8.160          -0.273          -0.152          -2.524           10.259
   24 (vir)     1           8.448          -0.557          -0.572          -3.180           10.498
   25 (vir)     1           8.448          -0.558          -0.572          -3.180           10.498
   26 (vir)     1           9.529          -1.014          -0.852          -3.927           11.590
   27 (vir)     1           9.810          -0.677          -0.770          -3.634           11.997
   28 (vir)     1           9.810          -0.697          -0.768          -3.634           11.979
   29 (vir)     1          12.329          -0.835          -3.295          -9.876           18.075
   30 (vir)     1          16.344          -1.454          -1.676          -6.393           19.606
   31 (vir)     1          20.645          -2.807          -1.743          -8.304           24.399
   32 (vir)     1          20.645          -2.868          -1.742          -8.304           24.339
   33 (vir)     1          22.669           1.051          -2.119          -9.713           31.313
   34 (vir)     1          23.664          -4.298          -2.321          -9.273           26.319
   35 (vir)     1          23.664          -4.305          -2.321          -9.273           26.311
   36 (vir)     1          24.067          -2.022          -2.523          -9.552           29.074
   37 (vir)     1          24.067          -2.031          -2.521          -9.552           29.066
   38 (vir)     1          26.009           0.101          -2.844         -10.307           33.573
   39 (vir)     1          26.009           0.122          -2.841         -10.307           33.597
   40 (vir)     1          36.349          -2.103          -2.875         -10.668           42.040
   41 (vir)     1          41.441           0.560          -4.450         -14.103           51.654
   42 (vir)     1          41.441           0.589          -4.457         -14.103           51.676
   43 (vir)     1          44.748          -1.344          -3.219         -13.013           53.197
   44 (vir)     1          48.980           2.095          -2.093         -10.568           59.551
   45 (vir)     1          50.932          -0.574          -1.820         -10.038           58.577
   46 (vir)     1          50.932           3.081          -1.817         -10.038           62.235
   47 (vir)     1          53.485          -6.599          -2.153         -11.489           56.222
   48 (vir)     1          53.485          -3.901          -2.152         -11.489           58.921
   49 (vir)     1          57.625          -8.561          -2.025         -11.038           58.076
   50 (vir)     1          57.625           4.288          -2.026         -11.038           70.925
   51 (vir)     1          61.279           1.567          -3.187         -14.062           73.720
   52 (vir)     1          61.279           1.539          -3.209         -14.062           73.670
   53 (vir)     1          67.339           1.457          -3.291         -15.192           80.697
   54 (vir)     1          72.656          -1.296          -2.617         -14.075           82.818
   55 (vir)     1          72.656          -2.108          -2.704         -14.075           81.919
   56 (vir)     1          73.260           1.392          -1.793         -11.693           84.553
   57 (vir)     1         140.353           2.836          -0.603          -8.881          151.467
   58 (vir)     1         200.829           3.506          -2.118         -15.765          217.982
 
