 
  kpoint:       1             coordinate:     0.0000    0.0000    0.0000                  spin:  1
 
    n           k   ϵ_nk^DFT (eV)     Σ^c_nk (eV)     Σ^x_nk (eV)    v_nk^xc (eV)   ϵ_nk^G0W0 (eV)
 
    1 (occ)     1         -19.568           6.023         -24.249         -14.909          -22.885
    2 (occ)     1         -17.763           5.192         -23.650         -14.925          -21.295
    3 (occ)     1         -15.369           4.140         -22.815         -14.935          -19.109
    4 (occ)     1         -13.994           3.460         -21.767         -14.510          -17.791
    5 (occ)     1         -11.356           2.079         -19.370         -13.582          -15.065
    6 (occ)     1         -10.300           1.757         -19.427         -14.092          -13.878
    7 (occ)     1         -10.155           1.742         -19.535         -14.324          -13.624
    8 (occ)     1          -9.869           1.594         -19.220         -13.894          -13.602
    9 (occ)     1          -8.803           1.331         -19.275         -14.342          -12.405
   10 (occ)     1          -8.299           1.199         -19.097         -14.203          -11.993
   11 (occ)     1          -7.988           1.198         -19.189         -14.789          -11.191
   12 (occ)     1          -7.659           1.104         -19.077         -14.650          -10.982
   13 (occ)     1          -7.570           1.037         -18.582         -13.888          -11.227
   14 (vir)     1          -0.338          -0.738          -1.324          -3.656            1.257
   15 (vir)     1           0.015          -0.658          -1.042          -3.218            1.532
   16 (vir)     1           0.224          -0.613          -0.881          -2.903            1.632
   17 (vir)     1           0.272          -0.622          -0.979          -3.026            1.697
   18 (vir)     1           0.786          -0.549          -0.803          -2.675            2.109
   19 (vir)     1           1.041          -0.533          -0.737          -2.587            2.359
   20 (vir)     1           1.150          -0.428          -0.545          -2.123            2.300
   21 (vir)     1           1.195          -0.429          -0.464          -2.010            2.313
   22 (vir)     1           1.290          -0.478          -0.725          -2.392            2.479
   23 (vir)     1           1.630          -0.604          -0.950          -2.951            3.026
   24 (vir)     1           1.955          -0.464          -0.614          -2.272            3.150
   25 (vir)     1           2.079          -0.383          -0.424          -1.885            3.158
   26 (vir)     1           2.220          -0.612          -0.898          -3.017            3.728
   27 (vir)     1           2.430          -0.424          -0.430          -2.095            3.672
   28 (vir)     1           2.779          -0.840          -1.516          -3.888            4.311
   29 (vir)     1           3.343          -0.615          -0.890          -2.909            4.746
   30 (vir)     1           3.611          -1.089          -2.182          -5.226            5.566
   31 (vir)     1           3.650          -0.941          -1.668          -4.417            5.458
   32 (vir)     1           3.766          -1.223          -2.541          -5.863            5.865
   33 (vir)     1           3.852          -0.865          -1.498          -3.951            5.440
   34 (vir)     1           3.861          -1.047          -1.912          -5.040            5.942
   35 (vir)     1           4.201          -1.189          -2.006          -5.287            6.294
   36 (vir)     1           4.274          -0.769          -1.265          -3.588            5.827
   37 (vir)     1           4.361          -1.000          -1.970          -4.795            6.185
   38 (vir)     1           4.449          -0.935          -1.469          -4.231            6.276
   39 (vir)     1           4.641          -0.769          -1.160          -3.560            6.272
   40 (vir)     1           4.671          -1.123          -1.994          -4.941            6.495
   41 (vir)     1           4.942          -0.767          -1.001          -3.501            6.674
   42 (vir)     1           4.961          -1.077          -1.854          -4.879            6.909
   43 (vir)     1           5.137          -1.327          -2.358          -5.863            7.315
   44 (vir)     1           5.152          -1.151          -2.024          -5.143            7.120
   45 (vir)     1           5.367          -1.958          -3.874          -8.578            8.114
   46 (vir)     1           5.653          -0.757          -0.940          -3.303            7.259
   47 (vir)     1           5.671          -0.902          -1.359          -4.069            7.480
   48 (vir)     1           6.191          -1.361          -2.071          -5.645            8.403
   49 (vir)     1           6.421          -1.570          -2.628          -6.471            8.694
   50 (vir)     1           6.591          -1.208          -1.519          -4.865            8.729
   51 (vir)     1           6.826          -1.189          -1.635          -4.771            8.773
   52 (vir)     1           7.249          -0.895          -1.421          -4.209            9.142
   53 (vir)     1           7.566          -1.605          -2.357          -6.429           10.032
   54 (vir)     1           7.768          -1.404          -2.236          -5.854            9.982
   55 (vir)     1           7.942          -1.126          -1.249          -4.525           10.091
   56 (vir)     1           8.417          -1.341          -1.939          -5.678           10.814
   57 (vir)     1           8.567          -0.911          -0.770          -3.702           10.588
   58 (vir)     1           8.813          -1.194          -1.241          -4.704           11.082
   59 (vir)     1           9.013          -1.772          -2.366          -6.452           11.328
   60 (vir)     1           9.418          -1.086          -0.738          -3.997           11.591
   61 (vir)     1           9.956          -1.384          -1.611          -5.179           12.140
   62 (vir)     1          10.331          -0.973          -0.429          -3.430           12.359
   63 (vir)     1          10.349          -1.198          -0.782          -4.215           12.583
   64 (vir)     1          10.917          -1.597          -1.323          -5.153           13.151
   65 (vir)     1          11.072          -1.085          -0.735          -4.052           13.304
   66 (vir)     1          12.247          -2.891          -2.952          -8.598           15.001
   67 (vir)     1          12.379          -3.125          -3.221          -9.139           15.172
   68 (vir)     1          12.486          -1.979          -2.399          -6.917           15.024
   69 (vir)     1          12.784          -2.302          -2.406          -7.374           15.450
   70 (vir)     1          12.996          -2.064          -2.477          -7.217           15.672
   71 (vir)     1          13.033          -2.547          -2.703          -7.929           15.712
   72 (vir)     1          13.199          -1.700          -1.629          -5.764           15.634
   73 (vir)     1          13.381          -1.936          -1.708          -6.232           15.969
   74 (vir)     1          13.962          -1.460          -0.848          -4.639           16.292
   75 (vir)     1          14.092          -3.318          -3.253          -9.606           17.128
   76 (vir)     1          14.323          -3.334          -3.086          -9.356           17.258
   77 (vir)     1          14.363          -2.506          -2.284          -7.548           17.121
   78 (vir)     1          14.789          -1.945          -1.228          -5.587           17.203
   79 (vir)     1          14.920          -1.752          -1.362          -5.693           17.499
   80 (vir)     1          15.331          -1.776          -1.338          -5.634           17.851
   81 (vir)     1          15.586          -2.736          -2.408          -7.934           18.377
   82 (vir)     1          15.958          -1.870          -2.069          -6.757           18.776
   83 (vir)     1          16.154          -2.931          -2.643          -8.254           18.834
   84 (vir)     1          17.010          -1.543          -0.907          -4.881           19.441
   85 (vir)     1          17.085          -2.508          -2.203          -7.426           19.800
   86 (vir)     1          17.707          -2.935          -2.097          -7.754           20.430
   87 (vir)     1          18.714          -2.631          -1.942          -7.172           21.312
   88 (vir)     1          18.773          -2.644          -1.367          -6.703           21.466
   89 (vir)     1          18.822          -2.200          -1.772          -6.774           21.625
   90 (vir)     1          18.929          -2.175          -1.376          -6.131           21.509
   91 (vir)     1          19.623          -2.478          -2.055          -7.388           22.477
   92 (vir)     1          19.834          -2.272          -1.089          -5.838           22.311
   93 (vir)     1          21.452          -2.623          -1.624          -6.966           24.170
   94 (vir)     1          21.570          -3.248          -2.355          -8.535           24.502
   95 (vir)     1          22.009          -3.429          -2.094          -8.307           24.792
   96 (vir)     1          22.037          -2.763          -1.640          -7.054           24.688
   97 (vir)     1          22.612          -2.856          -1.436          -6.874           25.194
   98 (vir)     1          22.779          -2.604          -1.324          -6.437           25.288
   99 (vir)     1          23.323          -2.340          -1.475          -6.423           25.931
  100 (vir)     1          23.396          -2.660          -1.152          -6.453           26.037
  101 (vir)     1          23.406          -3.067          -1.608          -7.332           26.063
  102 (vir)     1          24.353          -2.847          -1.189          -6.427           26.744
  103 (vir)     1          24.479          -2.981          -1.596          -7.087           26.989
  104 (vir)     1          25.239          -3.160          -1.530          -7.251           27.799
  105 (vir)     1          25.354          -3.007          -1.765          -7.426           28.008
  106 (vir)     1          25.457          -3.168          -2.135          -8.074           28.228
  107 (vir)     1          26.964          -3.012          -1.366          -6.858           29.445
  108 (vir)     1          27.968          -3.896          -2.191          -8.696           30.577
  109 (vir)     1          28.082          -3.432          -1.727          -7.482           30.405
  110 (vir)     1          28.593          -4.217          -2.217          -8.995           31.154
  111 (vir)     1          30.261          -3.901          -2.055          -8.355           32.660
  112 (vir)     1          31.942          -4.054          -2.211          -8.501           34.178
  113 (vir)     1          32.177          -4.492          -2.362          -8.764           34.087
  114 (vir)     1          32.638          -3.944          -1.431          -7.581           34.843
  115 (vir)     1          33.673          -4.474          -2.047          -8.673           35.825
  116 (vir)     1          34.732          -5.143          -2.525          -9.603           36.667
  117 (vir)     1          34.874          -5.488          -1.495          -7.705           35.596
  118 (vir)     1          35.018          -4.880          -2.207          -8.996           36.927
  119 (vir)     1          35.578          -5.348          -2.478          -9.453           37.205
  120 (vir)     1          35.755          -5.683          -2.065          -9.369           37.376
  121 (vir)     1          36.280          -4.827          -2.069          -8.853           38.237
  122 (vir)     1          36.748          -5.610          -1.531          -8.117           37.723
  123 (vir)     1          37.531          -5.493          -1.859          -9.061           39.240
  124 (vir)     1          38.027          -6.726          -1.649          -8.592           38.245
  125 (vir)     1          38.563          -6.008          -2.136          -9.562           39.981
  126 (vir)     1          40.654          -5.334          -1.394          -7.827           41.753
  127 (vir)     1          40.974          -6.953          -2.454         -10.632           42.199
  128 (vir)     1          41.801          -6.643          -2.183          -9.726           42.701
  129 (vir)     1          42.757          -8.391          -2.490         -10.473           42.348
  130 (vir)     1          42.996          -7.009          -1.907          -9.357           43.438
  131 (vir)     1          44.993          -9.578          -1.955          -9.979           43.439
  132 (vir)     1          46.175          -9.019          -2.397         -10.707           45.466
  133 (vir)     1          46.238          -9.673          -2.803         -11.752           45.515
  134 (vir)     1          46.608          -9.651          -2.582         -11.794           46.169
  135 (vir)     1          48.757         -10.054          -2.281         -10.921           47.344
  136 (vir)     1          49.759         -11.657          -2.890         -12.104           47.316
  137 (vir)     1          50.730         -12.143          -2.717         -11.833           47.703
  138 (vir)     1          51.932         -11.813          -2.441         -11.954           49.631
  139 (vir)     1          52.541         -12.169          -2.608         -11.933           49.697
  140 (vir)     1          53.532         -10.739          -3.198         -13.147           52.742
  141 (vir)     1          54.109          -8.911          -2.595         -12.057           54.660
  142 (vir)     1          55.858          -5.867          -2.574         -12.805           60.222
  143 (vir)     1          55.877          -9.388          -2.550         -12.197           56.136
  144 (vir)     1          55.928         -10.027          -2.660         -12.427           55.668
  145 (vir)     1          56.258         -10.079          -2.539         -12.450           56.090
  146 (vir)     1          56.923           4.967          -2.742         -12.407           71.555
  147 (vir)     1          58.184         -10.204          -2.458         -12.439           57.961
  148 (vir)     1          58.984           5.500          -3.132         -14.015           75.367
  149 (vir)     1          59.055           4.708          -2.354         -12.289           73.698
  150 (vir)     1          59.222           4.527          -2.561         -12.378           73.566
  151 (vir)     1          61.950           4.419          -2.400         -12.462           76.432
  152 (vir)     1          63.243           4.075          -2.640         -13.087           77.765
  153 (vir)     1          63.935           4.234          -2.524         -13.054           78.699
  154 (vir)     1          64.195           4.252          -2.616         -12.959           78.789
  155 (vir)     1          64.457           4.189          -2.429         -12.657           78.875
  156 (vir)     1          65.636           4.391          -2.457         -13.109           80.678
  157 (vir)     1          66.014           4.509          -2.619         -13.490           81.394
  158 (vir)     1          67.280           4.024          -2.447         -12.895           81.752
  159 (vir)     1          67.415           4.254          -2.256         -12.672           82.085
  160 (vir)     1          67.759           4.932          -2.382         -13.504           83.813
  161 (vir)     1          68.659           3.797          -2.514         -13.071           83.014
  162 (vir)     1          69.430           4.540          -2.252         -13.222           84.939
  163 (vir)     1          69.870           3.961          -2.286         -13.012           84.558
  164 (vir)     1          71.105           4.254          -2.353         -13.481           86.487
  165 (vir)     1          71.459           3.675          -2.227         -13.170           86.076
  166 (vir)     1          72.227           4.119          -2.292         -13.579           87.632
  167 (vir)     1          72.958           4.181          -2.280         -13.463           88.322
  168 (vir)     1          73.362           3.659          -2.238         -13.260           88.043
  169 (vir)     1          73.997           3.276          -2.213         -12.566           87.626
  170 (vir)     1          74.270           3.991          -2.132         -13.285           89.413
  171 (vir)     1          75.030           3.844          -2.259         -13.705           90.321
  172 (vir)     1          77.159           3.400          -2.252         -13.478           91.784
  173 (vir)     1          77.827           3.346          -2.214         -13.299           92.259
  174 (vir)     1          79.308           2.792          -2.265         -13.296           93.131
  175 (vir)     1          79.793           4.007          -2.126         -13.720           95.394
  176 (vir)     1          80.696           3.447          -2.304         -13.698           95.537
  177 (vir)     1          80.787           3.559          -2.033         -13.309           95.623
  178 (vir)     1          81.410           3.343          -2.372         -14.123           96.504
  179 (vir)     1          81.937           3.378          -2.131         -13.495           96.678
  180 (vir)     1          82.806           2.443          -1.853         -12.082           95.479
  181 (vir)     1          86.542           2.828          -2.054         -13.267          100.584
  182 (vir)     1          87.726           2.631          -1.984         -13.054          101.426
  183 (vir)     1          89.640           2.862          -2.311         -14.010          104.200
  184 (vir)     1          98.294           2.328          -2.233         -14.247          112.636
  185 (vir)     1         101.051           2.367          -2.322         -15.008          116.105
  186 (vir)     1         101.546           2.385          -2.103         -14.461          116.289
  187 (vir)     1         104.347           2.352          -2.242         -15.110          119.568
  188 (vir)     1         111.437           1.982          -2.003         -14.298          125.714
  189 (vir)     1         112.287           2.080          -1.975         -14.344          126.737
  190 (vir)     1         112.730           2.066          -2.013         -14.513          127.296
  191 (vir)     1         113.359           2.001          -1.954         -14.274          127.679
  192 (vir)     1         117.296           2.072          -1.905         -14.391          131.854
  193 (vir)     1         156.969           2.562          -1.713         -15.819          173.638
  194 (vir)     1         162.422           2.434          -1.676         -15.863          179.042
  195 (vir)     1         162.912           2.474          -1.668         -15.870          179.589
  196 (vir)     1         163.269           2.447          -1.662         -15.865          179.918
  197 (vir)     1         163.274           2.464          -1.660         -15.867          179.945
  198 (vir)     1         163.845           2.520          -1.673         -15.894          180.586
  199 (vir)     1         163.928           2.622          -1.739         -16.232          181.043
  200 (vir)     1         164.179           2.536          -1.675         -15.912          180.952
  201 (vir)     1         165.178           2.633          -1.698         -16.111          182.224
  202 (vir)     1         165.976           2.632          -1.680         -16.062          182.991
  203 (vir)     1         208.973           8.699          -0.901         -12.369          229.141
  204 (vir)     1         238.820          -0.908          -0.884         -13.291          250.319
  205 (vir)     1         241.106           0.657          -0.894         -13.435          254.304
  206 (vir)     1         242.092           2.630          -0.903         -13.521          257.341
 
