 
  kpoint:       1             coordinate:     0.0000    0.0000    0.0000                  spin:  1
 
    n           k   ϵ_nk^DFT (eV)     Σ^c_nk (eV)     Σ^x_nk (eV)    v_nk^xc (eV)   ϵ_nk^G0W0 (eV)
 
    1 (occ)     1         -26.094          10.456         -30.718         -19.095          -27.260
    2 (occ)     1         -22.985           8.115         -28.942         -18.431          -25.381
    3 (occ)     1         -22.003           6.124         -27.498         -17.527          -25.851
    4 (occ)     1         -15.159           3.070         -23.571         -16.805          -18.855
    5 (occ)     1         -13.766           2.450         -22.728         -16.663          -17.381
    6 (occ)     1         -13.463           2.484         -22.557         -16.213          -17.323
    7 (occ)     1         -11.540           1.653         -22.289         -16.790          -15.384
    8 (occ)     1         -10.396           2.808         -21.034         -15.363          -13.259
    9 (occ)     1          -9.839           3.627         -26.022         -19.139          -13.096
   10 (occ)     1          -6.623           1.820         -20.790         -16.037           -9.556
   11 (occ)     1          -6.504           2.140         -22.721         -17.700           -9.385
   12 (occ)     1          -5.914           2.859         -24.655         -18.761           -8.949
   13 (vir)     1          -0.821          -0.837          -1.531          -4.186            0.997
   14 (vir)     1          -0.145          -1.245          -4.044          -7.548            2.114
   15 (vir)     1           0.242          -1.130          -3.628          -6.815            2.299
   16 (vir)     1           0.383          -0.647          -1.241          -3.437            1.932
   17 (vir)     1           0.978          -0.964          -3.428          -6.275            2.861
   18 (vir)     1           1.123          -0.637          -1.486          -3.666            2.667
   19 (vir)     1           1.286          -0.487          -0.713          -2.535            2.621
   20 (vir)     1           1.618          -0.500          -0.776          -2.703            3.045
   21 (vir)     1           1.773          -0.364          -0.604          -2.158            2.963
   22 (vir)     1           1.896          -0.344          -0.495          -2.038            3.096
   23 (vir)     1           2.330          -0.644          -1.146          -3.352            3.892
   24 (vir)     1           2.848          -0.502          -0.993          -2.881            4.234
   25 (vir)     1           3.186          -0.699          -1.279          -3.533            4.742
   26 (vir)     1           3.359          -0.384          -0.480          -2.099            4.595
   27 (vir)     1           3.452          -0.451          -0.665          -2.409            4.745
   28 (vir)     1           3.476          -0.425          -0.665          -2.242            4.628
   29 (vir)     1           3.559          -0.876          -1.468          -4.142            5.356
   30 (vir)     1           3.873          -0.914          -1.874          -4.507            5.592
   31 (vir)     1           4.341          -1.074          -1.999          -4.905            6.174
   32 (vir)     1           4.589          -0.575          -1.007          -3.144            6.151
   33 (vir)     1           4.817          -0.504          -0.604          -2.529            6.238
   34 (vir)     1           4.849          -1.002          -1.979          -4.850            6.718
   35 (vir)     1           5.295          -0.968          -1.560          -4.485            7.253
   36 (vir)     1           6.190          -1.152          -1.742          -5.122            8.418
   37 (vir)     1           6.736          -1.137          -1.784          -5.154            8.970
   38 (vir)     1           6.998          -0.977          -1.458          -4.567            9.130
   39 (vir)     1           7.510          -0.915          -1.299          -4.355            9.651
   40 (vir)     1           7.685          -1.892          -2.978          -7.544           10.360
   41 (vir)     1           8.271          -1.188          -1.965          -5.561           10.679
   42 (vir)     1           9.242          -1.793          -3.343          -7.693           11.799
   43 (vir)     1           9.432          -3.046          -4.764         -10.806           12.428
   44 (vir)     1           9.607          -1.405          -2.747          -6.297           11.751
   45 (vir)     1          10.186          -1.836          -2.916          -7.383           12.817
   46 (vir)     1          10.469          -2.269          -3.195          -8.411           13.416
   47 (vir)     1          11.592          -1.542          -1.862          -5.928           14.117
   48 (vir)     1          12.415          -1.778          -1.218          -5.234           14.653
   49 (vir)     1          12.763          -1.600          -1.138          -5.211           15.236
   50 (vir)     1          12.864          -1.656          -2.070          -6.268           15.405
   51 (vir)     1          13.567          -3.074          -3.314          -9.321           16.500
   52 (vir)     1          13.742          -1.678          -2.052          -6.310           16.322
   53 (vir)     1          14.017          -2.644          -2.983          -8.465           16.855
   54 (vir)     1          14.300          -2.052          -2.495          -7.127           16.879
   55 (vir)     1          14.669          -2.279          -2.495          -7.676           17.571
   56 (vir)     1          14.754          -3.422          -3.490          -9.814           17.656
   57 (vir)     1          15.692          -2.877          -2.542          -8.076           18.349
   58 (vir)     1          16.754          -3.061          -3.200          -9.295           19.788
   59 (vir)     1          17.284          -3.667          -3.269          -9.981           20.329
   60 (vir)     1          17.505          -2.758          -2.004          -7.524           20.267
   61 (vir)     1          20.367          -2.956          -2.400          -8.360           23.371
   62 (vir)     1          21.106          -2.964          -2.860          -8.987           24.269
   63 (vir)     1          21.408          -2.885          -2.476          -8.310           24.358
   64 (vir)     1          22.069          -3.458          -2.385          -8.701           24.927
   65 (vir)     1          22.623          -3.466          -3.267          -9.873           25.763
   66 (vir)     1          22.957          -4.056          -3.478         -10.547           25.970
   67 (vir)     1          23.428          -3.273          -2.295          -8.377           26.237
   68 (vir)     1          24.031          -3.818          -3.205          -9.972           26.980
   69 (vir)     1          27.285          -4.252          -3.692         -10.888           30.229
   70 (vir)     1          30.554          -4.924          -2.886          -9.852           32.596
   71 (vir)     1          32.128          -5.960          -2.944         -10.714           33.937
   72 (vir)     1          32.226          -6.644          -3.428         -11.704           33.858
   73 (vir)     1          33.929          -6.609          -4.613         -12.756           35.463
   74 (vir)     1          33.933          -8.151          -3.913         -12.010           33.879
   75 (vir)     1          34.315          -7.130          -4.694         -13.064           35.556
   76 (vir)     1          36.542          -7.192          -3.958         -12.150           37.541
   77 (vir)     1          38.953          -9.453          -3.833         -12.383           38.050
   78 (vir)     1          39.233          -7.560          -3.856         -12.557           40.374
   79 (vir)     1          41.300          -8.885          -4.000         -13.576           41.992
   80 (vir)     1          41.557          -9.329          -3.991         -13.159           41.396
   81 (vir)     1          42.394          -8.282          -3.049         -11.167           42.231
   82 (vir)     1          44.215         -10.819          -3.588         -12.973           42.782
   83 (vir)     1          45.827          -9.697          -3.108         -12.330           45.352
   84 (vir)     1          46.755         -10.131          -2.927         -12.324           46.020
   85 (vir)     1          47.224           4.624          -3.919         -13.213           61.141
   86 (vir)     1          48.389          -9.784          -2.990         -12.253           47.869
   87 (vir)     1          48.895         -10.922          -3.043         -12.463           47.393
   88 (vir)     1          49.553          -7.282          -3.921         -13.253           51.603
   89 (vir)     1          49.932          -9.935          -3.379         -12.740           49.358
   90 (vir)     1          50.790          -6.091          -3.596         -13.902           55.005
   91 (vir)     1          52.097          -5.064          -3.476         -13.556           57.114
   92 (vir)     1          52.836         -12.445          -3.276         -13.158           50.272
   93 (vir)     1          52.890         -11.673          -2.742         -12.684           51.159
   94 (vir)     1          54.337           5.673          -4.142         -14.853           70.722
   95 (vir)     1          55.311          -1.800          -3.009         -13.140           63.642
   96 (vir)     1          57.298           5.398          -3.166         -13.274           72.804
   97 (vir)     1          58.966          -0.510          -2.863         -13.168           68.761
   98 (vir)     1          59.743           5.592          -2.678         -12.501           75.159
   99 (vir)     1          61.226           4.766          -2.968         -13.495           76.519
  100 (vir)     1          62.187           4.668          -3.558         -14.373           77.670
  101 (vir)     1          63.587           4.233          -3.206         -13.891           78.504
  102 (vir)     1          63.673           3.125          -3.434         -13.915           77.279
  103 (vir)     1          66.242           4.858          -2.633         -12.924           81.391
  104 (vir)     1          66.719           3.840          -2.533         -12.569           80.596
  105 (vir)     1          68.121           4.927          -3.054         -14.368           84.363
  106 (vir)     1          69.345           4.286          -2.785         -13.538           84.383
  107 (vir)     1          72.392           3.647          -3.090         -14.581           87.529
  108 (vir)     1          73.235           4.674          -2.894         -14.594           89.608
  109 (vir)     1          73.992           4.355          -2.760         -14.061           89.648
  110 (vir)     1          74.572           4.503          -2.606         -13.876           90.346
  111 (vir)     1          75.597           5.319          -2.650         -14.169           92.436
  112 (vir)     1          76.747           3.673          -3.342         -15.395           92.474
  113 (vir)     1          79.754           3.897          -2.984         -14.948           95.616
  114 (vir)     1          80.725           4.136          -2.714         -14.150           96.297
  115 (vir)     1          82.237           4.883          -2.736         -15.033           99.416
  116 (vir)     1          84.010           4.060          -2.726         -15.133          100.477
  117 (vir)     1          84.018           3.747          -2.561         -14.488           99.693
  118 (vir)     1          85.219           4.651          -2.880         -16.246          103.236
  119 (vir)     1          85.569           4.853          -2.750         -16.179          103.851
  120 (vir)     1          87.108           4.525          -2.398         -15.182          104.417
  121 (vir)     1          88.960           4.059          -2.807         -15.647          105.860
  122 (vir)     1          90.940           3.853          -2.634         -15.109          107.268
  123 (vir)     1          98.758           2.791          -1.966         -13.531          113.114
  124 (vir)     1         103.250           2.917          -2.804         -15.552          118.914
  125 (vir)     1         105.041           2.203          -2.988         -15.787          120.043
  126 (vir)     1         107.174           4.066          -2.576         -15.477          124.141
  127 (vir)     1         122.865           3.163          -2.958         -17.778          140.848
  128 (vir)     1         129.060           3.284          -3.163         -18.933          148.114
  129 (vir)     1         134.321           2.737          -3.522         -19.682          153.218
  130 (vir)     1         136.202           3.511          -3.099         -18.622          155.236
  131 (vir)     1         138.658           2.963          -2.524         -17.108          156.205
  132 (vir)     1         139.958           2.772          -2.491         -17.119          157.358
  133 (vir)     1         146.159           3.141          -1.997         -16.364          163.666
  134 (vir)     1         159.881           2.667          -1.641         -15.525          176.431
  135 (vir)     1         160.581           2.430          -1.727         -15.451          176.735
  136 (vir)     1         165.613           2.662          -1.491         -15.054          181.838
  137 (vir)     1         178.638           1.730          -4.804         -23.208          198.772
  138 (vir)     1         180.645           1.963          -4.454         -22.522          200.675
  139 (vir)     1         181.489           2.051          -4.057         -22.657          202.140
  140 (vir)     1         183.850           2.251          -4.809         -23.064          204.356
  141 (vir)     1         189.445           2.084          -5.032         -23.288          209.785
  142 (vir)     1         190.568           2.813          -2.152         -17.332          208.561
  143 (vir)     1         227.539           4.472          -1.837         -17.985          248.159
  144 (vir)     1         227.712           3.185          -1.549         -16.521          245.869
  145 (vir)     1         237.610           1.295          -2.958         -21.612          257.559
  146 (vir)     1         238.401           1.297          -2.891         -21.378          258.186
  147 (vir)     1         238.681           1.412          -2.955         -21.633          258.771
  148 (vir)     1         239.765           1.281          -3.020         -21.046          259.073
  149 (vir)     1         240.854           1.277          -3.165         -21.976          260.941
  150 (vir)     1         242.482           1.128          -3.015         -22.067          262.662
  151 (vir)     1         245.531           1.315          -3.200         -22.142          265.788
  152 (vir)     1         254.745           1.919          -1.793         -17.813          272.684
 
