 
  kpoint:       1             coordinate:     0.0000    0.0000    0.0000                  spin:  1
 
    n           k   ϵ_nk^DFT (eV)     Σ^c_nk (eV)     Σ^x_nk (eV)    v_nk^xc (eV)   ϵ_nk^G0W0 (eV)
 
    1 (occ)     1         -28.731           9.091         -32.587         -20.568          -31.659
    2 (occ)     1         -20.614           6.715         -23.836         -15.365          -22.370
    3 (occ)     1         -13.445           4.083         -25.435         -18.061          -16.736
    4 (occ)     1         -11.728           2.792         -22.368         -16.667          -14.637
    5 (occ)     1         -11.728           2.791         -22.360         -16.667          -14.630
    6 (occ)     1         -11.696           2.107         -20.859         -15.451          -14.996
    7 (occ)     1          -7.465           0.544         -17.505         -13.862          -10.563
    8 (occ)     1          -7.465           0.543         -17.509         -13.862          -10.569
    9 (vir)     1          -1.930          -1.826          -8.798         -14.147            1.593
   10 (vir)     1          -1.930          -1.827          -8.801         -14.147            1.589
   11 (vir)     1           0.071          -2.086          -5.126         -10.377            3.236
   12 (vir)     1           0.496          -0.792          -1.574          -4.259            2.389
   13 (vir)     1           0.932          -0.326          -0.501          -1.940            2.046
   14 (vir)     1           0.932          -0.326          -0.501          -1.940            2.045
   15 (vir)     1           0.980          -0.511          -0.726          -2.596            2.339
   16 (vir)     1           2.144          -0.439          -0.639          -2.563            3.629
   17 (vir)     1           2.144          -0.439          -0.641          -2.563            3.628
   18 (vir)     1           2.173          -0.303          -0.417          -1.730            3.184
   19 (vir)     1           2.173          -0.303          -0.417          -1.730            3.184
   20 (vir)     1           2.611          -0.627          -1.101          -3.180            4.062
   21 (vir)     1           4.555          -0.882          -1.672          -4.545            6.546
   22 (vir)     1           4.555          -0.883          -1.674          -4.544            6.543
   23 (vir)     1           4.743          -1.069          -1.694          -4.516            6.496
   24 (vir)     1           5.330          -1.562          -1.619          -5.093            7.241
   25 (vir)     1           5.330          -1.561          -1.620          -5.093            7.242
   26 (vir)     1           6.601          -1.606          -1.094          -4.143            8.044
   27 (vir)     1           6.601          -1.602          -1.089          -4.143            8.053
   28 (vir)     1           6.984          -1.237          -1.476          -4.905            9.176
   29 (vir)     1           9.279          -1.708          -2.103          -6.095           11.564
   30 (vir)     1          10.744          -2.291          -1.786          -6.557           13.225
   31 (vir)     1          10.744          -2.294          -1.787          -6.557           13.221
   32 (vir)     1          11.716          -4.034          -4.787         -11.597           14.492
   33 (vir)     1          12.441          -3.535          -2.948          -8.983           14.941
   34 (vir)     1          12.441          -3.535          -2.953          -8.983           14.936
   35 (vir)     1          12.932          -2.291          -2.012          -7.077           15.705
   36 (vir)     1          12.932          -2.289          -2.013          -7.077           15.706
   37 (vir)     1          13.339          -1.983          -0.934          -5.579           16.000
   38 (vir)     1          13.339          -1.983          -0.932          -5.579           16.003
   39 (vir)     1          13.721          -2.550          -1.658          -6.713           16.226
   40 (vir)     1          15.039          -4.007          -3.276         -10.084           17.840
   41 (vir)     1          15.039          -4.010          -3.284         -10.084           17.829
   42 (vir)     1          15.535          -2.271          -2.349          -7.315           18.230
   43 (vir)     1          17.053          -1.023          -0.321          -3.665           19.374
   44 (vir)     1          17.053          -1.044          -0.323          -3.665           19.351
   45 (vir)     1          18.746          -3.477          -1.515          -6.859           20.613
   46 (vir)     1          18.746          -3.484          -1.524          -6.859           20.597
   47 (vir)     1          19.536          -4.563          -2.482          -9.389           21.880
   48 (vir)     1          19.536          -4.560          -2.484          -9.389           21.881
   49 (vir)     1          20.391          -4.115          -2.193          -8.087           22.169
   50 (vir)     1          20.391          -4.117          -2.202          -8.087           22.159
   51 (vir)     1          20.568          -5.179          -3.534         -10.764           22.619
   52 (vir)     1          21.316          -3.394          -2.384          -8.289           23.827
   53 (vir)     1          21.316          -3.395          -2.384          -8.289           23.826
   54 (vir)     1          23.993          -3.995          -1.785          -7.662           25.875
   55 (vir)     1          28.857          -9.930          -4.287         -14.875           29.514
   56 (vir)     1          34.700          -6.683          -3.580         -11.814           36.250
   57 (vir)     1          34.700          -6.677          -3.589         -11.814           36.248
   58 (vir)     1          35.502           3.525          -4.564         -14.218           48.680
   59 (vir)     1          35.502           3.521          -4.562         -14.218           48.679
   60 (vir)     1          40.267           2.874          -3.860         -12.391           51.671
   61 (vir)     1          47.161           1.925          -4.137         -14.051           59.000
   62 (vir)     1          47.161           1.927          -4.145         -14.051           58.993
   63 (vir)     1          47.189           3.593          -2.784         -12.591           60.589
   64 (vir)     1          47.189           3.669          -2.788         -12.591           60.662
   65 (vir)     1          48.604           2.715          -3.660         -12.753           60.412
   66 (vir)     1          65.991           2.319          -4.225         -15.786           79.870
   67 (vir)     1          69.855           2.050          -3.876         -15.829           83.857
   68 (vir)     1          69.855           2.051          -3.860         -15.829           83.875
   69 (vir)     1          76.287           2.628          -3.825         -16.939           92.028
   70 (vir)     1          90.212           1.108          -1.296          -9.588           99.612
   71 (vir)     1         124.106           3.460          -3.296         -18.434          142.704
   72 (vir)     1         124.106           3.454          -3.240         -18.434          142.753
   73 (vir)     1         133.032           4.016          -3.475         -19.243          152.817
   74 (vir)     1         174.730           1.225          -4.993         -23.039          194.001
   75 (vir)     1         174.732           1.204          -5.050         -23.037          193.923
   76 (vir)     1         175.355           1.983          -4.763         -22.065          194.639
   77 (vir)     1         180.618           1.725          -5.154         -23.318          200.506
   78 (vir)     1         180.618           1.627          -5.160         -23.318          200.402
   79 (vir)     1         215.623           5.479          -1.059         -13.703          233.745
   80 (vir)     1         220.791           2.773          -2.540         -18.714          239.739
   81 (vir)     1         227.810           0.643          -3.376         -20.759          245.837
   82 (vir)     1         227.810           0.645          -3.376         -20.759          245.837
   83 (vir)     1         232.600           1.058          -3.542         -21.530          251.646
   84 (vir)     1         232.600           1.037          -3.600         -21.530          251.567
   85 (vir)     1         235.590           1.130          -3.705         -21.974          254.989
   86 (vir)     1         235.590           1.114          -3.713         -21.974          254.965
   87 (vir)     1         244.048           1.600          -3.023         -20.478          263.102
 
