 
  kpoint:       1             coordinate:     0.0000    0.0000    0.0000                  spin:  1
 
    n           k   ϵ_nk^DFT (eV)     Σ^c_nk (eV)     Σ^x_nk (eV)    v_nk^xc (eV)   ϵ_nk^G0W0 (eV)
 
    1 (occ)     1         -18.493           5.294         -23.836         -14.832          -22.202
    2 (occ)     1         -15.025           3.727         -22.471         -14.707          -19.062
    3 (occ)     1         -10.503           1.579         -19.253         -13.720          -14.457
    4 (occ)     1         -10.503           1.579         -19.252         -13.719          -14.457
    5 (occ)     1          -8.824           1.244         -19.319         -14.680          -12.219
    6 (occ)     1          -8.152           0.960         -18.934         -14.050          -12.076
    7 (occ)     1          -8.151           0.960         -18.934         -14.050          -12.075
    8 (vir)     1          -0.246          -0.591          -1.079          -3.303            1.387
    9 (vir)     1           0.308          -0.493          -0.802          -2.731            1.744
   10 (vir)     1           0.636          -0.426          -0.701          -2.421            1.929
   11 (vir)     1           0.636          -0.426          -0.701          -2.421            1.929
   12 (vir)     1           1.439          -0.319          -0.378          -1.773            2.515
   13 (vir)     1           1.515          -0.395          -0.648          -2.339            2.810
   14 (vir)     1           1.515          -0.395          -0.648          -2.339            2.810
   15 (vir)     1           1.629          -0.271          -0.287          -1.613            2.683
   16 (vir)     1           1.629          -0.271          -0.287          -1.613            2.683
   17 (vir)     1           3.274          -0.381          -0.537          -2.211            4.568
   18 (vir)     1           3.407          -0.673          -1.258          -3.434            4.910
   19 (vir)     1           3.666          -0.913          -1.924          -5.040            5.869
   20 (vir)     1           3.667          -0.913          -1.924          -5.039            5.870
   21 (vir)     1           4.038          -0.305          -0.250          -1.865            5.348
   22 (vir)     1           4.039          -0.305          -0.250          -1.865            5.349
   23 (vir)     1           4.413          -1.021          -2.065          -5.296            6.622
   24 (vir)     1           4.413          -1.021          -2.065          -5.296            6.623
   25 (vir)     1           4.452          -1.237          -2.708          -6.167            6.675
   26 (vir)     1           4.560          -0.686          -1.304          -3.653            6.223
   27 (vir)     1           4.560          -0.686          -1.305          -3.653            6.223
   28 (vir)     1           5.294          -1.383          -2.947          -6.889            7.853
   29 (vir)     1           5.960          -0.954          -1.462          -4.509            8.052
   30 (vir)     1           6.477          -1.048          -1.482          -4.712            8.659
   31 (vir)     1           6.477          -1.048          -1.482          -4.712            8.659
   32 (vir)     1           7.339          -1.078          -1.945          -5.317            9.632
   33 (vir)     1           7.339          -1.078          -1.945          -5.317            9.633
   34 (vir)     1           7.379          -0.526          -0.208          -2.564            9.210
   35 (vir)     1           8.442          -1.067          -1.608          -5.210           10.977
   36 (vir)     1           8.442          -1.067          -1.607          -5.210           10.978
   37 (vir)     1          10.064          -0.772          -0.474          -3.439           12.256
   38 (vir)     1          10.064          -0.774          -0.474          -3.439           12.255
   39 (vir)     1          10.358          -0.749          -0.312          -3.130           12.427
   40 (vir)     1          11.528          -1.171          -0.768          -4.146           13.735
   41 (vir)     1          11.899          -3.817          -4.062         -11.062           15.082
   42 (vir)     1          12.335          -0.963          -0.956          -4.182           14.598
   43 (vir)     1          12.936          -1.940          -2.378          -7.068           15.685
   44 (vir)     1          12.937          -1.939          -2.378          -7.068           15.687
   45 (vir)     1          13.593          -3.185          -3.575         -10.053           16.885
   46 (vir)     1          13.714          -2.531          -2.824          -8.369           16.729
   47 (vir)     1          13.715          -2.530          -2.824          -8.370           16.731
   48 (vir)     1          13.867          -1.309          -0.764          -4.535           16.330
   49 (vir)     1          14.115          -1.243          -0.605          -4.071           16.338
   50 (vir)     1          17.471          -2.258          -0.950          -5.608           19.870
   51 (vir)     1          17.471          -2.263          -0.948          -5.608           19.867
   52 (vir)     1          17.837          -1.910          -1.060          -5.636           20.503
   53 (vir)     1          17.933          -3.173          -2.863          -8.963           20.860
   54 (vir)     1          19.286          -2.033          -1.544          -6.475           22.184
   55 (vir)     1          19.286          -2.035          -1.544          -6.476           22.183
   56 (vir)     1          21.926          -2.258          -1.197          -6.155           24.626
   57 (vir)     1          22.917          -2.757          -1.434          -7.098           25.823
   58 (vir)     1          22.918          -2.719          -1.434          -7.099           25.862
   59 (vir)     1          24.508          -0.206          -0.798          -5.401           28.905
   60 (vir)     1          24.575          -3.588          -2.390          -9.049           27.646
   61 (vir)     1          24.575          -3.594          -2.389          -9.049           27.642
   62 (vir)     1          27.132          -2.899          -0.450          -4.994           28.776
   63 (vir)     1          27.193          -3.075          -1.849          -7.327           29.597
   64 (vir)     1          27.195          -3.076          -1.850          -7.328           29.598
   65 (vir)     1          31.730          -4.031          -2.463          -8.969           34.205
   66 (vir)     1          31.730          -4.027          -2.465          -8.969           34.206
   67 (vir)     1          32.273          -5.237          -1.384          -7.590           33.242
   68 (vir)     1          32.274          -5.286          -1.389          -7.590           33.190
   69 (vir)     1          32.602          -4.111          -2.299          -8.531           34.723
   70 (vir)     1          36.712          -5.378          -2.076          -9.413           38.672
   71 (vir)     1          37.217          -6.946          -2.971         -11.084           38.385
   72 (vir)     1          37.218          -6.934          -2.967         -11.085           38.401
   73 (vir)     1          39.311          -8.186          -3.294         -12.474           40.305
   74 (vir)     1          42.647          -9.952          -3.041         -13.270           42.924
   75 (vir)     1          44.709          -7.991          -2.077         -10.211           44.852
   76 (vir)     1          44.709          -8.000          -2.082         -10.210           44.836
   77 (vir)     1          45.874         -10.058          -2.967         -11.924           44.773
   78 (vir)     1          45.876         -10.052          -2.965         -11.924           44.783
   79 (vir)     1          51.669          -1.763          -2.405         -11.619           59.121
   80 (vir)     1          54.404           4.754          -2.664         -12.618           69.112
   81 (vir)     1          54.406           4.753          -2.664         -12.618           69.113
   82 (vir)     1          56.355           5.929          -2.754         -13.964           73.494
   83 (vir)     1          58.044           4.180          -2.179         -11.894           71.939
   84 (vir)     1          58.046           4.188          -2.170         -11.894           71.959
   85 (vir)     1          61.328           3.123          -2.258         -11.763           73.955
   86 (vir)     1          63.513           3.925          -2.644         -13.484           78.279
   87 (vir)     1          63.515           3.798          -2.646         -13.485           78.153
   88 (vir)     1          64.492           3.635          -2.582         -13.288           78.833
   89 (vir)     1          64.492           3.637          -2.583         -13.288           78.834
   90 (vir)     1          67.005           3.543          -2.692         -13.599           81.454
   91 (vir)     1          67.608           4.359          -2.173         -12.798           82.592
   92 (vir)     1          69.589           3.215          -2.447         -13.491           83.849
   93 (vir)     1          69.593           3.213          -2.446         -13.491           83.852
   94 (vir)     1          72.710           2.584          -1.792         -12.163           85.665
   95 (vir)     1          73.361           3.791          -2.067         -13.582           88.667
   96 (vir)     1          73.362           3.791          -2.075         -13.582           88.660
   97 (vir)     1          78.084           2.791          -2.355         -14.188           92.708
   98 (vir)     1          78.086           2.797          -2.338         -14.188           92.733
   99 (vir)     1          82.315           2.729          -2.431         -13.925           96.538
  100 (vir)     1          97.123           2.263          -2.295         -14.735          111.826
  101 (vir)     1          97.128           2.253          -2.300         -14.735          111.816
  102 (vir)     1          98.514           1.967          -2.265         -15.074          113.291
  103 (vir)     1         110.590           1.794          -1.858         -14.067          124.594
  104 (vir)     1         110.594           1.796          -1.857         -14.068          124.601
  105 (vir)     1         154.903           2.522          -1.623         -15.417          171.220
  106 (vir)     1         162.537           2.417          -1.652         -15.873          179.174
  107 (vir)     1         162.539           2.425          -1.652         -15.873          179.184
  108 (vir)     1         163.238           2.445          -1.646         -15.873          179.910
  109 (vir)     1         163.242           2.453          -1.646         -15.872          179.921
  110 (vir)     1         165.230           2.577          -1.680         -16.157          182.283
  111 (vir)     1         197.300           4.578          -0.751         -12.557          213.685
  112 (vir)     1         238.375           2.497          -0.602         -13.345          253.616
 
