 
  kpoint:       1             coordinate:     0.0000    0.0000    0.0000                  spin:  1
 
    n           k   ϵ_nk^DFT (eV)     Σ^c_nk (eV)     Σ^x_nk (eV)    v_nk^xc (eV)   ϵ_nk^G0W0 (eV)
 
    1 (occ)     1         -28.731           9.192         -32.603         -20.568          -31.574
    2 (occ)     1         -20.614           6.707         -23.832         -15.365          -22.374
    3 (occ)     1         -13.445           4.106         -25.433         -18.061          -16.711
    4 (occ)     1         -11.728           2.805         -22.366         -16.667          -14.622
    5 (occ)     1         -11.728           2.809         -22.374         -16.667          -14.627
    6 (occ)     1         -11.696           2.112         -20.862         -15.451          -14.994
    7 (occ)     1          -7.465           0.551         -17.509         -13.862          -10.562
    8 (occ)     1          -7.465           0.551         -17.505         -13.862          -10.558
    9 (vir)     1          -1.930          -1.823          -8.805         -14.147            1.589
   10 (vir)     1          -1.930          -1.821          -8.802         -14.147            1.594
   11 (vir)     1           0.071          -2.082          -5.128         -10.377            3.238
   12 (vir)     1           0.496          -0.793          -1.575          -4.259            2.388
   13 (vir)     1           0.932          -0.330          -0.501          -1.940            2.042
   14 (vir)     1           0.932          -0.329          -0.501          -1.940            2.042
   15 (vir)     1           0.980          -0.515          -0.726          -2.596            2.335
   16 (vir)     1           2.144          -0.439          -0.640          -2.563            3.628
   17 (vir)     1           2.144          -0.439          -0.640          -2.563            3.628
   18 (vir)     1           2.173          -0.311          -0.416          -1.730            3.177
   19 (vir)     1           2.173          -0.311          -0.416          -1.730            3.176
   20 (vir)     1           2.611          -0.635          -1.102          -3.180            4.054
   21 (vir)     1           4.555          -0.885          -1.672          -4.545            6.543
   22 (vir)     1           4.555          -0.885          -1.671          -4.544            6.543
   23 (vir)     1           4.743          -1.067          -1.695          -4.516            6.497
   24 (vir)     1           5.330          -1.565          -1.619          -5.093            7.239
   25 (vir)     1           5.330          -1.567          -1.619          -5.093            7.236
   26 (vir)     1           6.601          -1.589          -1.087          -4.143            8.068
   27 (vir)     1           6.601          -1.590          -1.087          -4.143            8.067
   28 (vir)     1           6.984          -1.235          -1.475          -4.905            9.179
   29 (vir)     1           9.279          -1.703          -2.100          -6.095           11.571
   30 (vir)     1          10.744          -2.308          -1.780          -6.557           13.214
   31 (vir)     1          10.744          -2.306          -1.780          -6.557           13.215
   32 (vir)     1          11.716          -4.025          -4.794         -11.597           14.493
   33 (vir)     1          12.441          -3.524          -2.952          -8.983           14.948
   34 (vir)     1          12.441          -3.526          -2.949          -8.983           14.949
   35 (vir)     1          12.932          -2.290          -1.995          -7.077           15.724
   36 (vir)     1          12.932          -2.289          -1.994          -7.077           15.726
   37 (vir)     1          13.339          -1.998          -0.929          -5.579           15.991
   38 (vir)     1          13.339          -1.999          -0.927          -5.579           15.991
   39 (vir)     1          13.721          -2.551          -1.659          -6.713           16.224
   40 (vir)     1          15.039          -4.013          -3.273         -10.084           17.837
   41 (vir)     1          15.039          -4.005          -3.269         -10.084           17.848
   42 (vir)     1          15.535          -2.274          -2.344          -7.315           18.231
   43 (vir)     1          17.053          -1.002          -0.319          -3.665           19.397
   44 (vir)     1          17.053          -1.000          -0.318          -3.665           19.400
   45 (vir)     1          18.746          -3.491          -1.513          -6.859           20.601
   46 (vir)     1          18.746          -3.488          -1.512          -6.859           20.606
   47 (vir)     1          19.536          -4.558          -2.477          -9.389           21.890
   48 (vir)     1          19.536          -4.558          -2.478          -9.389           21.889
   49 (vir)     1          20.391          -4.107          -2.178          -8.087           22.192
   50 (vir)     1          20.391          -4.108          -2.180          -8.087           22.189
   51 (vir)     1          20.568          -5.156          -3.516         -10.764           22.659
   52 (vir)     1          21.316          -3.379          -2.376          -8.289           23.850
   53 (vir)     1          21.316          -3.378          -2.378          -8.289           23.848
   54 (vir)     1          23.993          -4.044          -1.776          -7.662           25.835
   55 (vir)     1          28.857          -9.899          -4.280         -14.875           29.553
   56 (vir)     1          34.700          -6.727          -3.565         -11.814           36.222
   57 (vir)     1          34.700          -6.725          -3.566         -11.814           36.223
   58 (vir)     1          35.502           3.549          -4.556         -14.218           48.713
   59 (vir)     1          35.502           3.551          -4.558         -14.218           48.713
   60 (vir)     1          40.267           2.899          -3.859         -12.391           51.698
   61 (vir)     1          47.161           1.943          -4.117         -14.051           59.037
   62 (vir)     1          47.161           1.941          -4.116         -14.051           59.036
   63 (vir)     1          47.189           3.661          -2.777         -12.591           60.665
   64 (vir)     1          47.189           3.731          -2.773         -12.591           60.738
   65 (vir)     1          48.604           2.689          -3.651         -12.753           60.395
   66 (vir)     1          65.991           2.334          -4.204         -15.786           79.906
   67 (vir)     1          69.855           2.052          -3.851         -15.829           83.885
   68 (vir)     1          69.855           2.072          -3.843         -15.829           83.912
   69 (vir)     1          76.287           2.621          -3.808         -16.939           92.040
   70 (vir)     1          90.212           1.104          -1.286          -9.588           99.618
   71 (vir)     1         124.106           3.523          -3.165         -18.434          142.898
   72 (vir)     1         124.106           3.471          -3.152         -18.434          142.859
   73 (vir)     1         133.032           3.976          -3.264         -19.243          152.988
   74 (vir)     1         174.730           1.232          -4.591         -23.039          194.410
   75 (vir)     1         174.732           1.184          -4.647         -23.037          194.306
   76 (vir)     1         175.355           1.963          -4.545         -22.065          194.838
   77 (vir)     1         180.618           1.629          -4.577         -23.318          200.988
   78 (vir)     1         180.618           1.679          -4.591         -23.318          201.024
   79 (vir)     1         215.623           5.266          -1.186         -13.703          233.405
   80 (vir)     1         220.791           2.723          -2.658         -18.714          239.571
   81 (vir)     1         227.810           0.594          -2.399         -20.759          246.764
   82 (vir)     1         227.810           0.587          -2.406         -20.759          246.751
   83 (vir)     1         232.600           0.999          -2.669         -21.530          252.460
   84 (vir)     1         232.600           1.001          -2.673         -21.530          252.458
   85 (vir)     1         235.590           1.093          -2.980         -21.974          255.677
   86 (vir)     1         235.590           1.099          -2.972         -21.974          255.692
   87 (vir)     1         244.048           1.539          -2.581         -20.478          263.483
 
