 
  kpoint:       1             coordinate:     0.0000    0.0000    0.0000                  spin:  1
 
    n           k   ϵ_nk^DFT (eV)     Σ^c_nk (eV)     Σ^x_nk (eV)    v_nk^xc (eV)   ϵ_nk^G0W0 (eV)
 
    1 (occ)     1         -25.490           8.097         -31.514         -19.830          -29.077
    2 (occ)     1         -13.278           1.550         -24.286         -17.938          -18.076
    3 (occ)     1          -9.335           1.989         -24.330         -18.287          -13.389
    4 (occ)     1          -7.294           2.299         -25.258         -18.534          -11.718
    5 (vir)     1           0.189          -0.266          -0.872          -2.796            1.848
    6 (vir)     1           2.950          -1.075          -3.765          -8.694            6.804
    7 (vir)     1           3.730          -0.796          -2.636          -6.525            6.823
    8 (vir)     1           5.022          -0.040          -0.062          -0.731            5.651
    9 (vir)     1           6.037          -0.376          -1.169          -4.457            8.949
   10 (vir)     1           6.614          -0.291          -1.433          -4.258            9.148
   11 (vir)     1           7.275          -0.401          -0.958          -4.442           10.358
   12 (vir)     1           8.324          -0.660          -1.403          -5.429           11.690
   13 (vir)     1           8.662          -0.494          -1.436          -4.639           11.371
   14 (vir)     1          12.506          -1.143          -3.285          -8.091           16.170
   15 (vir)     1          13.005          -1.093          -2.499          -7.289           16.701
   16 (vir)     1          14.127          -2.102          -4.178         -10.753           18.601
   17 (vir)     1          21.206          -3.081          -3.241         -10.599           25.483
   18 (vir)     1          22.474          -1.917          -2.653          -9.174           27.078
   19 (vir)     1          23.070          -1.938          -3.237          -9.840           27.735
   20 (vir)     1          29.952          -2.626          -4.250         -11.694           34.771
   21 (vir)     1          36.206          -2.695          -4.304         -12.613           41.820
   22 (vir)     1          37.575          -3.930          -3.463         -12.122           42.304
   23 (vir)     1          38.333          -3.081          -2.384          -9.221           42.089
   24 (vir)     1          43.154           1.080          -4.538         -13.723           53.419
   25 (vir)     1          49.020         -12.176          -2.094         -11.110           45.860
   26 (vir)     1          51.218           2.836          -3.398         -13.253           63.908
   27 (vir)     1          52.205           2.521          -3.172         -12.269           63.823
   28 (vir)     1          56.033           3.519          -2.479         -11.952           69.025
   29 (vir)     1          62.626           2.737          -3.126         -13.483           75.721
   30 (vir)     1          72.712         -11.821          -2.126         -13.605           72.370
   31 (vir)     1         113.476           4.862          -2.276         -17.373          133.435
   32 (vir)     1         115.351           5.671          -2.249         -18.178          136.951
   33 (vir)     1         119.101           6.342          -2.550         -17.802          140.695
   34 (vir)     1         146.226           2.383          -2.006         -18.328          164.930
   35 (vir)     1         150.559           3.344          -1.995         -17.416          169.324
   36 (vir)     1         175.674           1.442          -4.430         -23.509          196.195
   37 (vir)     1         176.924           1.549          -4.688         -23.378          197.164
   38 (vir)     1         178.357           1.681          -4.887         -23.551          198.702
   39 (vir)     1         179.757           1.588          -4.256         -23.082          200.170
   40 (vir)     1         185.884           2.083          -4.911         -23.216          206.273
   41 (vir)     1         224.876           1.456          -2.660         -20.632          244.304
   42 (vir)     1         225.282           1.884          -2.887         -20.653          244.933
   43 (vir)     1         225.630           1.407          -2.695         -20.687          245.030
   44 (vir)     1         225.682           1.092          -2.558         -20.779          244.994
   45 (vir)     1         225.869           1.246          -2.389         -20.694          245.420
   46 (vir)     1         226.625           1.213          -2.731         -20.761          245.867
   47 (vir)     1         226.671           1.276          -2.449         -20.710          246.208
 
