 
  kpoint:       1             coordinate:     0.0000    0.0000    0.0000                  spin:  1
 
    n           k   ϵ_nk^DFT (eV)     Σ^c_nk (eV)     Σ^x_nk (eV)    v_nk^xc (eV)   ϵ_nk^G0W0 (eV)
 
    1 (occ)     1         -50.572           4.254         -43.908         -28.293          -61.933
    2 (occ)     1         -24.526          10.399         -37.874         -23.477          -28.524
    3 (occ)     1          -6.351           4.178         -29.667         -21.686          -10.154
    4 (occ)     1          -6.065           4.021         -28.497         -20.916           -9.624
    5 (occ)     1          -6.065           4.021         -28.496         -20.916           -9.623
    6 (vir)     1          -1.616          -0.225          -0.573          -2.681            0.267
    7 (vir)     1           0.368          -0.101          -0.964          -2.558            1.860
    8 (vir)     1           0.368          -0.101          -0.963          -2.558            1.861
    9 (vir)     1           1.042          -0.157          -0.389          -1.874            2.370
   10 (vir)     1           3.477          -0.064          -0.389          -1.511            4.535
   11 (vir)     1           3.477          -0.064          -0.389          -1.511            4.535
   12 (vir)     1           3.663          -0.146          -0.523          -2.026            5.020
   13 (vir)     1           3.730          -0.057          -0.016          -0.896            4.553
   14 (vir)     1           3.731          -0.057          -0.016          -0.895            4.553
   15 (vir)     1           4.698          -0.279          -0.636          -3.138            6.921
   16 (vir)     1           5.172          -0.477          -1.554          -5.239            8.380
   17 (vir)     1           5.172          -0.475          -1.555          -5.239            8.381
   18 (vir)     1           9.750          -0.916          -3.406          -7.709           13.137
   19 (vir)     1          13.180          -1.468          -3.388          -7.966           16.290
   20 (vir)     1          19.611          -3.356          -4.574         -11.108           22.789
   21 (vir)     1          19.611          -3.354          -4.574         -11.108           22.790
   22 (vir)     1          21.047          -1.043          -3.182          -8.648           25.470
   23 (vir)     1          22.917          -1.517          -2.478          -8.325           27.247
   24 (vir)     1          22.919          -1.518          -2.479          -8.323           27.245
   25 (vir)     1          26.063          -2.006          -2.692          -8.847           30.212
   26 (vir)     1          26.063          -2.009          -2.694          -8.847           30.207
   27 (vir)     1          26.081          -2.432          -2.926          -8.989           29.713
   28 (vir)     1          45.573           1.459          -2.603         -10.510           54.940
   29 (vir)     1          47.043          -3.117          -1.252          -9.066           51.739
   30 (vir)     1          47.043          -3.117          -1.251          -9.066           51.741
   31 (vir)     1          47.451          -5.063          -1.464          -9.348           50.273
   32 (vir)     1          47.451          -5.070          -1.464          -9.348           50.266
   33 (vir)     1          47.962          -4.535          -1.616          -9.502           51.314
   34 (vir)     1          47.962          -4.549          -1.615          -9.502           51.299
   35 (vir)     1          55.059           1.177          -3.797         -12.978           65.417
   36 (vir)     1          82.283           1.477          -7.390         -19.737           96.107
   37 (vir)     1          82.283           1.478          -7.391         -19.737           96.107
   38 (vir)     1          84.068           1.104          -7.274         -19.672           97.570
   39 (vir)     1          84.068           1.120          -7.268         -19.672           97.592
   40 (vir)     1          91.027           0.767          -6.925         -20.418          105.287
   41 (vir)     1          94.558           0.402          -3.037         -12.082          104.005
   42 (vir)     1         106.733           1.476          -5.899         -23.119          125.429
   43 (vir)     1         106.733           1.475          -5.988         -23.119          125.339
   44 (vir)     1         134.639           1.049          -5.338         -22.551          152.900
 
