 
  kpoint:       1             coordinate:     0.0000    0.0000    0.0000                  spin:  1
 
    n           k   ϵ_nk^DFT (eV)     Σ^c_nk (eV)     Σ^x_nk (eV)    v_nk^xc (eV)   ϵ_nk^G0W0 (eV)
 
    1 (occ)     1         -28.747          11.764         -32.627         -20.579          -29.030
    2 (occ)     1         -19.820           6.924         -22.014         -14.217          -20.693
    3 (occ)     1         -13.594           4.527         -25.179         -17.896          -16.349
    4 (occ)     1         -11.614           3.176         -22.600         -16.935          -14.103
    5 (occ)     1         -11.614           3.176         -22.600         -16.935          -14.103
    6 (occ)     1         -11.506           1.980         -20.069         -15.102          -14.492
    7 (occ)     1          -6.945           0.315         -15.785         -12.580           -9.835
    8 (occ)     1          -6.945           0.315         -15.785         -12.580           -9.835
    9 (vir)     1          -2.018          -1.991          -8.752         -14.026            1.265
   10 (vir)     1          -2.018          -1.991          -8.752         -14.026            1.265
   11 (vir)     1          -0.526          -1.949          -5.372         -10.438            2.592
   12 (vir)     1           0.798          -0.559          -0.918          -2.912            2.234
   13 (vir)     1           0.977          -0.321          -0.489          -1.969            2.136
   14 (vir)     1           0.977          -0.321          -0.489          -1.969            2.136
   15 (vir)     1           1.113          -0.755          -1.311          -3.875            2.922
   16 (vir)     1           2.208          -0.352          -0.464          -1.930            3.321
   17 (vir)     1           2.208          -0.352          -0.464          -1.930            3.321
   18 (vir)     1           2.276          -0.449          -0.733          -2.863            3.957
   19 (vir)     1           2.276          -0.449          -0.733          -2.863            3.957
   20 (vir)     1           2.747          -0.633          -1.054          -3.160            4.221
   21 (vir)     1           4.745          -0.662          -1.212          -3.553            6.425
   22 (vir)     1           4.745          -0.662          -1.212          -3.553            6.425
   23 (vir)     1           4.807          -1.726          -1.454          -5.016            6.643
   24 (vir)     1           4.807          -1.726          -1.454          -5.016            6.643
   25 (vir)     1           5.474          -1.167          -1.552          -4.599            7.354
   26 (vir)     1           7.078          -1.844          -2.081          -6.321            9.473
   27 (vir)     1           8.244          -1.714          -1.474          -5.134           10.190
   28 (vir)     1           8.244          -1.714          -1.474          -5.134           10.190
   29 (vir)     1           9.302          -1.785          -2.082          -6.170           11.604
   30 (vir)     1          12.822          -2.060          -2.168          -6.813           15.408
   31 (vir)     1          12.822          -2.060          -2.168          -6.813           15.408
   32 (vir)     1          13.180          -4.212          -4.915         -11.823           15.877
   33 (vir)     1          13.637          -3.327          -2.546          -8.066           15.831
   34 (vir)     1          13.637          -3.327          -2.546          -8.066           15.831
   35 (vir)     1          14.174          -0.950          -3.557         -10.075           19.742
   36 (vir)     1          14.174          -0.950          -3.557         -10.075           19.742
   37 (vir)     1          15.467          -3.296          -2.744          -8.353           17.780
   38 (vir)     1          16.410          -0.844          -0.559          -4.435           19.441
   39 (vir)     1          16.410          -0.844          -0.559          -4.435           19.441
   40 (vir)     1          17.316          -5.877          -2.496          -8.928           17.871
   41 (vir)     1          18.766          -0.801          -2.510          -9.471           24.927
   42 (vir)     1          18.766          -0.801          -2.510          -9.471           24.926
   43 (vir)     1          19.091          -4.181          -2.674          -8.655           20.891
   44 (vir)     1          19.091          -4.181          -2.674          -8.655           20.891
   45 (vir)     1          20.660          -4.155          -2.872          -9.340           22.974
   46 (vir)     1          20.660          -4.155          -2.872          -9.340           22.974
   47 (vir)     1          22.673          -6.506          -4.127         -12.616           24.656
   48 (vir)     1          23.556          -4.572          -1.750          -8.652           25.886
   49 (vir)     1          23.556          -4.572          -1.750          -8.652           25.886
   50 (vir)     1          25.483          -8.213          -3.081         -11.095           25.284
   51 (vir)     1          25.483          -8.213          -3.081         -11.095           25.284
   52 (vir)     1          30.726          -9.158          -2.613         -10.519           29.473
   53 (vir)     1          34.421         -12.551          -2.994         -12.077           30.952
   54 (vir)     1          34.421         -12.551          -2.994         -12.077           30.952
   55 (vir)     1          34.598           3.293          -2.843         -10.987           46.035
   56 (vir)     1          34.598           3.293          -2.843         -10.987           46.035
   57 (vir)     1          39.015           3.393          -3.703         -12.139           50.844
   58 (vir)     1          46.265           2.483          -3.786         -13.519           58.482
   59 (vir)     1          46.265           2.483          -3.786         -13.519           58.482
   60 (vir)     1          46.949           2.141          -4.253         -14.012           58.849
   61 (vir)     1          46.949           2.141          -4.253         -14.012           58.849
   62 (vir)     1          47.953           3.176          -3.887         -13.361           60.603
   63 (vir)     1          64.793           3.096          -3.697         -15.115           79.307
   64 (vir)     1          68.865           2.710          -4.477         -17.118           84.217
   65 (vir)     1          71.205           2.393          -3.675         -15.764           85.688
   66 (vir)     1          71.205           2.393          -3.675         -15.764           85.688
   67 (vir)     1         108.967           1.881          -0.759          -8.878          118.968
   68 (vir)     1         108.967           1.881          -0.759          -8.878          118.968
   69 (vir)     1         109.812           4.672          -0.978          -8.819          122.324
   70 (vir)     1         116.596           2.609          -0.801          -9.158          127.562
   71 (vir)     1         123.866           3.647          -3.369         -18.392          142.535
   72 (vir)     1         123.866           3.647          -3.369         -18.392          142.535
   73 (vir)     1         129.364           4.155          -3.510         -18.780          148.789
   74 (vir)     1         171.696           2.231          -4.638         -20.835          190.124
   75 (vir)     1         174.661           1.471          -5.135         -22.966          193.962
   76 (vir)     1         174.663           1.471          -5.135         -22.963          193.962
   77 (vir)     1         179.682           1.772          -5.240         -23.261          199.474
   78 (vir)     1         179.682           1.772          -5.240         -23.261          199.474
   79 (vir)     1         201.230           2.616          -1.916         -15.302          217.231
   80 (vir)     1         208.430           2.378          -2.742         -17.651          225.718
   81 (vir)     1         226.167           0.902          -3.388         -20.605          244.286
   82 (vir)     1         226.167           0.902          -3.388         -20.605          244.286
   83 (vir)     1         231.236           1.178          -3.622         -21.411          250.203
   84 (vir)     1         231.236           1.178          -3.622         -21.411          250.203
   85 (vir)     1         235.595           1.221          -3.760         -21.988          255.043
   86 (vir)     1         235.595           1.221          -3.760         -21.988          255.043
   87 (vir)     1         244.494           1.591          -3.191         -20.483          263.377
 
