 
  kpoint:       1             coordinate:     0.0000    0.0000    0.0000                  spin:  1
 
    n           k   ϵ_nk^DFT (eV)     Σ^c_nk (eV)     Σ^x_nk (eV)    v_nk^xc (eV)   ϵ_nk^G0W0 (eV)
 
    1 (occ)     1         -16.428           3.933         -20.196         -12.897          -19.794
    2 (occ)     1         -11.196           2.244         -18.265         -12.268          -14.949
    3 (occ)     1         -10.534           0.713         -16.307         -12.067          -14.061
    4 (occ)     1          -9.405           1.444         -17.228         -12.152          -13.037
    5 (occ)     1          -9.024           1.087         -17.268         -12.524          -12.682
    6 (occ)     1          -7.865           1.026         -17.343         -12.621          -11.562
    7 (vir)     1          -2.002          -2.013          -4.167          -9.333            1.151
    8 (vir)     1          -0.242          -0.754          -1.370          -3.843            1.477
    9 (vir)     1           0.598          -0.961          -1.878          -4.928            2.687
   10 (vir)     1           0.634          -0.534          -0.799          -2.724            2.025
   11 (vir)     1           0.774          -0.474          -0.722          -2.572            2.150
   12 (vir)     1           0.849          -0.438          -0.487          -2.095            2.019
   13 (vir)     1           1.701          -0.356          -0.522          -2.020            2.844
   14 (vir)     1           1.890          -0.541          -0.639          -2.653            3.362
   15 (vir)     1           2.158          -0.616          -0.623          -2.941            3.861
   16 (vir)     1           2.529          -0.525          -0.439          -2.085            3.651
   17 (vir)     1           2.574          -1.092          -2.518          -5.979            4.943
   18 (vir)     1           3.247          -0.667          -1.200          -3.172            4.551
   19 (vir)     1           3.260          -1.466          -2.556          -6.533            5.771
   20 (vir)     1           3.470          -1.261          -1.866          -5.355            5.698
   21 (vir)     1           3.581          -1.089          -1.271          -4.307            5.529
   22 (vir)     1           4.216          -0.773          -1.095          -3.481            5.829
   23 (vir)     1           4.321          -0.698          -1.121          -3.396            5.897
   24 (vir)     1           4.376          -0.532          -0.536          -2.324            5.632
   25 (vir)     1           4.727          -0.598          -0.398          -2.705            6.435
   26 (vir)     1           5.639          -1.187          -0.850          -3.774            7.375
   27 (vir)     1           5.828          -0.493          -0.185          -2.294            7.444
   28 (vir)     1           5.880          -1.204          -1.637          -5.026            8.065
   29 (vir)     1           6.024          -0.779          -1.255          -4.149            8.139
   30 (vir)     1           6.049          -0.678          -0.576          -2.931            7.726
   31 (vir)     1           6.284          -0.774          -1.122          -3.799            8.187
   32 (vir)     1           6.468          -1.359          -1.822          -5.433            8.721
   33 (vir)     1           6.787          -0.867          -1.395          -4.181            8.706
   34 (vir)     1           7.470          -1.519          -1.406          -5.078            9.623
   35 (vir)     1           7.498          -1.323          -0.774          -3.904            9.305
   36 (vir)     1           7.583          -0.614          -0.319          -2.733            9.383
   37 (vir)     1           7.714          -1.243          -1.109          -4.473            9.834
   38 (vir)     1           8.527          -0.674          -0.183          -2.475           10.145
   39 (vir)     1           8.563          -0.961          -0.532          -3.472           10.542
   40 (vir)     1           8.669          -1.265          -1.486          -4.782           10.699
   41 (vir)     1           8.895          -0.737          -0.309          -3.017           10.866
   42 (vir)     1           9.133          -0.695          -0.331          -2.907           11.014
   43 (vir)     1           9.438          -0.746          -0.258          -2.969           11.402
   44 (vir)     1           9.695          -0.917          -0.940          -4.097           11.936
   45 (vir)     1          10.928          -1.611          -1.100          -4.708           12.925
   46 (vir)     1          10.956          -1.634          -1.533          -5.471           13.259
   47 (vir)     1          11.607          -1.133          -0.775          -3.915           13.614
   48 (vir)     1          12.654          -1.786          -1.733          -6.132           15.267
   49 (vir)     1          12.776          -2.632          -1.320          -6.037           14.861
   50 (vir)     1          12.823          -0.752          -0.332          -3.142           14.880
   51 (vir)     1          13.779          -1.153          -0.571          -3.933           15.989
   52 (vir)     1          13.984          -1.354          -0.740          -4.236           16.126
   53 (vir)     1          14.057          -2.431          -2.198          -7.452           16.881
   54 (vir)     1          14.449          -0.863          -0.449          -3.515           16.652
   55 (vir)     1          14.499          -1.087          -0.731          -3.997           16.678
   56 (vir)     1          14.826          -1.476          -0.789          -4.847           17.409
   57 (vir)     1          15.034          -1.914          -1.207          -5.677           17.589
   58 (vir)     1          15.239          -2.986          -2.447          -7.915           17.720
   59 (vir)     1          16.037          -2.985          -2.216          -7.628           18.464
   60 (vir)     1          17.340          -2.820          -1.792          -7.390           20.118
   61 (vir)     1          18.853          -2.567          -1.273          -6.123           21.137
   62 (vir)     1          20.420          -2.609          -1.591          -6.596           22.817
   63 (vir)     1          20.773          -2.137          -0.868          -5.391           23.158
   64 (vir)     1          20.973          -3.694          -0.955          -6.538           22.861
   65 (vir)     1          22.078          -3.697          -1.675          -6.975           23.681
   66 (vir)     1          22.197          -4.057          -2.584          -9.169           24.725
   67 (vir)     1          22.524          -3.478          -1.594          -7.226           24.678
   68 (vir)     1          23.930          -5.046          -2.499          -9.044           25.429
   69 (vir)     1          24.768          -4.365          -1.857          -7.812           26.357
   70 (vir)     1          25.723          -4.123          -1.544          -8.120           28.176
   71 (vir)     1          25.819          -4.886          -1.410          -7.767           27.291
   72 (vir)     1          25.883          -4.917          -1.191          -7.925           27.701
   73 (vir)     1          29.550          -8.237          -2.439          -9.924           28.797
   74 (vir)     1          30.878          -5.805          -1.612          -8.069           31.529
   75 (vir)     1          31.219          -6.325          -1.992          -8.349           31.251
   76 (vir)     1          34.491          -8.837          -1.990         -10.167           33.831
   77 (vir)     1          39.262           2.672          -1.868          -9.962           50.029
   78 (vir)     1          43.799           2.102          -1.362          -8.275           52.815
   79 (vir)     1          44.753           3.398          -2.203         -10.924           56.872
   80 (vir)     1          45.797           4.337          -2.002         -11.150           59.281
   81 (vir)     1          48.195           3.394          -2.165         -11.082           60.505
   82 (vir)     1          48.921           2.949          -1.988         -10.767           60.650
   83 (vir)     1          49.828           2.867          -2.292         -11.395           61.798
   84 (vir)     1          50.733           3.366          -1.997         -11.192           63.294
   85 (vir)     1          50.776           3.522          -2.287         -11.343           63.353
   86 (vir)     1          54.078           3.282          -2.270         -11.485           66.574
   87 (vir)     1          54.898           2.241          -1.700         -10.529           65.970
   88 (vir)     1          56.059           3.307          -2.154         -12.344           69.555
   89 (vir)     1          56.112           3.256          -1.743         -10.939           68.565
   90 (vir)     1          56.290           3.556          -2.068         -11.698           69.476
   91 (vir)     1          58.253           2.170          -1.855         -11.458           70.026
   92 (vir)     1          59.103           2.734          -1.680         -10.927           71.083
   93 (vir)     1          63.246           2.639          -1.801         -11.559           75.643
   94 (vir)     1          64.239           2.414          -2.050         -12.658           77.261
   95 (vir)     1          65.883           2.045          -1.767         -12.246           78.407
   96 (vir)     1          66.354           2.872          -1.728         -11.813           79.311
   97 (vir)     1          69.918           2.230          -1.982         -12.478           82.645
   98 (vir)     1          70.536           2.512          -2.163         -12.634           83.519
   99 (vir)     1          74.893           2.157          -1.957         -12.483           87.577
  100 (vir)     1          79.718           2.334          -2.009         -13.059           93.102
  101 (vir)     1          87.108           2.088          -1.900         -13.134          100.430
  102 (vir)     1          87.689           1.953          -1.773         -12.697          100.567
  103 (vir)     1          87.773           1.756          -1.452         -12.354          100.430
  104 (vir)     1          99.624           1.466          -1.642         -12.768          112.216
  105 (vir)     1         145.182           2.719          -1.638         -14.988          161.252
  106 (vir)     1         153.825           2.307          -1.722         -15.852          170.262
  107 (vir)     1         155.925           2.203          -1.719         -15.920          172.329
  108 (vir)     1         156.074           2.409          -1.642         -15.778          172.619
  109 (vir)     1         156.541           2.475          -1.536         -15.060          172.541
  110 (vir)     1         159.968           2.028          -1.659         -15.883          176.220
  111 (vir)     1         166.177           4.937          -0.887         -11.722          181.950
  112 (vir)     1         177.148           7.826          -0.550          -9.727          194.151
 
