 
  kpoint:       1             coordinate:     0.0000    0.0000    0.0000                  spin:  1
 
    n           k   ϵ_nk^DFT (eV)     Σ^c_nk (eV)     Σ^x_nk (eV)    v_nk^xc (eV)   ϵ_nk^G0W0 (eV)
 
    1 (occ)     1         -24.835           7.013         -25.179         -15.414          -27.586
    2 (occ)     1         -21.555           6.994         -24.855         -15.864          -23.553
    3 (occ)     1         -21.555           6.962         -24.835         -15.864          -23.565
    4 (occ)     1         -21.555           6.935         -24.863         -15.864          -23.620
    5 (occ)     1         -15.856           4.132         -21.881         -15.249          -18.357
    6 (occ)     1         -12.707           2.317         -19.501         -14.618          -15.274
    7 (occ)     1         -12.707           2.286         -19.494         -14.618          -15.296
    8 (occ)     1         -12.707           2.320         -19.491         -14.618          -15.260
    9 (occ)     1          -9.208           2.247         -18.840         -13.754          -12.047
   10 (occ)     1          -9.208           2.222         -18.848         -13.754          -12.080
   11 (occ)     1          -8.607           1.710         -18.519         -13.987          -11.429
   12 (occ)     1          -8.607           1.712         -18.516         -13.987          -11.425
   13 (occ)     1          -8.607           1.712         -18.515         -13.987          -11.424
   14 (occ)     1          -7.635           1.793         -19.196         -14.491          -10.547
   15 (occ)     1          -7.635           1.793         -19.195         -14.491          -10.546
   16 (occ)     1          -7.635           1.793         -19.192         -14.491          -10.543
   17 (vir)     1          -2.807          -2.365          -7.839         -13.249            0.237
   18 (vir)     1          -1.533          -2.577          -7.225         -12.923            1.589
   19 (vir)     1          -1.533          -2.630          -7.213         -12.923            1.547
   20 (vir)     1          -1.533          -2.622          -7.222         -12.923            1.547
   21 (vir)     1           0.548          -1.199          -1.384          -4.424            2.389
   22 (vir)     1           0.770          -0.641          -0.777          -2.665            2.017
   23 (vir)     1           0.770          -0.642          -0.777          -2.665            2.016
   24 (vir)     1           0.770          -0.641          -0.778          -2.665            2.016
   25 (vir)     1           1.450          -0.545          -0.686          -2.440            2.660
   26 (vir)     1           1.450          -0.546          -0.687          -2.440            2.658
   27 (vir)     1           1.612          -0.726          -1.073          -3.218            3.032
   28 (vir)     1           1.612          -0.750          -1.075          -3.218            3.006
   29 (vir)     1           1.612          -0.744          -1.074          -3.218            3.012
   30 (vir)     1           3.398          -1.513          -2.491          -6.300            5.693
   31 (vir)     1           3.398          -1.518          -2.495          -6.300            5.685
   32 (vir)     1           3.398          -1.517          -2.495          -6.300            5.686
   33 (vir)     1           4.070          -1.611          -2.815          -6.886            6.530
   34 (vir)     1           4.070          -1.614          -2.817          -6.886            6.525
   35 (vir)     1           4.070          -1.616          -2.814          -6.886            6.526
   36 (vir)     1           4.241          -1.663          -3.660          -8.192            7.110
   37 (vir)     1           4.241          -1.659          -3.664          -8.192            7.110
   38 (vir)     1           4.414          -1.281          -1.584          -4.897            6.447
   39 (vir)     1           4.414          -1.283          -1.582          -4.897            6.446
   40 (vir)     1           4.414          -1.280          -1.582          -4.897            6.450
   41 (vir)     1           4.793          -1.731          -1.830          -5.513            6.745
   42 (vir)     1           5.758          -1.149          -1.937          -5.127            7.798
   43 (vir)     1           5.758          -1.158          -1.933          -5.127            7.794
   44 (vir)     1           5.770          -1.492          -2.172          -6.120            8.226
   45 (vir)     1           5.770          -1.493          -2.169          -6.120            8.228
   46 (vir)     1           5.770          -1.491          -2.172          -6.120            8.227
   47 (vir)     1           6.470          -1.442          -1.654          -4.992            8.366
   48 (vir)     1           6.470          -1.444          -1.651          -4.992            8.367
   49 (vir)     1           6.470          -1.455          -1.660          -4.992            8.347
   50 (vir)     1           6.646          -1.197          -1.361          -4.261            8.350
   51 (vir)     1           6.646          -1.190          -1.352          -4.261            8.365
   52 (vir)     1           6.646          -1.195          -1.364          -4.261            8.348
   53 (vir)     1           7.727          -1.234          -0.504          -3.587            9.576
   54 (vir)     1           8.251          -1.838          -1.811          -5.760           10.362
   55 (vir)     1           8.426          -1.880          -2.224          -6.464           10.786
   56 (vir)     1           8.426          -1.881          -2.229          -6.464           10.779
   57 (vir)     1           8.540          -1.872          -1.503          -5.502           10.666
   58 (vir)     1           8.540          -1.867          -1.506          -5.502           10.669
   59 (vir)     1           8.540          -1.868          -1.502          -5.502           10.672
   60 (vir)     1          10.237          -1.650          -1.984          -6.218           12.821
   61 (vir)     1          10.237          -1.649          -1.982          -6.218           12.825
   62 (vir)     1          10.262          -2.189          -2.281          -6.953           12.745
   63 (vir)     1          10.262          -2.187          -2.274          -6.953           12.754
   64 (vir)     1          10.262          -2.173          -2.271          -6.953           12.771
   65 (vir)     1          10.413          -1.471          -1.049          -4.738           12.631
   66 (vir)     1          10.413          -1.472          -1.044          -4.738           12.635
   67 (vir)     1          10.413          -1.473          -1.040          -4.738           12.639
   68 (vir)     1          10.906          -1.907          -2.270          -6.908           13.638
   69 (vir)     1          10.906          -1.902          -2.264          -6.908           13.648
   70 (vir)     1          10.906          -1.902          -2.267          -6.908           13.646
   71 (vir)     1          12.095          -1.414          -0.716          -4.302           14.267
   72 (vir)     1          12.095          -1.414          -0.715          -4.302           14.268
   73 (vir)     1          12.095          -1.416          -0.710          -4.302           14.271
   74 (vir)     1          12.709          -2.785          -3.352          -9.300           15.872
   75 (vir)     1          12.709          -2.784          -3.371          -9.300           15.855
   76 (vir)     1          12.709          -2.781          -3.366          -9.300           15.863
   77 (vir)     1          13.817          -2.172          -1.097          -5.211           15.759
   78 (vir)     1          13.958          -3.178          -3.760         -10.246           17.265
   79 (vir)     1          13.958          -3.186          -3.752         -10.246           17.266
   80 (vir)     1          14.110          -1.718          -1.047          -5.042           16.386
   81 (vir)     1          14.110          -1.476          -1.044          -5.042           16.632
   82 (vir)     1          14.110          -1.693          -1.050          -5.042           16.409
   83 (vir)     1          14.789          -5.181          -4.984         -13.318           17.943
   84 (vir)     1          14.789          -5.183          -4.970         -13.318           17.955
   85 (vir)     1          14.789          -5.184          -4.992         -13.318           17.931
   86 (vir)     1          16.118          -2.821          -1.768          -6.661           18.190
   87 (vir)     1          16.118          -2.781          -1.756          -6.661           18.241
   88 (vir)     1          16.118          -2.790          -1.750          -6.661           18.239
   89 (vir)     1          16.404          -1.780          -0.733          -4.768           18.660
   90 (vir)     1          17.000          -6.591          -4.072         -12.474           18.811
   91 (vir)     1          17.000          -6.597          -4.045         -12.474           18.832
   92 (vir)     1          17.000          -6.580          -4.066         -12.474           18.827
   93 (vir)     1          18.984          -6.821          -3.484         -10.977           19.657
   94 (vir)     1          19.722          -5.468          -2.272          -8.525           20.507
   95 (vir)     1          20.364          -8.050          -3.031         -10.729           20.011
   96 (vir)     1          20.364          -8.052          -3.075         -10.729           19.965
   97 (vir)     1          20.364          -8.088          -3.059         -10.729           19.945
   98 (vir)     1          21.328          -5.656          -2.401          -8.801           22.072
   99 (vir)     1          21.328          -5.673          -2.420          -8.801           22.036
  100 (vir)     1          21.328          -5.598          -2.416          -8.801           22.115
  101 (vir)     1          23.151          -4.424          -1.915          -8.274           25.086
  102 (vir)     1          23.151          -4.431          -1.886          -8.274           25.107
  103 (vir)     1          23.281          -6.655          -3.050         -10.978           24.554
  104 (vir)     1          23.281          -6.767          -3.058         -10.978           24.434
  105 (vir)     1          23.741          -2.888          -1.092          -5.813           25.574
  106 (vir)     1          23.741          -2.796          -1.069          -5.813           25.688
  107 (vir)     1          23.741          -2.859          -1.072          -5.813           25.623
  108 (vir)     1          24.082          -4.194          -2.251          -9.126           26.764
  109 (vir)     1          24.471          -4.396          -1.647          -7.456           25.884
  110 (vir)     1          24.471          -4.457          -1.646          -7.456           25.824
  111 (vir)     1          24.471          -4.416          -1.641          -7.456           25.870
  112 (vir)     1          25.086          -5.095          -1.927          -8.546           26.610
  113 (vir)     1          25.086          -5.086          -1.937          -8.546           26.609
  114 (vir)     1          25.086          -5.088          -1.911          -8.546           26.633
  115 (vir)     1          25.425          -5.228          -2.227          -8.983           26.953
  116 (vir)     1          25.425          -5.236          -2.180          -8.983           26.992
  117 (vir)     1          25.425          -5.224          -2.217          -8.983           26.966
  118 (vir)     1          31.971          -7.277          -1.905          -8.481           31.270
  119 (vir)     1          31.971          -7.171          -1.881          -8.481           31.399
  120 (vir)     1          31.971          -7.435          -1.839          -8.481           31.178
  121 (vir)     1          35.113          -8.981          -1.694          -9.372           33.810
  122 (vir)     1          37.136          -9.620          -1.755          -9.235           34.997
  123 (vir)     1          37.136          -1.012          -1.818          -9.235           43.542
  124 (vir)     1          37.189           2.561          -2.216         -10.072           47.607
  125 (vir)     1          37.189           2.597          -2.190         -10.072           47.668
  126 (vir)     1          37.189           2.586          -2.215         -10.072           47.632
  127 (vir)     1          39.405           1.895          -2.019         -10.404           49.686
  128 (vir)     1          39.405           1.662          -1.977         -10.404           49.495
  129 (vir)     1          39.405           1.574          -1.985         -10.404           49.399
  130 (vir)     1          41.900           1.317          -1.641          -8.841           50.418
  131 (vir)     1          41.900           1.748          -1.646          -8.841           50.843
  132 (vir)     1          41.900           1.293          -1.667          -8.841           50.368
  133 (vir)     1          43.804           4.377          -3.755         -14.513           58.939
  134 (vir)     1          43.804           4.347          -3.813         -14.513           58.851
  135 (vir)     1          45.273           5.340          -2.693         -13.026           60.946
  136 (vir)     1          45.273           5.262          -2.667         -13.026           60.894
  137 (vir)     1          45.273           2.793          -2.647         -13.026           58.445
  138 (vir)     1          61.900           3.847          -2.683         -14.826           77.891
  139 (vir)     1          61.900           3.466          -2.671         -14.826           77.522
  140 (vir)     1          61.900           3.629          -2.706         -14.826           77.649
  141 (vir)     1         145.522           6.842          -1.035         -11.144          162.475
  142 (vir)     1         147.446           6.848          -1.034         -11.170          164.431
  143 (vir)     1         147.446           6.620          -1.015         -11.170          164.222
  144 (vir)     1         147.446           6.781          -0.996         -11.170          164.402
  145 (vir)     1         238.628           5.143          -0.178         -12.801          256.393
 
