 
  kpoint:       1             coordinate:     0.0000    0.0000    0.0000                  spin:  1
 
    n           k   ϵ_nk^DFT (eV)     Σ^c_nk (eV)     Σ^x_nk (eV)    v_nk^xc (eV)   ϵ_nk^G0W0 (eV)
 
    1 (occ)     1         -26.016           8.930         -28.232         -17.186          -28.133
    2 (occ)     1         -24.483           8.486         -27.870         -17.191          -26.676
    3 (occ)     1         -23.416           8.061         -27.865         -17.382          -25.838
    4 (occ)     1         -22.217           7.554         -27.832         -17.730          -24.765
    5 (occ)     1         -21.394           7.474         -27.817         -17.943          -23.794
    6 (occ)     1         -18.985           6.017         -25.307         -16.490          -21.785
    7 (occ)     1         -16.590           4.456         -23.968         -16.597          -19.506
    8 (occ)     1         -16.150           4.474         -23.958         -16.569          -19.065
    9 (occ)     1         -15.652           4.180         -23.964         -16.765          -18.672
   10 (occ)     1         -14.457           3.486         -22.997         -16.590          -17.378
   11 (occ)     1         -13.714           3.126         -22.891         -16.695          -16.784
   12 (occ)     1         -12.740           2.894         -22.420         -16.474          -15.791
   13 (occ)     1         -12.362           2.862         -23.250         -17.505          -15.245
   14 (occ)     1         -11.552           3.781         -19.731         -14.306          -13.196
   15 (occ)     1         -11.266           2.577         -22.058         -16.591          -14.155
   16 (occ)     1         -10.830           2.433         -22.088         -16.760          -13.725
   17 (occ)     1         -10.198           2.379         -21.579         -16.182          -13.215
   18 (occ)     1          -9.968           3.104         -19.554         -14.695          -11.722
   19 (occ)     1          -8.839           2.459         -19.055         -14.770          -10.665
   20 (occ)     1          -7.536           3.276         -22.197         -16.410          -10.048
   21 (occ)     1          -7.293           1.787         -19.641         -15.809           -9.338
   22 (occ)     1          -6.697           2.773         -21.854         -16.592           -9.186
   23 (occ)     1          -6.673           1.009         -18.094         -15.062           -8.695
   24 (occ)     1          -5.845           2.535         -21.699         -16.688           -8.322
   25 (occ)     1          -5.526           0.536         -17.665         -15.107           -7.547
   26 (vir)     1          -1.700          -2.519          -9.120         -14.073            0.733
   27 (vir)     1          -1.014          -2.855          -9.075         -14.359            1.415
   28 (vir)     1          -0.572          -1.086          -1.505          -4.016            0.853
   29 (vir)     1          -0.349          -1.083          -1.727          -4.257            1.098
   30 (vir)     1          -0.292          -3.189          -8.277         -13.826            2.068
   31 (vir)     1           0.182          -0.817          -0.967          -2.948            1.345
   32 (vir)     1           0.464          -0.888          -1.012          -3.107            1.670
   33 (vir)     1           0.497          -0.929          -1.186          -3.391            1.773
   34 (vir)     1           0.537          -0.671          -0.575          -2.216            1.507
   35 (vir)     1           0.876          -0.825          -0.976          -3.007            2.082
   36 (vir)     1           1.148          -0.601          -0.706          -2.249            2.089
   37 (vir)     1           1.372          -0.559          -0.526          -2.016            2.303
   38 (vir)     1           1.421          -0.739          -0.832          -2.706            2.557
   39 (vir)     1           1.536          -0.757          -0.873          -2.777            2.684
   40 (vir)     1           1.867          -0.870          -0.839          -2.849            3.006
   41 (vir)     1           2.068          -0.916          -1.068          -3.066            3.150
   42 (vir)     1           2.241          -0.811          -0.882          -2.811            3.359
   43 (vir)     1           2.259          -0.665          -0.629          -2.280            3.244
   44 (vir)     1           2.279          -1.014          -1.363          -3.740            3.642
   45 (vir)     1           2.547          -0.932          -1.319          -3.514            3.809
   46 (vir)     1           2.709          -0.613          -0.521          -2.101            3.676
   47 (vir)     1           2.889          -0.849          -0.972          -2.912            3.980
   48 (vir)     1           3.075          -1.185          -1.924          -4.485            4.451
   49 (vir)     1           3.158          -4.593          -6.184         -12.439            4.820
   50 (vir)     1           3.209          -1.813          -2.997          -6.395            4.794
   51 (vir)     1           3.505          -1.245          -1.873          -4.524            4.910
   52 (vir)     1           3.567          -0.679          -0.582          -2.251            4.557
   53 (vir)     1           3.631          -1.166          -1.727          -4.306            5.044
   54 (vir)     1           3.693          -0.821          -0.992          -2.943            4.823
   55 (vir)     1           3.860          -0.905          -1.007          -3.126            5.074
   56 (vir)     1           3.985          -1.309          -2.006          -4.827            5.497
   57 (vir)     1           4.017          -0.748          -0.744          -2.588            5.113
   58 (vir)     1           4.151          -2.048          -3.976          -7.950            6.077
   59 (vir)     1           4.192          -0.666          -0.510          -2.175            5.190
   60 (vir)     1           4.399          -1.184          -1.555          -4.103            5.764
   61 (vir)     1           4.577          -1.229          -1.670          -4.278            5.956
   62 (vir)     1           4.811          -1.245          -1.726          -4.358            6.197
   63 (vir)     1           4.873          -0.632          -0.413          -2.043            5.872
   64 (vir)     1           5.025          -1.821          -2.714          -6.239            6.729
   65 (vir)     1           5.201          -1.285          -1.913          -4.699            6.702
   66 (vir)     1           5.529          -1.347          -1.250          -4.109            7.040
   67 (vir)     1           5.541          -1.007          -1.119          -3.439            6.855
   68 (vir)     1           5.664          -1.664          -2.510          -5.834            7.324
   69 (vir)     1           5.824          -2.244          -3.652          -7.937            7.865
   70 (vir)     1           6.172          -1.743          -2.302          -5.744            7.871
   71 (vir)     1           6.273          -1.340          -1.436          -4.335            7.832
   72 (vir)     1           6.293          -1.357          -1.418          -4.258            7.776
   73 (vir)     1           6.527          -1.322          -1.147          -4.003            8.060
   74 (vir)     1           6.814          -1.516          -1.268          -4.394            8.425
   75 (vir)     1           6.917          -1.881          -2.591          -6.299            8.743
   76 (vir)     1           7.055          -3.442          -5.431         -11.314            9.497
   77 (vir)     1           7.538          -2.171          -2.846          -6.852            9.372
   78 (vir)     1           7.664          -2.171          -2.803          -6.780            9.470
   79 (vir)     1           7.767          -1.458          -1.123          -4.028            9.213
   80 (vir)     1           8.083          -2.481          -3.191          -7.663           10.075
   81 (vir)     1           8.172          -2.316          -2.169          -6.201            9.888
   82 (vir)     1           8.311          -3.075          -4.062          -9.251           10.425
   83 (vir)     1           8.493          -2.677          -3.781          -8.451           10.487
   84 (vir)     1           8.619          -1.877          -2.133          -5.709           10.319
   85 (vir)     1           8.787          -1.121          -0.739          -3.265           10.193
   86 (vir)     1           9.003          -3.963          -5.755         -12.189           11.475
   87 (vir)     1           9.475          -1.863          -1.391          -4.722           10.942
   88 (vir)     1           9.630          -2.609          -2.897          -7.584           11.707
   89 (vir)     1           9.783          -1.756          -1.449          -4.858           11.436
   90 (vir)     1          10.075          -2.770          -3.047          -7.783           12.041
   91 (vir)     1          10.128          -2.558          -2.900          -7.579           12.250
   92 (vir)     1          10.446          -2.676          -2.518          -7.149           12.402
   93 (vir)     1          10.546          -2.497          -2.177          -6.379           12.251
   94 (vir)     1          10.571          -2.267          -2.395          -6.572           12.481
   95 (vir)     1          11.045          -2.461          -2.593          -7.020           13.010
   96 (vir)     1          11.233          -1.954          -1.624          -5.262           12.918
   97 (vir)     1          11.399          -2.807          -1.437          -5.170           12.325
   98 (vir)     1          11.972          -2.570          -2.466          -6.970           13.906
   99 (vir)     1          12.218          -2.881          -2.591          -7.423           14.169
  100 (vir)     1          12.329          -2.771          -2.128          -6.663           14.094
  101 (vir)     1          12.675          -3.465          -1.866          -6.733           14.077
  102 (vir)     1          12.982          -2.981          -2.012          -6.709           14.699
  103 (vir)     1          13.018          -2.960          -2.687          -7.762           15.133
  104 (vir)     1          13.107          -2.805          -2.285          -7.023           15.039
  105 (vir)     1          13.257          -4.076          -1.870          -6.450           13.761
  106 (vir)     1          13.572          -2.854          -2.263          -7.094           15.549
  107 (vir)     1          13.823          -4.045          -3.901         -10.219           16.095
  108 (vir)     1          14.170          -3.410          -3.135          -8.699           16.324
  109 (vir)     1          14.435          -4.424          -3.872         -10.612           16.751
  110 (vir)     1          14.522          -3.187          -2.732          -8.016           16.619
  111 (vir)     1          14.832          -3.709          -3.299          -9.299           17.124
  112 (vir)     1          15.243          -3.735          -3.028          -9.016           17.497
  113 (vir)     1          15.449          -3.521          -3.006          -8.964           17.886
  114 (vir)     1          15.625          -3.552          -1.773          -6.752           17.053
  115 (vir)     1          15.790          -2.815          -1.910          -6.809           17.874
  116 (vir)     1          15.890          -5.062          -4.274         -11.755           18.309
  117 (vir)     1          16.589          -3.470          -2.727          -8.432           18.823
  118 (vir)     1          16.864          -3.411          -1.768          -6.686           18.371
  119 (vir)     1          16.927          -3.502          -1.578          -6.265           18.112
  120 (vir)     1          17.132          -3.464          -2.295          -7.771           19.144
  121 (vir)     1          17.479          -3.690          -2.989          -8.856           19.657
  122 (vir)     1          18.239          -3.285          -2.157          -7.450           20.247
  123 (vir)     1          18.308          -4.103          -2.125          -7.659           19.739
  124 (vir)     1          18.652          -3.335          -1.963          -7.211           20.566
  125 (vir)     1          18.873          -4.138          -2.026          -7.570           20.280
  126 (vir)     1          19.418          -4.654          -1.887          -7.476           20.353
  127 (vir)     1          19.456          -2.920          -1.792          -6.539           21.284
  128 (vir)     1          19.938          -3.547          -2.141          -7.763           22.014
  129 (vir)     1          20.087          -3.913          -2.039          -7.596           21.731
  130 (vir)     1          20.280          -3.325          -1.940          -7.168           22.183
  131 (vir)     1          20.374          -3.420          -1.916          -7.098           22.136
  132 (vir)     1          20.510          -3.582          -2.093          -7.636           22.471
  133 (vir)     1          20.715          -4.532          -2.158          -8.164           22.188
  134 (vir)     1          21.094          -3.813          -2.073          -8.037           23.245
  135 (vir)     1          21.495          -4.907          -1.941          -7.788           22.435
  136 (vir)     1          21.603          -3.574          -2.355          -8.049           23.723
  137 (vir)     1          21.829          -4.725          -1.791          -7.636           22.949
  138 (vir)     1          21.892          -4.209          -2.493          -8.747           23.937
  139 (vir)     1          22.328          -4.273          -2.620          -9.050           24.485
  140 (vir)     1          22.878          -4.298          -2.482          -8.690           24.789
  141 (vir)     1          23.665          -4.125          -2.061          -8.175           25.654
  142 (vir)     1          23.707          -4.453          -2.106          -8.051           25.199
  143 (vir)     1          24.099          -3.562          -1.599          -7.042           25.980
  144 (vir)     1          24.351          -4.479          -1.533          -7.006           25.345
  145 (vir)     1          24.624          -4.212          -2.079          -8.158           26.491
  146 (vir)     1          25.266          -4.452          -2.454          -8.805           27.166
  147 (vir)     1          25.328          -4.965          -2.054          -8.190           26.498
  148 (vir)     1          25.599          -4.369          -2.149          -8.260           27.341
  149 (vir)     1          26.141          -6.444          -2.450          -8.975           26.223
  150 (vir)     1          26.710          -4.833          -2.019          -8.293           28.151
  151 (vir)     1          26.733          -4.919          -1.988          -8.284           28.110
  152 (vir)     1          27.063          -5.574          -2.397          -8.993           28.085
  153 (vir)     1          27.127          -4.683          -2.207          -8.451           28.689
  154 (vir)     1          27.359          -4.375          -2.082          -8.400           29.301
  155 (vir)     1          27.787          -4.298          -1.907          -8.000           29.582
  156 (vir)     1          28.205          -2.189          -2.238          -8.825           32.603
  157 (vir)     1          28.861          -5.386          -2.140          -8.393           29.729
  158 (vir)     1          28.986          -7.206          -2.506          -9.087           28.361
  159 (vir)     1          29.374          -4.957          -2.288          -8.864           30.993
  160 (vir)     1          29.524          -4.858          -1.928          -8.460           31.199
  161 (vir)     1          30.250           2.200          -2.689          -9.851           39.612
  162 (vir)     1          30.848          -5.142          -2.182          -8.757           32.281
  163 (vir)     1          31.712          -5.252          -2.308          -9.161           33.312
  164 (vir)     1          32.968          -5.483          -1.993          -8.532           34.024
  165 (vir)     1          33.093          -5.316          -2.329          -9.276           34.724
  166 (vir)     1          33.894          -8.739          -2.225          -9.242           32.172
  167 (vir)     1          34.750          -6.422          -2.672         -10.125           35.781
  168 (vir)     1          35.109          -6.873          -2.477          -9.789           35.548
  169 (vir)     1          35.577          -7.171          -2.583          -9.993           35.815
  170 (vir)     1          37.007          -7.245          -3.122         -11.420           38.060
  171 (vir)     1          37.468          -9.595          -3.471         -11.594           35.996
  172 (vir)     1          37.898          -6.578          -2.526          -9.876           38.670
  173 (vir)     1          38.280          -7.104          -2.606         -10.347           38.917
  174 (vir)     1          38.684         -10.298          -3.086         -11.643           36.943
  175 (vir)     1          39.075          -9.457          -3.058         -11.594           38.154
  176 (vir)     1          39.239          -8.138          -2.575         -10.660           39.185
  177 (vir)     1          39.611          -7.991          -2.977         -11.191           39.834
  178 (vir)     1          40.755          -8.379          -2.875         -11.057           40.558
  179 (vir)     1          40.910         -10.425          -3.136         -11.583           38.931
  180 (vir)     1          41.160          -8.069          -3.057         -11.352           41.386
  181 (vir)     1          42.722         -12.514          -3.222         -12.462           39.447
  182 (vir)     1          42.801          -8.971          -3.291         -12.572           43.110
  183 (vir)     1          43.160          -9.821          -2.632         -11.100           41.806
  184 (vir)     1          43.923          -9.453          -2.956         -11.699           43.214
  185 (vir)     1          44.231           5.925          -3.168         -12.267           59.255
  186 (vir)     1          44.575         -10.537          -3.325         -12.784           43.497
  187 (vir)     1          45.337          -9.739          -2.668         -11.499           44.429
  188 (vir)     1          45.618         -10.579          -2.629         -11.160           43.569
  189 (vir)     1          45.823         -11.120          -3.121         -12.563           44.146
  190 (vir)     1          46.413         -12.150          -3.278         -12.525           43.510
  191 (vir)     1          46.765         -11.810          -3.415         -13.150           44.689
  192 (vir)     1          47.320         -11.185          -3.350         -12.766           45.551
  193 (vir)     1          48.104         -11.390          -2.778         -12.109           46.045
  194 (vir)     1          48.974         -12.311          -3.432         -13.554           46.784
  195 (vir)     1          49.308          -9.971          -2.781         -12.205           48.761
  196 (vir)     1          49.675          -9.079          -2.840         -12.703           50.458
  197 (vir)     1          50.573         -12.130          -3.183         -12.961           48.221
  198 (vir)     1          50.896         -10.745          -3.084         -13.328           50.395
  199 (vir)     1          51.621         -10.585          -3.608         -13.870           51.297
  200 (vir)     1          51.820         -10.013          -3.175         -13.269           51.901
  201 (vir)     1          52.008          -9.556          -2.826         -12.408           52.034
  202 (vir)     1          52.337         -12.384          -2.979         -12.780           49.754
  203 (vir)     1          52.639           6.845          -3.214         -13.691           69.961
  204 (vir)     1          53.162          -8.792          -3.614         -14.262           55.018
  205 (vir)     1          53.435         -12.782          -2.758         -12.534           50.428
  206 (vir)     1          54.402          -8.797          -2.802         -12.650           55.453
  207 (vir)     1          54.502          -8.097          -2.706         -12.743           56.442
  208 (vir)     1          55.558         -10.574          -2.723         -12.367           54.628
  209 (vir)     1          55.714         -10.587          -2.831         -12.837           55.133
  210 (vir)     1          55.806         -10.543          -2.877         -12.950           55.335
  211 (vir)     1          56.441           5.060          -3.001         -13.276           71.777
  212 (vir)     1          56.909          -5.413          -3.106         -13.622           62.012
  213 (vir)     1          57.266         -12.068          -3.101         -13.698           55.795
  214 (vir)     1          58.194           5.729          -2.802         -13.138           74.259
  215 (vir)     1          58.244         -11.195          -2.829         -13.030           57.251
  216 (vir)     1          58.460          -6.100          -2.749         -13.018           62.629
  217 (vir)     1          58.597           5.323          -2.749         -13.126           74.297
  218 (vir)     1          59.055          -5.125          -2.715         -13.168           64.382
  219 (vir)     1          59.185           7.325          -2.955         -13.397           76.952
  220 (vir)     1          59.638           4.550          -2.877         -13.418           74.728
  221 (vir)     1          60.158           5.318          -2.621         -13.139           75.995
  222 (vir)     1          60.468          -9.985          -2.890         -13.457           61.050
  223 (vir)     1          60.688         -12.869          -2.947         -13.917           58.790
  224 (vir)     1          61.217         -10.518          -3.003         -13.735           61.431
  225 (vir)     1          61.374          -1.874          -2.736         -13.162           69.926
  226 (vir)     1          62.017         -11.792          -2.778         -13.371           60.818
  227 (vir)     1          62.256         -12.773          -2.659         -13.309           60.133
  228 (vir)     1          62.817           5.917          -2.547         -13.654           79.842
  229 (vir)     1          63.066           6.146          -2.757         -13.978           80.434
  230 (vir)     1          64.086          -1.264          -2.535         -13.327           73.615
  231 (vir)     1          64.219           5.831          -2.431         -13.087           80.706
  232 (vir)     1          64.897           4.927          -2.708         -13.560           80.676
  233 (vir)     1          65.062           5.288          -2.492         -13.160           81.018
  234 (vir)     1          65.299           5.362          -2.552         -13.401           81.511
  235 (vir)     1          65.385           5.061          -2.331         -13.127           81.241
  236 (vir)     1          65.636           5.910          -2.908         -13.970           82.608
  237 (vir)     1          66.697         -12.780          -2.598         -13.622           64.941
  238 (vir)     1          66.915           4.343          -2.506         -13.084           81.837
  239 (vir)     1          67.709           5.543          -2.561         -13.814           84.505
  240 (vir)     1          67.757           5.242          -2.384         -13.351           83.967
  241 (vir)     1          68.132           5.292          -2.328         -13.687           84.784
  242 (vir)     1          68.747           4.966          -2.402         -13.120           84.431
  243 (vir)     1          69.022           6.660          -2.641         -13.550           86.591
  244 (vir)     1          70.241           5.168          -2.506         -13.682           86.585
  245 (vir)     1          71.307           5.222          -2.086         -13.198           87.641
  246 (vir)     1          71.391           6.019          -2.328         -13.453           88.535
  247 (vir)     1          71.876           6.611          -2.612         -13.974           89.849
  248 (vir)     1          72.136           5.749          -2.218         -13.555           89.222
  249 (vir)     1          72.943           5.865          -2.431         -13.708           90.085
  250 (vir)     1          73.350           5.837          -2.642         -14.570           91.115
  251 (vir)     1          73.808           5.551          -2.207         -13.682           90.835
  252 (vir)     1          74.352           5.878          -2.586         -14.358           92.002
  253 (vir)     1          74.739           6.140          -2.136         -13.506           92.249
  254 (vir)     1          75.154           4.941          -2.368         -13.938           91.665
  255 (vir)     1          75.567           5.521          -2.109         -13.469           92.449
  256 (vir)     1          75.754           6.330          -2.708         -14.659           94.035
  257 (vir)     1          76.660           5.923          -2.149         -13.974           94.407
  258 (vir)     1          76.973           6.282          -2.502         -14.155           94.907
  259 (vir)     1          77.307           4.930          -2.729         -15.235           94.743
  260 (vir)     1          77.489           6.287          -2.206         -14.215           95.784
  261 (vir)     1          78.086           5.278          -2.344         -14.078           95.098
  262 (vir)     1          78.171           6.096          -2.545         -14.423           96.144
  263 (vir)     1          79.131           5.557          -2.325         -14.301           96.664
  264 (vir)     1          79.585           5.372          -2.383         -14.515           97.089
  265 (vir)     1          80.444           5.632          -2.430         -14.614           98.260
  266 (vir)     1          81.453           4.528          -2.384         -14.530           98.127
  267 (vir)     1          81.822           4.757          -2.473         -14.822           98.928
  268 (vir)     1          81.925           4.470          -2.433         -14.439           98.401
  269 (vir)     1          82.429           5.355          -2.547         -14.612           99.849
  270 (vir)     1          82.826           4.411          -2.324         -14.595           99.508
  271 (vir)     1          82.937           5.257          -2.723         -15.563          101.033
  272 (vir)     1          83.399           4.467          -2.316         -14.646          100.195
  273 (vir)     1          84.185           5.330          -2.324         -15.160          102.351
  274 (vir)     1          85.167           4.872          -2.228         -14.438          102.249
  275 (vir)     1          85.382           4.120          -2.308         -14.902          102.096
  276 (vir)     1          85.917           4.043          -2.093         -14.123          101.989
  277 (vir)     1          86.008           4.951          -2.263         -15.128          103.825
  278 (vir)     1          86.061           4.445          -2.254         -14.678          102.930
  279 (vir)     1          86.835           5.092          -2.298         -14.157          103.785
  280 (vir)     1          87.328           4.731          -2.267         -14.906          104.698
  281 (vir)     1          87.599           5.284          -2.324         -14.915          105.474
  282 (vir)     1          89.007           4.913          -2.455         -15.552          107.016
  283 (vir)     1          89.286           4.669          -2.454         -15.686          107.187
  284 (vir)     1          90.047           4.610          -2.135         -14.452          106.974
  285 (vir)     1          90.957           4.646          -2.335         -15.409          108.678
  286 (vir)     1          91.184           4.339          -2.493         -15.525          108.555
  287 (vir)     1          91.523           4.882          -2.480         -15.001          108.926
  288 (vir)     1          92.421           4.611          -2.424         -15.486          110.094
  289 (vir)     1          93.022           4.109          -2.382         -15.243          109.991
  290 (vir)     1          93.925           4.711          -2.263         -15.157          111.530
  291 (vir)     1          96.080           4.563          -2.277         -15.149          113.515
  292 (vir)     1          96.662           4.060          -2.273         -15.450          113.899
  293 (vir)     1          97.245           3.812          -2.249         -15.835          114.643
  294 (vir)     1          97.413           4.666          -2.465         -15.446          115.060
  295 (vir)     1          97.997           3.780          -2.080         -14.857          114.554
  296 (vir)     1          98.479           4.313          -2.354         -15.061          115.498
  297 (vir)     1          99.430           3.883          -1.801         -13.237          114.749
  298 (vir)     1         100.059           3.979          -2.002         -14.461          116.497
  299 (vir)     1         101.544           3.666          -2.173         -14.572          117.609
  300 (vir)     1         101.759           4.060          -2.582         -15.625          118.861
  301 (vir)     1         103.681           3.477          -2.198         -15.426          120.385
  302 (vir)     1         105.782           3.887          -2.349         -15.853          123.173
  303 (vir)     1         106.323           3.618          -1.983         -14.437          122.395
  304 (vir)     1         109.388           4.275          -2.528         -16.599          127.735
  305 (vir)     1         110.078           4.019          -2.290         -15.375          127.182
  306 (vir)     1         113.429           3.971          -2.455         -15.589          130.534
  307 (vir)     1         116.878           4.121          -2.351         -16.117          134.766
  308 (vir)     1         117.822           3.844          -2.481         -16.854          136.040
  309 (vir)     1         120.067           3.872          -2.517         -16.622          138.044
  310 (vir)     1         121.051           4.167          -2.627         -16.594          139.185
  311 (vir)     1         122.211           3.178          -2.267         -16.445          139.567
  312 (vir)     1         122.642           3.251          -2.186         -15.970          139.677
  313 (vir)     1         126.960           4.076          -2.509         -16.506          145.033
  314 (vir)     1         130.034           3.367          -2.365         -17.042          148.078
  315 (vir)     1         131.753           3.753          -2.644         -17.750          150.612
  316 (vir)     1         133.062           3.812          -2.590         -17.176          151.460
  317 (vir)     1         137.534           3.022          -2.382         -16.873          155.047
  318 (vir)     1         138.222           3.642          -2.337         -16.496          156.022
  319 (vir)     1         140.885           3.660          -2.411         -16.874          159.008
  320 (vir)     1         143.111           3.701          -2.333         -16.409          160.888
  321 (vir)     1         153.910           3.044          -1.758         -15.876          171.072
  322 (vir)     1         161.987           2.998          -1.502         -15.257          178.739
  323 (vir)     1         163.347           3.177          -1.562         -15.605          180.568
  324 (vir)     1         163.935           3.147          -1.668         -15.855          181.269
  325 (vir)     1         167.055           1.699          -1.368         -14.910          182.296
  326 (vir)     1         209.878           5.230          -1.484         -16.249          229.873
  327 (vir)     1         224.491           5.210          -1.600         -17.375          245.475
  328 (vir)     1         228.775           5.323          -1.421         -17.433          250.110
  329 (vir)     1         237.465           5.032          -1.307         -16.874          258.065
  330 (vir)     1         239.707           7.385          -0.775         -14.350          260.667
  331 (vir)     1         240.946           7.421          -0.925         -15.123          262.565
  332 (vir)     1         241.537           7.514          -0.753         -14.150          262.448
  333 (vir)     1         242.539          10.502          -0.614         -13.690          266.118
  334 (vir)     1         243.466          10.706          -0.573         -13.667          267.265
  335 (vir)     1         245.470           7.157          -1.137         -16.256          267.746
 
