 
  kpoint:       1             coordinate:     0.0000    0.0000    0.0000                  spin:  1
 
    n           k   ϵ_nk^DFT (eV)     Σ^c_nk (eV)     Σ^x_nk (eV)    v_nk^xc (eV)   ϵ_nk^G0W0 (eV)
 
    1 (occ)     1         -20.583           5.659         -21.109         -13.116          -22.916
    2 (occ)     1         -17.710           4.906         -19.235         -12.542          -19.498
    3 (occ)     1         -17.710           4.950         -19.238         -12.542          -19.456
    4 (occ)     1         -17.710           4.932         -19.237         -12.542          -19.474
    5 (occ)     1         -14.271           3.643         -18.364         -13.020          -15.973
    6 (occ)     1         -10.420           1.460         -15.783         -12.326          -12.416
    7 (occ)     1         -10.420           1.443         -15.792         -12.326          -12.442
    8 (occ)     1         -10.420           1.449         -15.782         -12.326          -12.426
    9 (occ)     1          -7.491           1.549         -14.271         -10.665           -9.548
   10 (occ)     1          -7.491           1.549         -14.272         -10.665           -9.549
   11 (occ)     1          -6.920           1.027         -13.970         -10.842           -9.022
   12 (occ)     1          -6.920           1.028         -13.972         -10.842           -9.023
   13 (occ)     1          -6.920           1.027         -13.973         -10.842           -9.024
   14 (occ)     1          -6.153           1.013         -14.322         -11.112           -8.350
   15 (occ)     1          -6.153           1.012         -14.321         -11.112           -8.350
   16 (occ)     1          -6.153           1.013         -14.323         -11.112           -8.351
   17 (vir)     1          -4.160          -1.826          -6.693         -10.941           -1.737
   18 (vir)     1          -2.266          -2.521          -6.395         -11.335            0.152
   19 (vir)     1          -2.266          -2.505          -6.405         -11.335            0.158
   20 (vir)     1          -2.266          -2.512          -6.399         -11.335            0.157
   21 (vir)     1          -0.244          -0.918          -0.988          -3.438            1.287
   22 (vir)     1           0.776          -0.878          -1.011          -3.340            2.227
   23 (vir)     1           0.776          -0.878          -1.011          -3.340            2.227
   24 (vir)     1           0.776          -0.878          -1.010          -3.340            2.228
   25 (vir)     1           1.474          -0.786          -1.095          -3.529            3.122
   26 (vir)     1           1.474          -0.785          -1.095          -3.529            3.124
   27 (vir)     1           1.590          -0.824          -1.361          -3.889            3.293
   28 (vir)     1           1.590          -0.824          -1.361          -3.889            3.294
   29 (vir)     1           1.590          -0.822          -1.361          -3.889            3.297
   30 (vir)     1           2.624          -0.726          -0.925          -3.265            4.238
   31 (vir)     1           2.624          -0.723          -0.925          -3.265            4.241
   32 (vir)     1           2.624          -0.725          -0.925          -3.265            4.238
   33 (vir)     1           2.888          -1.199          -1.417          -4.338            4.610
   34 (vir)     1           2.901          -1.300          -2.465          -6.052            5.188
   35 (vir)     1           2.901          -1.302          -2.467          -6.052            5.184
   36 (vir)     1           2.901          -1.303          -2.466          -6.052            5.184
   37 (vir)     1           3.699          -1.659          -4.091          -8.676            6.624
   38 (vir)     1           3.699          -1.659          -4.091          -8.676            6.625
   39 (vir)     1           3.711          -1.511          -2.652          -6.605            6.153
   40 (vir)     1           3.711          -1.507          -2.653          -6.605            6.156
   41 (vir)     1           3.711          -1.511          -2.652          -6.605            6.154
   42 (vir)     1           6.109          -1.138          -1.525          -4.544            7.989
   43 (vir)     1           6.109          -1.135          -1.525          -4.544            7.992
   44 (vir)     1           6.109          -1.144          -1.524          -4.544            7.984
   45 (vir)     1           6.504          -1.613          -3.805          -8.867            9.953
   46 (vir)     1           6.504          -1.617          -3.805          -8.867            9.950
   47 (vir)     1           6.504          -1.614          -3.803          -8.867            9.954
   48 (vir)     1           7.484          -2.055          -3.730          -8.820           10.520
   49 (vir)     1           7.484          -2.055          -3.730          -8.820           10.519
   50 (vir)     1           7.744          -2.420          -2.643          -7.401           10.083
   51 (vir)     1           7.744          -2.402          -2.642          -7.401           10.101
   52 (vir)     1           7.744          -2.418          -2.641          -7.401           10.086
   53 (vir)     1           9.675          -1.390          -2.267          -7.692           13.710
   54 (vir)     1           9.991          -2.908          -3.253          -8.588           12.418
   55 (vir)     1           9.991          -2.908          -3.254          -8.588           12.417
   56 (vir)     1           9.991          -2.903          -3.256          -8.588           12.421
   57 (vir)     1          10.265          -2.459          -2.442          -7.642           13.006
   58 (vir)     1          10.265          -2.450          -2.445          -7.642           13.012
   59 (vir)     1          10.265          -2.454          -2.443          -7.642           13.009
   60 (vir)     1          11.181          -2.270          -2.028          -6.716           13.598
   61 (vir)     1          11.181          -2.272          -2.029          -6.716           13.597
   62 (vir)     1          11.718          -2.496          -2.011          -6.924           14.135
   63 (vir)     1          11.718          -2.540          -2.014          -6.924           14.089
   64 (vir)     1          11.718          -2.517          -2.010          -6.924           14.115
   65 (vir)     1          11.857          -3.204          -1.873          -6.791           13.571
   66 (vir)     1          13.490          -1.210          -1.857          -6.706           17.129
   67 (vir)     1          13.594          -2.264          -1.644          -6.182           15.869
   68 (vir)     1          13.594          -2.263          -1.644          -6.182           15.869
   69 (vir)     1          13.594          -2.265          -1.643          -6.182           15.868
   70 (vir)     1          14.964          -2.519          -1.792          -6.762           17.416
   71 (vir)     1          14.964          -2.509          -1.789          -6.762           17.428
   72 (vir)     1          15.714          -2.626          -1.942          -7.215           18.362
   73 (vir)     1          15.714          -2.641          -1.941          -7.215           18.347
   74 (vir)     1          15.714          -2.640          -1.941          -7.215           18.348
   75 (vir)     1          17.760          -3.057          -2.249          -8.832           21.286
   76 (vir)     1          17.760          -3.068          -2.249          -8.832           21.275
   77 (vir)     1          17.760          -3.024          -2.249          -8.832           21.319
   78 (vir)     1          22.035          -3.546          -1.730          -7.279           24.037
   79 (vir)     1          22.035          -3.541          -1.734          -7.279           24.039
   80 (vir)     1          22.035          -3.548          -1.728          -7.279           24.038
   81 (vir)     1          22.447          -3.612          -1.695          -8.008           25.149
   82 (vir)     1          22.447          -3.525          -1.689          -8.008           25.242
   83 (vir)     1          22.447          -3.561          -1.694          -8.008           25.200
   84 (vir)     1          27.409           2.392          -2.146          -9.486           37.140
   85 (vir)     1          29.189           0.948          -2.863         -10.684           37.957
   86 (vir)     1          29.189           0.715          -2.860         -10.684           37.728
   87 (vir)     1          29.189           0.516          -2.863         -10.684           37.525
   88 (vir)     1          30.372           1.420          -3.050         -11.522           40.264
   89 (vir)     1          30.372           1.422          -3.054         -11.522           40.262
   90 (vir)     1          31.952           1.801          -2.865         -10.973           41.861
   91 (vir)     1          31.952           1.862          -2.861         -10.973           41.926
   92 (vir)     1          31.952           1.815          -2.856         -10.973           41.884
   93 (vir)     1          32.451          -6.963          -2.688         -11.028           33.828
   94 (vir)     1          32.451          -6.995          -2.694         -11.028           33.790
   95 (vir)     1          32.451          -6.998          -2.697         -11.028           33.785
   96 (vir)     1          33.457          -0.769          -2.484         -10.809           41.013
   97 (vir)     1          33.457          -0.491          -2.488         -10.809           41.288
   98 (vir)     1          33.457          -0.856          -2.484         -10.809           40.926
   99 (vir)     1          34.080           3.387          -2.306         -10.430           45.590
  100 (vir)     1          34.414          -4.753          -2.480         -10.897           38.077
  101 (vir)     1          34.414          -4.778          -2.485         -10.897           38.047
  102 (vir)     1          38.840           2.500          -2.132         -10.656           49.864
  103 (vir)     1          38.840           2.492          -2.126         -10.656           49.861
  104 (vir)     1          38.840           2.457          -2.129         -10.656           49.823
  105 (vir)     1          41.163           2.859          -2.570         -12.891           54.343
  106 (vir)     1          41.163           2.731          -2.574         -12.891           54.211
  107 (vir)     1          41.163           2.858          -2.582         -12.891           54.329
  108 (vir)     1          43.335           0.940          -2.735         -12.464           54.004
  109 (vir)     1          43.335           0.925          -2.735         -12.464           53.989
  110 (vir)     1          43.335           0.936          -2.727         -12.464           54.008
  111 (vir)     1          44.647           2.600          -2.261         -11.678           56.665
  112 (vir)     1          45.578          -0.590          -2.454         -11.356           53.890
  113 (vir)     1          45.578          -0.677          -2.478         -11.356           53.779
  114 (vir)     1          45.758          -2.592          -2.454         -12.239           52.950
  115 (vir)     1          45.758          -2.571          -2.455         -12.239           52.971
  116 (vir)     1          45.758          -2.606          -2.455         -12.239           52.936
  117 (vir)     1          46.845          -0.364          -2.440         -12.393           56.434
  118 (vir)     1          46.845          -0.510          -2.445         -12.393           56.283
  119 (vir)     1          47.337           1.539          -2.396         -12.480           58.960
  120 (vir)     1          47.337           1.546          -2.395         -12.480           58.968
  121 (vir)     1          47.337           1.511          -2.394         -12.480           58.934
  122 (vir)     1          47.641           2.976          -2.597         -12.732           60.751
  123 (vir)     1          47.641           2.949          -2.597         -12.732           60.725
  124 (vir)     1          47.641           2.960          -2.595         -12.732           60.737
  125 (vir)     1          48.290           2.879          -2.771         -13.205           61.604
  126 (vir)     1          51.003           2.761          -2.244         -12.320           63.840
  127 (vir)     1          51.051          -0.979          -2.283         -12.429           60.218
  128 (vir)     1          51.051          -0.921          -2.287         -12.429           60.272
  129 (vir)     1          51.051          -1.087          -2.288         -12.429           60.104
  130 (vir)     1          52.459          -2.980          -2.728         -13.591           60.343
  131 (vir)     1          52.459          -2.988          -2.741         -13.591           60.322
  132 (vir)     1          53.555          -0.540          -1.945         -11.713           62.783
  133 (vir)     1          53.555          -0.524          -1.948         -11.713           62.797
  134 (vir)     1          53.555          -0.515          -1.948         -11.713           62.806
  135 (vir)     1          53.652          -2.812          -2.105         -12.511           61.246
  136 (vir)     1          53.652          -2.839          -2.102         -12.511           61.223
  137 (vir)     1          53.652          -2.844          -2.093         -12.511           61.226
  138 (vir)     1          64.381           1.635          -2.005         -12.856           76.867
  139 (vir)     1          64.381           1.272          -1.998         -12.856           76.512
  140 (vir)     1          64.381           1.800          -1.993         -12.856           77.044
  141 (vir)     1         109.562           0.967          -0.820          -7.371          117.080
  142 (vir)     1         109.562           0.967          -0.819          -7.371          117.082
  143 (vir)     1         109.562           0.972          -0.816          -7.371          117.090
  144 (vir)     1         109.684           1.142          -0.834          -7.363          117.355
  145 (vir)     1         217.512           3.389          -0.681         -12.106          232.327
 
