 
  kpoint:       1             coordinate:     0.0000    0.0000    0.0000                  spin:  1
 
    n           k   ϵ_nk^DFT (eV)     Σ^c_nk (eV)     Σ^x_nk (eV)    v_nk^xc (eV)   ϵ_nk^G0W0 (eV)
 
    1 (occ)     1         -29.349          10.036         -32.332         -20.130          -31.516
    2 (occ)     1         -28.350           9.431         -32.913         -21.206          -30.627
    3 (occ)     1         -13.777           3.864         -27.130         -19.169          -17.873
    4 (occ)     1         -12.801           2.585         -23.296         -17.033          -16.479
    5 (occ)     1         -12.801           2.585         -23.296         -17.033          -16.479
    6 (occ)     1         -12.703           3.330         -27.385         -19.973          -16.786
    7 (occ)     1          -9.114           1.582         -24.805         -19.418          -12.919
    8 (occ)     1          -9.114           1.582         -24.805         -19.418          -12.920
    9 (vir)     1          -0.270          -1.969         -10.303         -16.862            4.319
   10 (vir)     1          -0.270          -1.969         -10.303         -16.862            4.319
   11 (vir)     1           0.368          -1.455          -4.562          -9.271            3.622
   12 (vir)     1           0.962          -0.209          -0.390          -1.766            2.128
   13 (vir)     1           0.962          -0.209          -0.390          -1.766            2.128
   14 (vir)     1           1.040          -0.227          -0.536          -1.976            2.252
   15 (vir)     1           2.182          -0.208          -0.482          -1.570            3.062
   16 (vir)     1           2.294          -0.111          -0.241          -1.216            3.159
   17 (vir)     1           2.294          -0.111          -0.241          -1.216            3.159
   18 (vir)     1           3.710          -0.062          -0.047          -0.701            4.302
   19 (vir)     1           3.710          -0.062          -0.047          -0.701            4.302
   20 (vir)     1           8.263          -1.634          -3.385          -8.026           11.269
   21 (vir)     1           8.758          -0.971          -1.988          -5.490           11.289
   22 (vir)     1           9.370          -2.639          -5.136         -11.731           13.325
   23 (vir)     1           9.926          -0.881          -1.203          -4.324           12.165
   24 (vir)     1           9.926          -0.881          -1.202          -4.324           12.166
   25 (vir)     1          14.258          -1.248          -2.464          -7.289           17.836
   26 (vir)     1          15.085          -0.563          -1.284          -5.242           18.479
   27 (vir)     1          15.085          -0.563          -1.284          -5.242           18.479
   28 (vir)     1          16.799          -0.383          -0.293          -3.600           19.723
   29 (vir)     1          16.799          -0.383          -0.293          -3.600           19.723
   30 (vir)     1          17.180          -3.916          -4.249         -11.599           20.614
   31 (vir)     1          17.180          -3.916          -4.249         -11.599           20.614
   32 (vir)     1          19.665          -3.210          -4.188         -11.440           23.708
   33 (vir)     1          19.666          -3.209          -4.189         -11.440           23.707
   34 (vir)     1          20.261          -2.636          -2.795          -8.723           23.552
   35 (vir)     1          20.261          -2.636          -2.795          -8.723           23.552
   36 (vir)     1          22.814          -5.504          -6.230         -15.279           26.359
   37 (vir)     1          24.770          -5.263          -2.338         -10.282           27.452
   38 (vir)     1          24.770          -5.264          -2.338         -10.282           27.450
   39 (vir)     1          27.383          -5.988          -4.204         -12.795           29.986
   40 (vir)     1          31.096           3.479          -6.619         -15.748           43.703
   41 (vir)     1          31.096           3.479          -6.619         -15.748           43.704
   42 (vir)     1          33.672          -7.289          -3.511         -10.497           33.370
   43 (vir)     1          41.597         -11.183          -4.967         -14.071           39.518
   44 (vir)     1          44.883           2.838          -4.774         -13.436           56.384
   45 (vir)     1          44.883           2.840          -4.774         -13.436           56.385
   46 (vir)     1          46.325           2.557          -4.238         -14.275           58.920
   47 (vir)     1          46.325           2.558          -4.238         -14.275           58.920
   48 (vir)     1          48.530           4.473          -4.809         -14.546           62.739
   49 (vir)     1          53.057           2.388          -5.133         -15.733           66.045
   50 (vir)     1          53.057           2.388          -5.133         -15.733           66.045
   51 (vir)     1          71.217           3.289          -4.150         -16.640           86.996
   52 (vir)     1          73.647           3.048          -5.338         -18.881           90.238
   53 (vir)     1          80.845           2.645          -3.782         -16.604           96.312
   54 (vir)     1          80.845           2.645          -3.782         -16.604           96.312
   55 (vir)     1         112.305           3.014          -2.968         -14.395          126.746
   56 (vir)     1         123.413           3.342          -3.266         -18.663          142.152
   57 (vir)     1         123.413           3.344          -3.261         -18.663          142.159
   58 (vir)     1         124.406           3.632          -3.050         -18.230          143.218
   59 (vir)     1         124.406           3.637          -3.044         -18.230          143.229
   60 (vir)     1         128.213           3.549          -2.938         -17.182          146.006
   61 (vir)     1         132.784           4.280          -3.232         -18.859          152.692
   62 (vir)     1         173.608           1.992          -3.884         -20.317          192.034
   63 (vir)     1         173.923           1.411          -4.680         -23.088          193.742
   64 (vir)     1         173.926           1.404          -4.685         -23.085          193.730
   65 (vir)     1         175.248           1.367          -4.650         -23.067          195.032
   66 (vir)     1         175.250           1.360          -4.655         -23.065          195.020
   67 (vir)     1         176.322           1.824          -4.853         -22.959          196.251
   68 (vir)     1         178.434           1.655          -4.979         -23.419          198.529
   69 (vir)     1         178.434           1.643          -5.004         -23.419          198.492
   70 (vir)     1         179.754           1.769          -4.644         -23.001          199.881
   71 (vir)     1         179.754           1.756          -4.665         -23.001          199.846
   72 (vir)     1         206.620           1.937          -2.652         -18.176          224.081
   73 (vir)     1         215.367           0.937          -2.265         -19.687          233.725
   74 (vir)     1         215.367           0.937          -2.265         -19.687          233.726
   75 (vir)     1         224.443           1.115          -2.869         -20.885          243.575
   76 (vir)     1         224.443           1.116          -2.868         -20.885          243.576
   77 (vir)     1         227.414           1.136          -2.939         -21.106          246.717
   78 (vir)     1         227.414           1.137          -2.939         -21.106          246.718
   79 (vir)     1         229.885           1.221          -2.894         -21.176          249.388
   80 (vir)     1         229.885           1.218          -2.924         -21.176          249.355
   81 (vir)     1         231.926           2.000          -2.985         -20.054          250.995
   82 (vir)     1         236.417           1.097          -3.327         -22.390          256.577
   83 (vir)     1         236.417           1.095          -3.356         -22.390          256.546
   84 (vir)     1         237.512           0.843          -2.539         -21.695          257.511
   85 (vir)     1         237.512           0.844          -2.539         -21.695          257.512
   86 (vir)     1         237.728           1.380          -2.536         -19.728          256.301
   87 (vir)     1         249.271           1.957          -2.813         -20.722          269.136
 
