 
  kpoint:       1             coordinate:     0.0000    0.0000    0.0000                  spin:  1
 
    n           k   ϵ_nk^DFT (eV)     Σ^c_nk (eV)     Σ^x_nk (eV)    v_nk^xc (eV)   ϵ_nk^G0W0 (eV)
 
    1 (occ)     1         -26.370           9.106         -31.975         -20.099          -29.139
    2 (occ)     1         -18.644           5.219         -23.895         -15.206          -22.114
    3 (occ)     1         -14.246           3.269         -22.209         -15.123          -18.063
    4 (occ)     1         -11.657           2.801         -22.164         -15.873          -15.147
    5 (occ)     1         -11.072           1.586         -19.331         -14.184          -14.632
    6 (occ)     1         -10.604           2.751         -23.756         -17.533          -14.077
    7 (occ)     1          -9.633           1.540         -20.476         -15.146          -13.423
    8 (occ)     1          -9.076           1.271         -20.997         -16.448          -12.354
    9 (occ)     1          -5.949           2.292         -23.465         -17.983           -9.139
   10 (vir)     1          -2.102          -2.369          -8.371         -14.349            1.507
   11 (vir)     1          -0.338          -0.605          -1.307          -3.549            1.298
   12 (vir)     1           0.133          -0.612          -1.071          -3.279            1.728
   13 (vir)     1           0.541          -0.444          -0.670          -2.409            1.835
   14 (vir)     1           0.717          -0.424          -0.738          -2.517            2.071
   15 (vir)     1           1.314          -0.419          -0.637          -2.327            2.585
   16 (vir)     1           1.335          -0.487          -0.938          -2.908            2.818
   17 (vir)     1           1.586          -0.407          -0.657          -2.414            2.937
   18 (vir)     1           1.657          -0.342          -0.424          -1.858            2.749
   19 (vir)     1           1.733          -0.340          -0.494          -2.078            2.977
   20 (vir)     1           2.949          -0.611          -1.059          -3.144            4.423
   21 (vir)     1           3.292          -0.940          -2.075          -4.947            5.224
   22 (vir)     1           3.484          -0.482          -0.786          -2.808            5.024
   23 (vir)     1           3.579          -0.948          -1.848          -4.731            5.513
   24 (vir)     1           3.731          -0.689          -1.300          -3.680            5.422
   25 (vir)     1           4.082          -0.834          -1.565          -4.160            5.842
   26 (vir)     1           4.388          -0.465          -0.664          -2.532            5.791
   27 (vir)     1           4.491          -0.463          -0.720          -2.667            5.975
   28 (vir)     1           4.829          -0.721          -1.247          -3.687            6.548
   29 (vir)     1           5.005          -1.054          -2.189          -5.368            7.130
   30 (vir)     1           5.678          -0.986          -1.722          -4.806            7.775
   31 (vir)     1           5.924          -1.102          -1.611          -4.961            8.172
   32 (vir)     1           6.470          -1.073          -1.883          -5.257            8.771
   33 (vir)     1           7.145          -1.395          -2.000          -5.828            9.578
   34 (vir)     1           7.448          -0.856          -0.949          -3.918            9.561
   35 (vir)     1           7.665          -1.075          -1.072          -4.331            9.849
   36 (vir)     1           8.195          -1.338          -1.607          -5.311           10.560
   37 (vir)     1           8.380          -1.159          -1.720          -5.326           10.828
   38 (vir)     1           9.787          -2.783          -3.950          -9.752           12.806
   39 (vir)     1          11.181          -1.274          -1.520          -5.247           13.635
   40 (vir)     1          11.698          -2.163          -3.003          -8.144           14.675
   41 (vir)     1          12.312          -2.115          -2.442          -7.319           15.074
   42 (vir)     1          12.530          -2.258          -2.435          -7.484           15.321
   43 (vir)     1          12.860          -2.074          -2.288          -7.125           15.623
   44 (vir)     1          13.211          -1.433          -1.251          -5.238           15.765
   45 (vir)     1          13.826          -2.618          -2.690          -8.262           16.780
   46 (vir)     1          14.640          -3.402          -3.523         -10.051           17.766
   47 (vir)     1          15.117          -2.472          -2.301          -7.630           17.973
   48 (vir)     1          15.772          -2.264          -1.786          -6.749           18.471
   49 (vir)     1          16.413          -2.296          -1.894          -7.149           19.371
   50 (vir)     1          16.783          -1.950          -1.605          -6.536           19.764
   51 (vir)     1          17.639          -1.828          -1.523          -6.128           20.415
   52 (vir)     1          18.735          -2.585          -2.232          -7.835           21.752
   53 (vir)     1          18.795          -2.103          -1.416          -6.447           21.723
   54 (vir)     1          19.293          -2.319          -1.995          -7.481           22.460
   55 (vir)     1          20.376          -2.876          -2.741          -8.913           23.672
   56 (vir)     1          21.734          -3.652          -2.424          -9.033           24.692
   57 (vir)     1          22.033          -2.635          -2.059          -7.785           25.124
   58 (vir)     1          23.846          -2.885          -1.429          -6.968           26.500
   59 (vir)     1          24.013          -2.720          -1.687          -7.134           26.741
   60 (vir)     1          24.361          -2.955          -1.929          -7.716           27.193
   61 (vir)     1          25.073          -3.841          -3.029         -10.110           28.313
   62 (vir)     1          25.165          -4.112          -2.146          -8.801           27.709
   63 (vir)     1          27.542          -2.853          -1.351          -6.687           30.025
   64 (vir)     1          30.142          -3.889          -2.292          -8.711           32.672
   65 (vir)     1          30.575          -4.898          -2.619          -9.572           32.631
   66 (vir)     1          31.137          -5.000          -2.560          -9.395           32.972
   67 (vir)     1          32.673          -5.083          -2.473          -9.325           34.443
   68 (vir)     1          33.027          -5.163          -2.792          -9.843           34.914
   69 (vir)     1          35.389          -6.672          -3.337         -11.836           37.215
   70 (vir)     1          37.187          -7.049          -3.125         -11.443           38.456
   71 (vir)     1          38.577           4.714          -3.217         -11.785           51.858
   72 (vir)     1          39.181          -6.260          -2.895         -10.694           40.720
   73 (vir)     1          41.812          -9.469          -3.300         -12.838           41.881
   74 (vir)     1          43.426          -9.021          -3.107         -11.947           43.245
   75 (vir)     1          46.813          -6.136          -3.879         -13.055           49.853
   76 (vir)     1          48.897           3.796          -3.269         -12.582           62.005
   77 (vir)     1          50.146           3.239          -3.579         -13.426           63.232
   78 (vir)     1          51.223           3.653          -3.446         -13.268           64.698
   79 (vir)     1          52.779           4.151          -3.201         -13.123           66.852
   80 (vir)     1          53.831           4.831          -2.725         -13.378           69.316
   81 (vir)     1          54.556           3.802          -2.930         -12.731           68.159
   82 (vir)     1          55.063           3.460          -3.488         -13.293           68.327
   83 (vir)     1          56.668           4.218          -2.427         -12.027           70.487
   84 (vir)     1          57.872           3.460          -2.986         -13.137           71.483
   85 (vir)     1          61.233           3.355          -2.600         -13.023           75.011
   86 (vir)     1          61.900           3.640          -2.517         -13.103           76.126
   87 (vir)     1          63.002           3.770          -2.624         -13.538           77.686
   88 (vir)     1          65.239           3.178          -3.364         -14.703           79.755
   89 (vir)     1          67.244           3.471          -2.062         -12.411           81.064
   90 (vir)     1          67.551           3.107          -2.422         -12.903           81.139
   91 (vir)     1          68.927           3.420          -2.363         -13.503           83.487
   92 (vir)     1          70.011           2.874          -2.787         -14.372           84.470
   93 (vir)     1          72.107           3.558          -2.040         -13.367           86.993
   94 (vir)     1          72.724           3.061          -2.767         -14.224           87.242
   95 (vir)     1          73.967           2.907          -2.497         -14.172           88.548
   96 (vir)     1          76.780           3.188          -2.826         -14.643           91.785
   97 (vir)     1          78.002           3.230          -2.585         -14.569           93.216
   98 (vir)     1          86.016           2.613          -2.681         -14.900          100.849
   99 (vir)     1          91.400           2.147          -2.476         -15.070          106.141
  100 (vir)     1          99.255           2.131          -1.955         -14.320          113.753
  101 (vir)     1         106.638           2.017          -1.991         -14.396          121.060
  102 (vir)     1         126.613           4.635          -2.251         -18.324          147.321
  103 (vir)     1         127.927           3.349          -2.933         -19.333          147.675
  104 (vir)     1         132.984           4.331          -2.622         -18.966          153.659
  105 (vir)     1         152.997           2.305          -1.717         -15.747          169.331
  106 (vir)     1         160.675           2.353          -1.678         -15.956          177.307
  107 (vir)     1         162.323           2.239          -1.600         -15.732          178.694
  108 (vir)     1         162.921           2.219          -1.622         -15.836          179.354
  109 (vir)     1         177.612           1.222          -3.595         -21.794          197.033
  110 (vir)     1         178.490           1.156          -4.783         -23.008          197.871
  111 (vir)     1         179.056           1.489          -3.145         -19.659          197.060
  112 (vir)     1         182.118           1.589          -3.864         -22.985          202.828
  113 (vir)     1         185.163           1.625          -4.889         -23.303          205.202
  114 (vir)     1         188.571           1.850          -2.362         -18.058          206.117
  115 (vir)     1         228.739           5.516          -0.672         -13.947          247.530
  116 (vir)     1         231.827           1.392          -2.179         -20.659          251.700
  117 (vir)     1         234.885           0.791          -2.468         -21.464          254.672
  118 (vir)     1         235.939           0.880          -2.483         -21.630          255.966
  119 (vir)     1         236.450           0.686          -2.372         -21.617          256.380
  120 (vir)     1         237.714           0.407          -2.226         -21.429          257.323
  121 (vir)     1         238.401           0.382          -2.442         -21.631          257.973
  122 (vir)     1         240.329           0.837          -2.717         -22.176          260.625
  123 (vir)     1         256.744           3.150          -1.361         -17.403          275.936
 
