 
  kpoint:       1             coordinate:     0.0000    0.0000    0.0000                  spin:  1
 
    n           k   ϵ_nk^DFT (eV)     Σ^c_nk (eV)     Σ^x_nk (eV)    v_nk^xc (eV)   ϵ_nk^G0W0 (eV)
 
    1 (occ)     1         -50.871           3.495         -43.892         -28.301          -62.967
    2 (occ)     1          -4.481           1.513         -12.881          -9.082           -6.766
    3 (vir)     1          -1.412          -0.354          -0.826          -2.820            0.229
    4 (vir)     1          -0.361          -0.321          -0.545          -2.711            1.485
    5 (vir)     1          -0.361          -0.320          -0.545          -2.711            1.485
    6 (vir)     1           1.691          -0.361          -0.727          -2.273            2.876
    7 (vir)     1           3.223          -0.205          -0.249          -1.483            4.252
    8 (vir)     1           3.232          -0.125          -0.327          -1.908            4.687
    9 (vir)     1           3.232          -0.124          -0.327          -1.908            4.688
   10 (vir)     1           3.531          -0.458          -0.028          -1.219            4.264
   11 (vir)     1           3.531          -0.459          -0.028          -1.219            4.264
   12 (vir)     1           4.241          -0.594          -0.752          -3.368            6.263
   13 (vir)     1           4.259          -0.838          -0.790          -3.943            6.573
   14 (vir)     1           4.259          -0.749          -0.790          -3.943            6.663
   15 (vir)     1           6.658          -0.822          -1.616          -5.485            9.706
   16 (vir)     1           8.874           0.145          -1.108          -5.084           12.996
   17 (vir)     1           8.874           0.145          -1.107          -5.084           12.996
   18 (vir)     1          10.116          -3.289          -2.146          -6.651           11.332
   19 (vir)     1          20.482          -6.144          -2.727          -8.077           19.687
   20 (vir)     1          40.835           0.286          -3.079         -10.907           48.949
   21 (vir)     1          47.776          -0.646          -1.952         -10.528           55.706
   22 (vir)     1          47.776          -0.927          -1.953         -10.528           55.423
   23 (vir)     1          50.698           0.157          -2.114         -10.645           59.386
   24 (vir)     1         149.319           1.281          -1.781         -16.108          164.927
 
