 
  kpoint:       1             coordinate:     0.0000    0.0000    0.0000                  spin:  1
 
    n           k   ϵ_nk^DFT (eV)     Σ^c_nk (eV)     Σ^x_nk (eV)    v_nk^xc (eV)   ϵ_nk^G0W0 (eV)
 
    1 (occ)     1         -21.212           7.569         -25.181         -15.413          -23.411
    2 (occ)     1         -18.991           5.220         -24.303         -15.298          -22.776
    3 (occ)     1         -18.317           7.290         -24.299         -15.487          -19.839
    4 (occ)     1         -16.736           5.646         -23.448         -15.237          -19.301
    5 (occ)     1         -14.795           4.638         -22.428         -15.223          -17.363
    6 (occ)     1         -14.202           4.310         -22.227         -15.242          -16.878
    7 (occ)     1         -12.396           3.203         -20.304         -14.346          -15.150
    8 (occ)     1         -11.207           2.744         -21.132         -15.623          -13.972
    9 (occ)     1         -10.861           2.770         -20.305         -14.520          -13.876
   10 (occ)     1         -10.255           2.220         -18.652         -13.493          -13.194
   11 (occ)     1         -10.123           2.358         -20.064         -14.796          -13.032
   12 (occ)     1          -9.726           2.202         -20.134         -15.121          -12.537
   13 (occ)     1          -9.226           1.822         -19.699         -14.671          -12.432
   14 (occ)     1          -8.664           2.267         -17.379         -13.050          -10.727
   15 (occ)     1          -8.098           1.597         -19.881         -15.269          -11.112
   16 (occ)     1          -8.045           1.596         -20.030         -15.569          -10.910
   17 (occ)     1          -6.237           0.335         -15.605         -13.012           -8.495
   18 (occ)     1          -5.981           0.246         -15.815         -13.278           -8.273
   19 (vir)     1          -1.201          -2.335          -7.404         -12.259            1.318
   20 (vir)     1          -1.081          -2.354          -7.486         -12.334            1.414
   21 (vir)     1          -0.350          -0.866          -1.294          -3.625            1.114
   22 (vir)     1          -0.059          -0.771          -1.111          -3.258            1.317
   23 (vir)     1           0.076          -0.708          -0.985          -2.949            1.332
   24 (vir)     1           0.604          -0.695          -0.927          -2.809            1.791
   25 (vir)     1           0.636          -0.697          -0.897          -2.832            1.875
   26 (vir)     1           0.749          -0.624          -0.813          -2.596            1.908
   27 (vir)     1           0.910          -0.705          -0.811          -2.780            2.174
   28 (vir)     1           1.150          -0.601          -0.652          -2.356            2.253
   29 (vir)     1           1.310          -0.587          -0.621          -2.309            2.410
   30 (vir)     1           1.366          -0.770          -1.035          -3.123            2.683
   31 (vir)     1           1.611          -0.598          -0.626          -2.375            2.763
   32 (vir)     1           1.973          -0.708          -0.850          -2.841            3.256
   33 (vir)     1           2.163          -0.543          -0.554          -2.116            3.181
   34 (vir)     1           2.210          -0.624          -0.754          -2.487            3.319
   35 (vir)     1           2.446          -1.974          -2.504          -6.002            3.970
   36 (vir)     1           2.677          -1.583          -1.865          -4.769            3.998
   37 (vir)     1           2.679          -0.459          -0.333          -1.805            3.692
   38 (vir)     1           2.836          -0.600          -0.659          -2.403            3.980
   39 (vir)     1           2.851          -1.260          -1.400          -3.861            4.051
   40 (vir)     1           2.920          -1.075          -1.910          -4.400            4.336
   41 (vir)     1           3.200          -1.072          -1.764          -4.325            4.689
   42 (vir)     1           3.268          -0.839          -1.116          -3.171            4.484
   43 (vir)     1           3.645          -1.185          -1.835          -4.526            5.152
   44 (vir)     1           3.761          -0.815          -0.952          -2.934            4.928
   45 (vir)     1           3.768          -0.975          -1.426          -3.987            5.355
   46 (vir)     1           3.876          -0.840          -1.126          -3.178            5.087
   47 (vir)     1           4.012          -1.033          -1.391          -3.817            5.405
   48 (vir)     1           4.211          -1.566          -2.237          -5.560            5.969
   49 (vir)     1           4.522          -1.547          -2.438          -5.807            6.345
   50 (vir)     1           4.523          -0.950          -1.548          -3.956            5.982
   51 (vir)     1           4.644          -1.122          -1.495          -4.119            6.146
   52 (vir)     1           4.955          -0.786          -0.849          -2.944            6.264
   53 (vir)     1           4.960          -1.200          -1.450          -4.279            6.589
   54 (vir)     1           4.991          -1.851          -2.685          -6.428            6.884
   55 (vir)     1           5.516          -1.410          -2.026          -5.111            7.190
   56 (vir)     1           5.682          -1.428          -1.649          -4.882            7.488
   57 (vir)     1           5.856          -1.369          -1.690          -4.834            7.631
   58 (vir)     1           5.897          -1.324          -1.712          -4.807            7.667
   59 (vir)     1           6.027          -1.404          -1.581          -4.714            7.756
   60 (vir)     1           6.256          -1.490          -1.818          -5.204            8.152
   61 (vir)     1           6.413          -1.531          -1.868          -5.259            8.274
   62 (vir)     1           6.655          -1.661          -2.594          -6.181            8.580
   63 (vir)     1           6.705          -1.803          -2.829          -6.671            8.745
   64 (vir)     1           6.910          -1.340          -1.156          -4.208            8.621
   65 (vir)     1           7.083          -1.643          -1.806          -5.285            8.919
   66 (vir)     1           7.626          -1.346          -1.902          -5.036            9.414
   67 (vir)     1           7.866          -2.501          -3.836          -8.777           10.306
   68 (vir)     1           8.165          -2.026          -2.619          -6.823           10.343
   69 (vir)     1           8.392          -1.787          -1.305          -4.863           10.163
   70 (vir)     1           8.628          -2.275          -2.125          -6.307           10.536
   71 (vir)     1           8.884          -2.757          -3.303          -8.226           11.051
   72 (vir)     1           9.034          -2.016          -1.535          -5.399           10.882
   73 (vir)     1           9.249          -1.251          -1.107          -4.016           10.908
   74 (vir)     1           9.253          -2.372          -2.518          -6.892           11.255
   75 (vir)     1           9.468          -1.365          -0.937          -3.669           10.835
   76 (vir)     1           9.700          -2.769          -3.016          -7.938           11.852
   77 (vir)     1           9.895          -2.825          -1.362          -5.235           10.943
   78 (vir)     1          10.066          -1.400          -1.034          -4.262           11.895
   79 (vir)     1          10.334          -1.969          -1.428          -5.087           12.024
   80 (vir)     1          10.676          -1.778          -1.011          -4.480           12.366
   81 (vir)     1          10.736          -2.862          -3.136          -8.149           12.886
   82 (vir)     1          11.534          -2.643          -2.342          -6.938           13.487
   83 (vir)     1          11.692          -2.101          -1.320          -4.685           12.956
   84 (vir)     1          11.877          -1.602          -2.246          -6.954           14.984
   85 (vir)     1          12.218          -2.648          -2.395          -7.105           14.279
   86 (vir)     1          12.281          -2.586          -2.379          -7.034           14.350
   87 (vir)     1          12.702          -2.569          -2.296          -6.894           14.730
   88 (vir)     1          13.040          -1.831          -1.427          -5.185           14.967
   89 (vir)     1          13.279          -3.134          -2.943          -8.383           15.585
   90 (vir)     1          13.803          -2.522          -1.870          -6.405           15.816
   91 (vir)     1          13.972          -3.198          -2.353          -7.662           16.083
   92 (vir)     1          13.999          -2.536          -1.663          -6.070           15.870
   93 (vir)     1          14.439          -3.696          -2.531          -8.179           16.391
   94 (vir)     1          14.485          -2.852          -1.350          -6.221           16.503
   95 (vir)     1          14.607          -3.220          -2.018          -7.017           16.386
   96 (vir)     1          14.821          -4.215          -3.455          -9.943           17.094
   97 (vir)     1          14.880          -3.868          -2.360          -7.998           16.650
   98 (vir)     1          15.024          -4.302          -3.462          -9.898           17.158
   99 (vir)     1          15.107          -3.702          -2.889          -8.757           17.273
  100 (vir)     1          15.235          -4.505          -2.939          -9.322           17.113
  101 (vir)     1          15.251          -3.355          -1.583          -6.658           16.971
  102 (vir)     1          16.022          -3.962          -2.648          -8.634           18.045
  103 (vir)     1          16.126          -3.590          -1.744          -6.989           17.781
  104 (vir)     1          16.405          -3.138          -1.752          -6.930           18.445
  105 (vir)     1          16.960          -3.569          -2.660          -8.509           19.240
  106 (vir)     1          17.466          -3.119          -2.159          -7.410           19.598
  107 (vir)     1          18.048          -3.304          -2.918          -8.743           20.569
  108 (vir)     1          18.821          -4.885          -3.446         -10.664           21.152
  109 (vir)     1          18.833          -3.191          -1.803          -7.069           20.908
  110 (vir)     1          19.419          -2.385          -1.529          -6.192           21.698
  111 (vir)     1          19.537          -3.640          -1.705          -7.225           21.417
  112 (vir)     1          19.739          -3.997          -2.431          -8.604           21.915
  113 (vir)     1          19.986          -3.259          -1.572          -6.814           21.969
  114 (vir)     1          20.135          -4.030          -2.057          -8.095           22.142
  115 (vir)     1          20.454          -2.770          -1.312          -6.047           22.419
  116 (vir)     1          20.790          -3.395          -1.789          -7.253           22.858
  117 (vir)     1          21.182          -3.393          -1.434          -6.900           23.255
  118 (vir)     1          21.710          -4.127          -2.183          -8.228           23.629
  119 (vir)     1          21.878          -3.358          -1.614          -7.214           24.120
  120 (vir)     1          21.909          -3.389          -1.896          -7.390           24.013
  121 (vir)     1          22.325          -3.103          -1.421          -6.542           24.343
  122 (vir)     1          22.357          -3.132          -1.306          -6.865           24.783
  123 (vir)     1          22.616          -3.603          -1.795          -7.393           24.611
  124 (vir)     1          22.632          -3.466          -1.223          -6.729           24.672
  125 (vir)     1          23.524          -3.626          -1.628          -7.245           25.514
  126 (vir)     1          24.005          -3.189          -1.281          -6.696           26.230
  127 (vir)     1          24.202          -4.643          -1.590          -7.388           25.358
  128 (vir)     1          24.777          -4.975          -1.764          -8.107           26.146
  129 (vir)     1          25.779          -0.043          -1.621          -7.193           31.308
  130 (vir)     1          26.301          -4.965          -2.151          -8.733           27.918
  131 (vir)     1          26.436          -4.238          -1.832          -7.810           28.176
  132 (vir)     1          26.626          -3.883          -1.817          -8.119           29.046
  133 (vir)     1          27.012          -4.515          -1.563          -7.486           28.421
  134 (vir)     1          27.400          -4.734          -1.705          -7.808           28.769
  135 (vir)     1          27.782          -2.026          -1.847          -7.919           31.828
  136 (vir)     1          27.997          -4.391          -2.640          -9.668           30.634
  137 (vir)     1          28.505          -4.829          -1.723          -7.733           29.686
  138 (vir)     1          28.843          -0.623          -1.735          -7.681           34.166
  139 (vir)     1          29.049           2.359          -1.639          -7.492           37.260
  140 (vir)     1          29.310          -1.938          -1.631          -8.022           33.763
  141 (vir)     1          29.335          -0.539          -1.927          -8.187           35.055
  142 (vir)     1          29.856          -6.206          -1.935          -8.960           30.674
  143 (vir)     1          30.626          -6.125          -1.966          -8.365           30.899
  144 (vir)     1          30.786          -5.893          -1.695          -8.083           31.282
  145 (vir)     1          31.154          -4.800          -1.982          -8.436           32.808
  146 (vir)     1          31.183           2.127          -1.455          -7.520           39.375
  147 (vir)     1          32.355          -8.288          -1.949          -8.578           30.696
  148 (vir)     1          32.486          -5.802          -1.619          -7.896           32.961
  149 (vir)     1          33.382           2.988          -1.808          -8.588           43.151
  150 (vir)     1          33.589         -10.435          -2.026          -9.003           30.130
  151 (vir)     1          34.570         -10.036          -2.102          -9.029           31.461
  152 (vir)     1          34.931          -7.490          -1.999          -8.668           34.110
  153 (vir)     1          35.892          -7.402          -1.910          -8.634           35.214
  154 (vir)     1          36.596          -7.674          -2.426          -9.867           36.363
  155 (vir)     1          37.190          -6.848          -1.547          -8.045           36.839
  156 (vir)     1          37.670          -8.066          -1.904          -9.265           36.965
  157 (vir)     1          38.017          -7.639          -2.506         -10.265           38.138
  158 (vir)     1          38.378          -9.252          -2.490         -10.902           37.538
  159 (vir)     1          39.251          -8.299          -1.922          -9.703           38.734
  160 (vir)     1          39.471          -7.933          -2.026          -9.289           38.801
  161 (vir)     1          40.649         -11.100          -3.123         -11.931           38.357
  162 (vir)     1          41.023          -9.914          -2.298         -10.159           38.970
  163 (vir)     1          42.796          -8.075          -2.800         -11.333           43.254
  164 (vir)     1          42.834         -10.716          -2.141          -9.653           39.629
  165 (vir)     1          43.615          -8.091          -2.507         -10.872           43.889
  166 (vir)     1          43.898          -9.905          -2.053          -9.877           41.816
  167 (vir)     1          44.474           4.307          -1.870          -9.389           56.301
  168 (vir)     1          44.648          -8.692          -2.042          -9.559           43.474
  169 (vir)     1          46.552          -9.808          -2.641         -11.043           45.145
  170 (vir)     1          47.219          -8.293          -2.205         -10.277           46.997
  171 (vir)     1          47.715          -9.936          -2.547         -11.180           46.412
  172 (vir)     1          47.869         -10.517          -2.553         -11.023           45.821
  173 (vir)     1          48.962         -11.237          -2.261         -10.809           46.272
  174 (vir)     1          49.783          -6.296          -2.307         -11.212           52.393
  175 (vir)     1          50.289           4.359          -2.397         -10.766           63.018
  176 (vir)     1          50.733         -11.483          -3.073         -12.651           48.828
  177 (vir)     1          51.006          -8.711          -2.684         -11.633           51.244
  178 (vir)     1          51.544          -8.413          -2.418         -11.372           52.085
  179 (vir)     1          52.589          -9.717          -2.356         -11.711           52.227
  180 (vir)     1          52.838         -12.713          -2.454         -11.262           48.933
  181 (vir)     1          53.346           4.007          -2.171         -10.662           65.843
  182 (vir)     1          55.017          -9.675          -2.201         -11.355           54.495
  183 (vir)     1          55.191           4.700          -2.575         -12.138           69.453
  184 (vir)     1          55.546           4.613          -2.508         -12.222           69.873
  185 (vir)     1          56.984          -9.085          -2.345         -11.716           57.270
  186 (vir)     1          56.992           4.376          -2.578         -12.205           70.994
  187 (vir)     1          57.395           4.759          -2.799         -13.038           72.394
  188 (vir)     1          58.239          -9.709          -2.263         -11.611           57.877
  189 (vir)     1          59.101           4.231          -2.597         -12.321           73.056
  190 (vir)     1          59.284           3.821          -2.758         -13.003           73.350
  191 (vir)     1          60.054           4.317          -2.539         -12.489           74.322
  192 (vir)     1          60.197         -10.607          -2.197         -11.872           59.265
  193 (vir)     1          60.605           4.398          -2.614         -12.751           75.141
  194 (vir)     1          61.091           4.084          -2.530         -12.696           75.342
  195 (vir)     1          62.163           4.047          -2.646         -13.058           76.623
  196 (vir)     1          62.514           4.116          -2.774         -13.213           77.069
  197 (vir)     1          62.660           3.598          -2.569         -12.908           76.596
  198 (vir)     1          63.562           3.967          -2.764         -13.586           78.352
  199 (vir)     1          64.570           4.679          -2.696         -13.574           80.128
  200 (vir)     1          64.874           4.015          -2.647         -13.362           79.604
  201 (vir)     1          64.916           4.168          -2.611         -13.356           79.830
  202 (vir)     1          65.602           3.130          -2.330         -12.743           79.145
  203 (vir)     1          66.551           3.926          -2.251         -12.641           80.869
  204 (vir)     1          66.990           3.915          -2.174         -12.309           81.039
  205 (vir)     1          67.104           4.121          -2.372         -12.874           81.726
  206 (vir)     1          67.672           3.910          -2.663         -14.132           83.050
  207 (vir)     1          68.079           3.727          -2.221         -12.804           82.390
  208 (vir)     1          68.963           3.854          -2.272         -13.107           83.652
  209 (vir)     1          69.313           3.504          -2.362         -13.193           83.648
  210 (vir)     1          69.577           3.923          -2.104         -12.811           84.207
  211 (vir)     1          70.186           4.022          -2.345         -13.389           85.252
  212 (vir)     1          70.433           3.450          -2.128         -12.375           84.130
  213 (vir)     1          71.245           3.940          -2.078         -12.916           86.023
  214 (vir)     1          71.689           3.916          -2.147         -13.081           86.539
  215 (vir)     1          71.967           4.066          -2.049         -13.059           87.043
  216 (vir)     1          72.313           4.333          -2.405         -13.866           88.107
  217 (vir)     1          73.065           3.769          -2.225         -13.085           87.693
  218 (vir)     1          73.849           3.819          -2.208         -13.368           88.828
  219 (vir)     1          74.093           3.928          -2.004         -12.680           88.697
  220 (vir)     1          74.433           3.599          -2.072         -12.963           88.923
  221 (vir)     1          74.809           4.171          -2.065         -13.113           90.029
  222 (vir)     1          74.864           4.046          -2.241         -13.418           90.087
  223 (vir)     1          75.974           3.494          -1.992         -12.703           90.179
  224 (vir)     1          76.184           3.767          -2.215         -13.309           91.045
  225 (vir)     1          76.776           3.769          -2.306         -13.796           92.035
  226 (vir)     1          77.445           3.483          -2.038         -13.104           91.994
  227 (vir)     1          77.510           3.560          -1.990         -12.591           91.671
  228 (vir)     1          78.317           3.077          -1.941         -12.587           92.038
  229 (vir)     1          80.153           3.454          -2.154         -13.525           94.978
  230 (vir)     1          80.308           3.485          -2.024         -13.033           94.802
  231 (vir)     1          81.218           3.032          -2.290         -13.593           95.552
  232 (vir)     1          82.500           3.269          -2.169         -13.421           97.020
  233 (vir)     1          83.342           3.331          -1.972         -12.876           97.578
  234 (vir)     1          86.809           2.503          -2.288         -13.753          100.776
  235 (vir)     1          87.179           3.073          -2.049         -13.363          101.566
  236 (vir)     1          87.837           2.768          -2.111         -13.574          102.069
  237 (vir)     1          88.992           3.203          -2.859         -15.556          104.892
  238 (vir)     1          91.355           2.650          -2.462         -14.616          106.159
  239 (vir)     1          91.549           2.718          -2.523         -14.803          106.547
  240 (vir)     1          92.251           2.475          -2.176         -14.077          106.626
  241 (vir)     1          92.715           2.447          -2.210         -13.814          106.766
  242 (vir)     1          94.025           2.150          -1.886         -13.136          107.425
  243 (vir)     1          94.409           2.111          -1.830         -13.198          107.889
  244 (vir)     1          97.378           1.812          -1.685         -12.415          109.921
  245 (vir)     1         100.216           2.318          -2.392         -14.940          115.083
  246 (vir)     1         101.275           2.846          -2.208         -14.734          116.647
  247 (vir)     1         102.209           2.991          -2.196         -14.679          117.682
  248 (vir)     1         104.235           2.611          -2.068         -14.452          119.230
  249 (vir)     1         104.994           2.341          -1.940         -13.997          119.392
  250 (vir)     1         106.576           1.694          -1.656         -13.364          119.978
  251 (vir)     1         108.523           2.150          -1.937         -14.142          122.878
  252 (vir)     1         111.129           2.127          -1.976         -14.382          125.662
  253 (vir)     1         114.193           1.442          -1.552         -13.592          127.675
  254 (vir)     1         115.530           1.838          -1.931         -14.478          129.915
  255 (vir)     1         118.410           1.969          -1.758         -13.954          132.575
  256 (vir)     1         126.300           1.765          -1.779         -14.432          140.719
  257 (vir)     1         126.900           1.069          -2.042         -15.933          141.860
  258 (vir)     1         128.962           1.909          -1.683         -14.188          143.377
  259 (vir)     1         133.460           1.730          -2.041         -15.716          148.865
  260 (vir)     1         154.614           2.543          -1.710         -15.789          171.236
  261 (vir)     1         162.004           2.697          -1.661         -15.857          178.897
  262 (vir)     1         162.474           2.665          -1.691         -16.037          179.486
  263 (vir)     1         163.099           2.559          -1.622         -15.762          179.797
  264 (vir)     1         164.391           2.464          -1.618         -15.775          181.013
  265 (vir)     1         164.851           2.675          -1.610         -15.782          181.697
  266 (vir)     1         165.881           2.600          -1.580         -15.780          182.681
  267 (vir)     1         165.987           2.665          -1.557         -15.620          182.715
  268 (vir)     1         180.120           1.046          -1.373         -15.546          195.339
  269 (vir)     1         209.642           8.376          -0.920         -12.554          229.652
  270 (vir)     1         238.970          -5.353          -0.873         -13.333          246.077
  271 (vir)     1         239.570          -4.632          -0.875         -13.304          247.367
  272 (vir)     1         239.863          -3.745          -0.873         -13.312          248.558
  273 (vir)     1         244.089          -2.795          -0.902         -13.575          253.968
  274 (vir)     1         244.455          -1.572          -0.900         -13.594          255.576
  275 (vir)     1         246.403          -0.074          -0.876         -13.579          259.032
 
