 
  kpoint:       1             coordinate:     0.0000    0.0000    0.0000                  spin:  1
 
    n           k   ϵ_nk^DFT (eV)     Σ^c_nk (eV)     Σ^x_nk (eV)    v_nk^xc (eV)   ϵ_nk^G0W0 (eV)
 
    1 (occ)     1         -26.780           9.105         -31.533         -19.664          -29.544
    2 (occ)     1         -21.360           7.280         -25.618         -15.840          -23.858
    3 (occ)     1         -18.762           6.027         -24.821         -15.910          -21.646
    4 (occ)     1         -18.319           5.914         -24.663         -15.872          -21.196
    5 (occ)     1         -15.646           4.265         -23.395         -16.051          -18.725
    6 (occ)     1         -14.844           4.111         -23.248         -16.046          -17.935
    7 (occ)     1         -13.663           3.175         -22.497         -16.188          -16.798
    8 (occ)     1         -12.237           2.951         -21.467         -15.347          -15.406
    9 (occ)     1         -11.549           2.933         -22.257         -16.330          -14.543
   10 (occ)     1         -10.863           2.366         -20.931         -15.311          -14.117
   11 (occ)     1         -10.287           2.298         -20.390         -15.074          -13.306
   12 (occ)     1         -10.186           3.042         -20.541         -14.978          -12.707
   13 (occ)     1          -9.383           2.697         -23.330         -17.458          -12.558
   14 (occ)     1          -8.713           1.785         -20.838         -15.955          -11.810
   15 (occ)     1          -8.206           1.825         -21.275         -16.328          -11.329
   16 (occ)     1          -8.195           2.318         -19.779         -14.969          -10.686
   17 (occ)     1          -6.348           0.374         -15.838         -13.152           -8.660
   18 (occ)     1          -5.625           0.681         -18.072         -15.029           -7.987
   19 (vir)     1          -1.345          -2.224          -7.646         -12.485            1.270
   20 (vir)     1          -0.699          -2.318          -7.822         -12.730            1.892
   21 (vir)     1          -0.529          -0.956          -1.682          -4.271            1.104
   22 (vir)     1          -0.161          -0.850          -1.363          -3.690            1.316
   23 (vir)     1           0.182          -0.644          -0.858          -2.717            1.398
   24 (vir)     1           0.583          -0.775          -1.146          -3.286            1.948
   25 (vir)     1           0.723          -0.594          -0.720          -2.428            1.837
   26 (vir)     1           0.857          -0.672          -0.947          -2.893            2.131
   27 (vir)     1           1.074          -0.677          -0.881          -2.860            2.375
   28 (vir)     1           1.376          -0.527          -0.560          -2.147            2.436
   29 (vir)     1           1.475          -0.516          -0.527          -2.082            2.514
   30 (vir)     1           1.652          -0.670          -0.906          -2.807            2.883
   31 (vir)     1           1.834          -0.540          -0.671          -2.404            3.028
   32 (vir)     1           2.453          -0.492          -0.585          -2.038            3.414
   33 (vir)     1           2.509          -0.440          -0.475          -1.808            3.404
   34 (vir)     1           2.575          -0.603          -0.847          -2.630            3.755
   35 (vir)     1           2.698          -0.591          -0.780          -2.603            3.930
   36 (vir)     1           2.807          -0.508          -0.605          -2.235            3.929
   37 (vir)     1           2.887          -1.152          -2.532          -5.282            4.485
   38 (vir)     1           2.965          -3.587          -4.421          -9.728            4.686
   39 (vir)     1           3.179          -0.702          -0.916          -2.837            4.399
   40 (vir)     1           3.255          -0.676          -0.885          -2.762            4.456
   41 (vir)     1           3.313          -0.453          -0.378          -1.845            4.327
   42 (vir)     1           3.435          -0.859          -1.338          -3.501            4.738
   43 (vir)     1           3.618          -1.094          -1.839          -4.463            5.147
   44 (vir)     1           3.896          -1.108          -1.902          -4.626            5.512
   45 (vir)     1           4.092          -1.082          -1.134          -3.150            5.026
   46 (vir)     1           4.529          -1.642          -2.540          -6.075            6.421
   47 (vir)     1           4.847          -1.780          -3.031          -6.817            6.854
   48 (vir)     1           5.166          -1.778          -2.994          -6.753            7.147
   49 (vir)     1           5.545          -1.471          -2.228          -5.562            7.408
   50 (vir)     1           5.617          -1.457          -1.837          -5.237            7.558
   51 (vir)     1           5.673          -1.530          -2.383          -5.762            7.522
   52 (vir)     1           5.995          -1.333          -1.579          -4.709            7.793
   53 (vir)     1           6.189          -1.736          -2.635          -6.586            8.405
   54 (vir)     1           6.338          -1.283          -1.318          -4.425            8.162
   55 (vir)     1           6.500          -1.657          -2.533          -6.379            8.689
   56 (vir)     1           6.929          -1.432          -1.457          -4.739            8.779
   57 (vir)     1           6.953          -2.113          -3.348          -7.737            9.229
   58 (vir)     1           7.159          -0.603          -0.564          -2.616            8.608
   59 (vir)     1           7.416          -0.799          -0.979          -3.343            8.980
   60 (vir)     1           7.664          -1.504          -1.236          -4.578            9.502
   61 (vir)     1           8.134          -2.817          -4.867         -10.441           10.891
   62 (vir)     1           8.200          -1.639          -1.162          -4.579            9.979
   63 (vir)     1           8.558          -1.119          -1.398          -4.295           10.336
   64 (vir)     1           8.636          -1.000          -0.841          -3.586           10.381
   65 (vir)     1           8.755          -2.095          -3.409          -7.856           11.107
   66 (vir)     1           9.152          -1.898          -1.488          -5.252           11.018
   67 (vir)     1           9.293          -2.526          -3.164          -8.026           11.629
   68 (vir)     1           9.368          -0.953          -0.766          -3.290           10.939
   69 (vir)     1           9.464          -2.776          -1.307          -5.245           10.626
   70 (vir)     1           9.592          -2.606          -2.644          -7.358           11.700
   71 (vir)     1          10.048          -2.175          -2.684          -7.166           12.355
   72 (vir)     1          10.578          -0.889          -1.775          -5.782           13.695
   73 (vir)     1          10.897          -2.531          -3.078          -8.096           13.384
   74 (vir)     1          11.285          -2.168          -2.214          -6.534           13.437
   75 (vir)     1          11.561          -2.052          -1.973          -5.918           13.454
   76 (vir)     1          11.790          -2.316          -2.462          -6.989           14.001
   77 (vir)     1          12.056          -1.650          -1.651          -5.274           14.030
   78 (vir)     1          12.649          -2.320          -2.431          -7.010           14.908
   79 (vir)     1          12.975          -2.242          -2.482          -7.060           15.311
   80 (vir)     1          13.751          -2.840          -3.275          -8.770           16.407
   81 (vir)     1          13.882          -2.999          -1.593          -6.478           15.767
   82 (vir)     1          14.387          -3.451          -3.286          -9.201           16.852
   83 (vir)     1          14.544          -1.850          -1.317          -6.173           17.550
   84 (vir)     1          14.722          -4.147          -1.725          -7.015           15.865
   85 (vir)     1          15.008          -3.481          -2.687          -8.354           17.194
   86 (vir)     1          15.162          -4.156          -3.596         -10.233           17.643
   87 (vir)     1          15.164          -4.033          -2.228          -7.933           16.836
   88 (vir)     1          15.297          -3.931          -3.416          -9.746           17.696
   89 (vir)     1          15.347          -3.821          -3.135          -9.267           17.657
   90 (vir)     1          15.639          -3.231          -2.786          -8.392           18.014
   91 (vir)     1          15.900          -2.894          -1.887          -7.188           18.308
   92 (vir)     1          16.030          -3.447          -2.954          -8.956           18.586
   93 (vir)     1          16.930          -3.162          -2.315          -7.863           19.316
   94 (vir)     1          17.062          -3.520          -2.970          -9.020           19.592
   95 (vir)     1          17.886          -2.956          -2.605          -8.115           20.441
   96 (vir)     1          18.383          -4.845          -3.826         -11.306           21.018
   97 (vir)     1          18.992          -3.190          -2.397          -8.186           21.591
   98 (vir)     1          19.293          -3.173          -2.195          -7.916           21.842
   99 (vir)     1          20.120          -3.115          -1.951          -7.457           22.510
  100 (vir)     1          20.271          -3.634          -2.587          -8.720           22.771
  101 (vir)     1          20.513          -2.808          -1.556          -6.729           22.879
  102 (vir)     1          20.844          -3.152          -2.020          -7.488           23.160
  103 (vir)     1          21.111          -3.651          -2.042          -7.909           23.327
  104 (vir)     1          21.254          -3.062          -1.745          -6.967           23.413
  105 (vir)     1          21.338          -2.679          -1.597          -6.513           23.574
  106 (vir)     1          21.580          -3.342          -1.704          -7.357           23.892
  107 (vir)     1          22.262          -3.982          -1.427          -6.821           23.673
  108 (vir)     1          22.573          -3.884          -2.304          -8.775           25.160
  109 (vir)     1          22.583          -4.530          -1.027          -6.340           23.367
  110 (vir)     1          22.669          -4.338          -0.974          -6.162           23.519
  111 (vir)     1          23.980          -4.209          -1.908          -8.160           26.022
  112 (vir)     1          24.771          -4.940          -2.051          -8.684           26.464
  113 (vir)     1          24.948          -3.862          -2.401          -8.800           27.485
  114 (vir)     1          25.598          -3.866          -1.991          -8.309           28.051
  115 (vir)     1          26.565          -3.668          -2.120          -8.116           28.893
  116 (vir)     1          26.795          -3.967          -1.793          -7.609           28.643
  117 (vir)     1          26.965          -4.139          -2.115          -8.582           29.294
  118 (vir)     1          26.971          -2.033          -3.251         -10.175           31.862
  119 (vir)     1          27.250          -3.703          -1.834          -7.574           29.287
  120 (vir)     1          27.626          -4.137          -2.162          -8.581           29.908
  121 (vir)     1          27.845           2.120          -3.276         -10.496           37.185
  122 (vir)     1          28.239          -4.021          -1.808          -7.794           30.204
  123 (vir)     1          28.403          -3.975          -2.390          -9.543           31.582
  124 (vir)     1          28.889          -3.751          -2.049          -8.099           31.187
  125 (vir)     1          29.424          -4.335          -1.880          -8.250           31.460
  126 (vir)     1          30.444          -7.102          -1.978          -8.938           30.302
  127 (vir)     1          30.508          -5.800          -1.704          -8.329           31.333
  128 (vir)     1          30.943          -5.097          -2.225          -9.163           32.784
  129 (vir)     1          30.997          -4.677          -2.093          -8.601           32.829
  130 (vir)     1          31.110          -5.142          -2.014          -8.725           32.677
  131 (vir)     1          31.715          -7.001          -2.127          -9.280           31.866
  132 (vir)     1          31.890          -4.938          -1.775          -7.953           33.130
  133 (vir)     1          33.438           2.245          -2.537         -10.123           43.269
  134 (vir)     1          34.054          -5.309          -2.141          -9.071           35.675
  135 (vir)     1          34.435          -7.149          -2.225          -9.300           34.361
  136 (vir)     1          34.875          -5.759          -1.834          -8.471           35.753
  137 (vir)     1          36.831          -5.451          -2.545          -9.560           38.395
  138 (vir)     1          37.188          -5.899          -1.644          -8.571           38.216
  139 (vir)     1          37.510          -6.186          -1.681          -8.781           38.425
  140 (vir)     1          38.224          -6.386          -1.345          -8.129           38.621
  141 (vir)     1          39.410          -8.138          -3.348         -11.694           39.618
  142 (vir)     1          39.418          -7.316          -2.058          -9.754           39.798
  143 (vir)     1          40.370          -7.848          -2.953         -11.049           40.618
  144 (vir)     1          41.075          -8.733          -3.485         -12.177           41.034
  145 (vir)     1          42.007          -8.538          -2.570         -10.580           41.479
  146 (vir)     1          42.551          -8.615          -2.199          -9.828           41.565
  147 (vir)     1          44.236          -9.113          -3.231         -12.544           44.436
  148 (vir)     1          44.390          -8.154          -2.594         -11.091           44.733
  149 (vir)     1          44.691          -7.847          -2.748         -10.865           44.960
  150 (vir)     1          46.093          -9.246          -2.610         -10.675           44.911
  151 (vir)     1          47.372         -10.978          -3.273         -12.220           45.341
  152 (vir)     1          49.123          -8.737          -2.781         -11.061           48.666
  153 (vir)     1          49.437          -9.757          -3.495         -13.496           49.682
  154 (vir)     1          49.955          -8.724          -2.803         -11.590           50.017
  155 (vir)     1          50.364          -9.061          -2.709         -11.153           49.748
  156 (vir)     1          50.864         -10.589          -2.520         -11.177           48.933
  157 (vir)     1          50.876          -9.241          -3.175         -12.474           50.933
  158 (vir)     1          51.672         -10.056          -2.599         -11.345           50.362
  159 (vir)     1          52.442          -9.178          -2.826         -12.102           52.539
  160 (vir)     1          53.201           4.358          -2.749         -11.803           66.613
  161 (vir)     1          53.459          -8.558          -2.069         -10.588           53.420
  162 (vir)     1          54.480           6.089          -2.943         -12.293           69.918
  163 (vir)     1          54.808           4.157          -2.638         -12.160           68.487
  164 (vir)     1          56.440           3.350          -2.646         -12.316           69.460
  165 (vir)     1          57.180           3.649          -2.700         -12.437           70.566
  166 (vir)     1          57.217           4.794          -3.212         -13.355           72.154
  167 (vir)     1          58.287           4.264          -2.670         -12.115           71.996
  168 (vir)     1          59.948           4.150          -3.154         -13.301           74.245
  169 (vir)     1          60.200           3.278          -2.727         -12.767           73.518
  170 (vir)     1          60.667           3.350          -2.517         -12.642           74.142
  171 (vir)     1          61.580           5.204          -3.013         -13.382           77.154
  172 (vir)     1          62.339           3.902          -3.352         -14.179           77.069
  173 (vir)     1          62.427           4.729          -2.890         -13.249           77.516
  174 (vir)     1          62.703           5.022          -2.763         -13.257           78.219
  175 (vir)     1          62.797           2.909          -3.040         -13.982           76.648
  176 (vir)     1          63.549           1.109          -3.031         -14.232           75.860
  177 (vir)     1          64.400           3.554          -2.826         -13.139           78.268
  178 (vir)     1          65.275           4.556          -2.544         -12.745           80.031
  179 (vir)     1          65.965           3.403          -2.174         -11.714           78.908
  180 (vir)     1          66.444           3.073          -2.314         -12.438           79.640
  181 (vir)     1          67.105           4.019          -2.480         -13.409           82.053
  182 (vir)     1          67.554           3.191          -2.416         -13.154           81.483
  183 (vir)     1          68.497           4.293          -2.696         -13.905           83.999
  184 (vir)     1          68.929           3.206          -2.370         -12.499           82.264
  185 (vir)     1          69.252           4.381          -2.526         -13.758           84.865
  186 (vir)     1          69.542           4.378          -2.947         -14.227           85.200
  187 (vir)     1          70.275           3.823          -2.129         -13.215           85.185
  188 (vir)     1          70.647           4.583          -2.661         -13.782           86.351
  189 (vir)     1          71.286           4.156          -2.187         -13.447           86.702
  190 (vir)     1          72.082           3.699          -2.200         -12.509           86.090
  191 (vir)     1          72.296           5.354          -1.804         -12.991           88.837
  192 (vir)     1          72.516           4.848          -2.492         -13.955           88.826
  193 (vir)     1          73.266           4.827          -1.934         -13.193           89.352
  194 (vir)     1          73.917           3.953          -1.924         -12.551           88.497
  195 (vir)     1          74.396           3.796          -2.228         -12.600           88.564
  196 (vir)     1          74.735           4.026          -2.273         -13.132           89.619
  197 (vir)     1          75.728           3.575          -2.088         -13.145           90.360
  198 (vir)     1          75.949           3.802          -2.296         -13.283           90.738
  199 (vir)     1          77.794           3.372          -1.999         -12.574           91.742
  200 (vir)     1          77.810           3.173          -2.173         -13.261           92.070
  201 (vir)     1          78.422           3.084          -2.101         -13.137           92.542
  202 (vir)     1          78.491           3.868          -2.570         -13.879           93.667
  203 (vir)     1          80.558           3.765          -2.798         -14.287           95.813
  204 (vir)     1          81.959           3.512          -2.471         -13.840           96.840
  205 (vir)     1          82.932           4.044          -2.386         -14.200           98.791
  206 (vir)     1          84.592           3.135          -2.199         -13.369           98.898
  207 (vir)     1          85.617           3.604          -2.694         -14.617          101.144
  208 (vir)     1          88.689           3.118          -2.132         -13.501          103.176
  209 (vir)     1          89.624           3.000          -2.682         -15.012          104.955
  210 (vir)     1          90.527           3.115          -2.349         -14.312          105.604
  211 (vir)     1          91.506           2.922          -2.473         -14.645          106.600
  212 (vir)     1          92.274           2.224          -1.922         -13.220          105.795
  213 (vir)     1          92.528           2.203          -1.948         -13.276          106.059
  214 (vir)     1          92.794           3.114          -2.528         -14.794          108.174
  215 (vir)     1          93.766           3.133          -2.608         -15.021          109.311
  216 (vir)     1          94.292           3.044          -2.583         -14.605          109.358
  217 (vir)     1         100.746           3.139          -2.397         -15.106          116.594
  218 (vir)     1         103.211           2.557          -1.984         -14.019          117.804
  219 (vir)     1         104.351           2.724          -2.069         -14.313          119.319
  220 (vir)     1         104.761           2.846          -2.249         -14.888          120.246
  221 (vir)     1         106.260           1.427          -1.670         -13.346          119.364
  222 (vir)     1         110.640           2.384          -2.065         -14.496          125.455
  223 (vir)     1         111.156           1.643          -1.611         -13.359          124.547
  224 (vir)     1         115.675           2.348          -2.167         -14.894          130.750
  225 (vir)     1         126.473           1.360          -2.103         -16.048          141.779
  226 (vir)     1         126.813           1.837          -1.879         -14.708          141.479
  227 (vir)     1         129.363           1.875          -1.835         -14.674          144.077
  228 (vir)     1         129.908           3.197          -3.808         -19.959          149.257
  229 (vir)     1         131.654           2.288          -2.359         -16.373          147.958
  230 (vir)     1         136.981           3.625          -3.172         -18.745          156.179
  231 (vir)     1         140.622           4.008          -2.727         -18.211          160.114
  232 (vir)     1         153.683           2.811          -1.903         -16.285          170.875
  233 (vir)     1         156.977           2.808          -1.789         -15.947          173.943
  234 (vir)     1         162.326           2.578          -1.714         -15.980          179.170
  235 (vir)     1         164.197           2.586          -1.663         -15.874          180.994
  236 (vir)     1         166.334           2.462          -1.624         -15.768          182.939
  237 (vir)     1         166.796           2.469          -1.631         -15.871          183.505
  238 (vir)     1         179.074           1.163          -2.122         -17.002          195.117
  239 (vir)     1         181.154           1.716          -4.373         -21.590          200.088
  240 (vir)     1         181.615           1.572          -4.920         -23.272          201.539
  241 (vir)     1         183.238           1.740          -4.817         -23.310          203.471
  242 (vir)     1         192.856           1.876          -3.865         -22.708          213.574
  243 (vir)     1         194.182           2.221          -4.969         -22.846          214.281
  244 (vir)     1         204.079           5.690          -1.077         -13.208          221.900
  245 (vir)     1         235.246           6.111          -1.271         -14.728          254.815
  246 (vir)     1         236.092           1.282          -3.669         -21.755          255.459
  247 (vir)     1         238.122           1.154          -3.611         -21.876          257.541
  248 (vir)     1         239.829           2.767          -1.966         -16.959          257.588
  249 (vir)     1         240.351           1.072          -3.743         -22.113          259.792
  250 (vir)     1         240.877           1.278          -3.318         -21.003          259.841
  251 (vir)     1         241.597           1.935          -2.546         -18.873          259.859
  252 (vir)     1         242.965           3.305          -2.039         -17.285          261.515
  253 (vir)     1         244.399           2.862          -0.915         -13.951          260.298
  254 (vir)     1         244.849           3.654          -1.870         -16.984          263.618
  255 (vir)     1         246.438           2.821          -2.048         -17.502          264.713
  256 (vir)     1         247.997           2.246          -2.333         -18.619          266.529
  257 (vir)     1         281.363           4.538          -2.238         -19.029          302.692
 
