 
  kpoint:       1             coordinate:     0.0000    0.0000    0.0000                  spin:  1
 
    n           k   ϵ_nk^DFT (eV)     Σ^c_nk (eV)     Σ^x_nk (eV)    v_nk^xc (eV)   ϵ_nk^G0W0 (eV)
 
    1 (occ)     1         -26.014           9.450         -30.117         -18.538          -28.143
    2 (occ)     1         -24.346           8.425         -28.846         -18.014          -26.753
    3 (occ)     1         -23.722           7.852         -28.227         -17.779          -26.317
    4 (occ)     1         -21.818           7.227         -27.642         -17.811          -24.422
    5 (occ)     1         -19.523           6.181         -25.245         -16.298          -22.289
    6 (occ)     1         -16.607           4.217         -23.788         -16.362          -19.817
    7 (occ)     1         -16.236           4.197         -24.098         -16.903          -19.234
    8 (occ)     1         -14.124           3.066         -22.300         -16.039          -17.318
    9 (occ)     1         -14.081           3.063         -22.694         -16.525          -17.187
   10 (occ)     1         -13.111           2.807         -22.905         -16.963          -16.245
   11 (occ)     1         -12.319           2.567         -22.302         -16.531          -15.523
   12 (occ)     1         -11.175           2.979         -19.938         -14.485          -13.649
   13 (occ)     1         -11.003           2.269         -21.156         -15.699          -14.191
   14 (occ)     1         -10.622           2.015         -21.380         -16.183          -13.805
   15 (occ)     1          -9.691           3.789         -25.874         -19.103          -12.673
   16 (occ)     1          -9.400           2.121         -19.930         -15.097          -12.112
   17 (occ)     1          -8.566           1.966         -19.661         -15.255          -11.006
   18 (occ)     1          -6.326           2.478         -21.477         -16.518           -8.807
   19 (occ)     1          -6.280           1.684         -20.077         -16.054           -8.618
   20 (occ)     1          -5.778           3.231         -24.836         -18.938           -8.445
   21 (occ)     1          -5.709           0.979         -19.711         -16.391           -8.050
   22 (vir)     1          -2.047          -2.339          -9.079         -14.026            0.561
   23 (vir)     1          -0.836          -1.458          -3.757          -7.163            1.112
   24 (vir)     1          -0.748          -1.962          -6.102         -10.344            1.533
   25 (vir)     1          -0.560          -1.017          -1.822          -4.416            1.017
   26 (vir)     1           0.010          -0.849          -1.321          -3.583            1.422
   27 (vir)     1           0.459          -0.621          -0.772          -2.500            1.566
   28 (vir)     1           0.508          -0.844          -1.337          -3.610            1.938
   29 (vir)     1           0.621          -0.781          -0.904          -3.012            1.949
   30 (vir)     1           1.089          -0.724          -1.163          -3.129            2.331
   31 (vir)     1           1.121          -0.754          -1.153          -3.200            2.415
   32 (vir)     1           1.505          -0.493          -0.634          -2.133            2.511
   33 (vir)     1           1.586          -0.715          -0.942          -2.965            2.893
   34 (vir)     1           1.747          -0.675          -1.050          -3.009            3.031
   35 (vir)     1           2.115          -2.429          -4.215          -8.506            3.977
   36 (vir)     1           2.223          -1.247          -1.919          -4.651            3.708
   37 (vir)     1           2.377          -0.688          -0.923          -2.780            3.546
   38 (vir)     1           2.416          -0.734          -1.046          -2.946            3.582
   39 (vir)     1           2.468          -0.965          -1.533          -3.812            3.782
   40 (vir)     1           2.568          -0.789          -0.993          -2.915            3.701
   41 (vir)     1           2.815          -0.560          -0.670          -2.337            3.922
   42 (vir)     1           3.061          -1.068          -1.649          -4.201            4.545
   43 (vir)     1           3.108          -0.915          -1.178          -3.269            4.285
   44 (vir)     1           3.167          -0.994          -1.646          -4.001            4.528
   45 (vir)     1           3.422          -1.103          -1.830          -4.458            4.946
   46 (vir)     1           3.643          -1.199          -2.000          -4.743            5.188
   47 (vir)     1           3.810          -1.080          -1.800          -4.376            5.306
   48 (vir)     1           3.940          -1.299          -2.107          -5.047            5.582
   49 (vir)     1           4.213          -0.667          -0.841          -2.725            5.429
   50 (vir)     1           4.398          -0.880          -1.249          -3.509            5.778
   51 (vir)     1           4.427          -0.689          -0.702          -2.598            5.635
   52 (vir)     1           4.493          -1.186          -1.888          -4.714            6.134
   53 (vir)     1           4.885          -1.498          -2.544          -5.788            6.631
   54 (vir)     1           5.108          -1.267          -1.886          -4.879            6.834
   55 (vir)     1           5.336          -0.890          -0.880          -3.217            6.784
   56 (vir)     1           5.634          -1.232          -1.564          -4.422            7.260
   57 (vir)     1           5.714          -1.477          -2.444          -5.731            7.524
   58 (vir)     1           5.752          -1.209          -1.498          -4.343            7.389
   59 (vir)     1           5.769          -1.862          -2.925          -6.893            7.875
   60 (vir)     1           6.454          -1.495          -1.723          -5.013            8.249
   61 (vir)     1           6.605          -1.315          -1.798          -4.904            8.396
   62 (vir)     1           6.665          -1.435          -2.421          -5.714            8.523
   63 (vir)     1           6.719          -1.366          -1.729          -4.912            8.536
   64 (vir)     1           6.923          -2.592          -4.130          -9.089            9.290
   65 (vir)     1           7.102          -1.354          -1.441          -4.601            8.909
   66 (vir)     1           7.409          -1.950          -3.422          -7.613            9.650
   67 (vir)     1           7.615          -2.131          -3.323          -7.696            9.857
   68 (vir)     1           7.730          -2.176          -3.422          -7.852            9.985
   69 (vir)     1           8.217          -1.693          -1.693          -5.202           10.033
   70 (vir)     1           8.291          -1.594          -1.904          -5.267           10.060
   71 (vir)     1           8.614          -2.562          -3.816          -8.795           11.032
   72 (vir)     1           8.770          -1.931          -1.444          -5.179           10.574
   73 (vir)     1           8.954          -1.713          -2.253          -6.014           11.002
   74 (vir)     1           9.486          -2.441          -2.958          -7.557           11.644
   75 (vir)     1           9.982          -1.397          -1.523          -4.814           11.876
   76 (vir)     1          10.026          -1.703          -1.951          -5.697           12.069
   77 (vir)     1          10.459          -2.673          -3.377          -8.400           12.810
   78 (vir)     1          10.757          -1.867          -1.998          -5.919           12.812
   79 (vir)     1          11.061          -1.978          -1.642          -5.560           13.002
   80 (vir)     1          11.317          -2.618          -3.146          -8.128           13.681
   81 (vir)     1          11.774          -2.147          -2.080          -6.460           14.007
   82 (vir)     1          11.840          -2.140          -2.347          -6.807           14.160
   83 (vir)     1          11.904          -2.158          -2.322          -6.735           14.160
   84 (vir)     1          12.422          -2.842          -3.138          -8.367           14.809
   85 (vir)     1          12.612          -2.132          -1.971          -6.440           14.949
   86 (vir)     1          12.872          -3.171          -3.522          -9.195           15.374
   87 (vir)     1          13.638          -2.828          -2.707          -7.834           15.938
   88 (vir)     1          13.871          -2.973          -2.187          -7.308           16.020
   89 (vir)     1          13.960          -2.296          -1.895          -6.436           16.206
   90 (vir)     1          14.225          -3.738          -3.952         -10.362           16.897
   91 (vir)     1          14.390          -2.603          -2.180          -7.041           16.648
   92 (vir)     1          14.620          -2.790          -2.249          -7.290           16.870
   93 (vir)     1          14.932          -4.414          -4.023         -11.090           17.585
   94 (vir)     1          15.058          -3.189          -1.996          -7.208           17.081
   95 (vir)     1          15.214          -2.698          -2.219          -7.190           17.488
   96 (vir)     1          15.321          -3.160          -1.940          -7.113           17.334
   97 (vir)     1          15.925          -4.649          -4.429         -11.884           18.731
   98 (vir)     1          16.468          -2.798          -2.288          -7.443           18.825
   99 (vir)     1          16.803          -2.659          -2.096          -7.194           19.243
  100 (vir)     1          17.024          -3.399          -2.734          -8.700           19.591
  101 (vir)     1          17.079          -3.044          -2.447          -8.008           19.596
  102 (vir)     1          17.780          -2.495          -1.931          -6.797           20.152
  103 (vir)     1          18.244          -3.024          -2.028          -7.320           20.513
  104 (vir)     1          18.631          -3.048          -2.654          -8.272           21.202
  105 (vir)     1          19.004          -3.048          -2.188          -7.614           21.381
  106 (vir)     1          19.359          -3.559          -2.311          -8.231           21.721
  107 (vir)     1          19.631          -2.969          -2.284          -7.805           22.183
  108 (vir)     1          19.819          -3.252          -2.464          -8.291           22.394
  109 (vir)     1          19.876          -3.184          -2.037          -7.512           22.167
  110 (vir)     1          20.416          -3.534          -2.721          -8.898           23.058
  111 (vir)     1          20.993          -3.229          -1.984          -7.692           23.472
  112 (vir)     1          21.817          -3.846          -1.980          -7.899           23.890
  113 (vir)     1          22.258          -2.843          -1.282          -6.479           24.612
  114 (vir)     1          22.723          -3.939          -2.535          -8.864           25.113
  115 (vir)     1          23.240          -4.214          -2.707          -9.403           25.722
  116 (vir)     1          23.364          -3.732          -1.777          -7.599           25.454
  117 (vir)     1          23.490          -3.714          -2.454          -8.681           26.003
  118 (vir)     1          24.037          -4.066          -2.758          -9.411           26.625
  119 (vir)     1          24.353          -3.683          -2.658          -8.904           26.916
  120 (vir)     1          24.534          -3.723          -1.957          -7.932           26.786
  121 (vir)     1          24.592          -3.158          -1.891          -7.368           26.911
  122 (vir)     1          24.965          -4.048          -1.958          -8.113           27.073
  123 (vir)     1          25.682          -4.060          -2.407          -8.831           28.046
  124 (vir)     1          25.787          -3.428          -2.549          -8.581           28.391
  125 (vir)     1          26.241          -4.377          -2.720          -9.240           28.383
  126 (vir)     1          26.420          -4.103          -2.596          -9.223           28.945
  127 (vir)     1          27.349          -3.659          -2.057          -8.028           29.661
  128 (vir)     1          27.973           1.251          -2.648          -9.168           35.745
  129 (vir)     1          28.468          -3.638          -2.087          -8.064           30.807
  130 (vir)     1          29.682          -5.051          -2.305          -8.901           31.226
  131 (vir)     1          29.918          -6.148          -2.731          -9.953           30.991
  132 (vir)     1          30.561          -5.842          -2.826          -9.777           31.670
  133 (vir)     1          31.286          -4.771          -2.108          -8.922           33.328
  134 (vir)     1          31.718          -6.680          -2.480          -9.552           32.111
  135 (vir)     1          32.217          -4.804          -2.412          -9.100           34.101
  136 (vir)     1          34.009          -6.985          -3.248         -11.246           35.022
  137 (vir)     1          34.133          -6.815          -2.995         -10.996           35.320
  138 (vir)     1          34.514          -5.933          -2.965         -10.445           36.060
  139 (vir)     1          35.128          -6.363          -2.660         -10.322           36.427
  140 (vir)     1          35.794          -5.701          -2.219          -9.440           37.314
  141 (vir)     1          36.565          -6.702          -3.342         -11.717           38.238
  142 (vir)     1          37.289          -7.223          -3.685         -12.112           38.493
  143 (vir)     1          37.515          -6.463          -3.399         -11.320           38.972
  144 (vir)     1          38.194          -6.749          -3.140         -10.952           39.257
  145 (vir)     1          40.502          -7.792          -2.850         -10.920           40.780
  146 (vir)     1          40.816          -8.169          -2.828         -11.442           41.260
  147 (vir)     1          41.186          -8.445          -3.213         -11.690           41.217
  148 (vir)     1          42.005          -7.847          -2.655         -10.724           42.226
  149 (vir)     1          43.375          -8.783          -3.388         -12.190           43.394
  150 (vir)     1          43.566          -9.046          -3.487         -12.456           43.490
  151 (vir)     1          43.885          -8.685          -3.025         -11.569           43.744
  152 (vir)     1          44.442           5.050          -3.471         -12.208           58.228
  153 (vir)     1          45.170          -9.178          -3.453         -12.388           44.927
  154 (vir)     1          45.294         -10.833          -3.649         -13.247           44.059
  155 (vir)     1          45.665          -9.293          -3.394         -12.516           45.494
  156 (vir)     1          46.247         -10.299          -3.157         -12.300           45.092
  157 (vir)     1          46.873         -10.659          -3.464         -12.833           45.583
  158 (vir)     1          47.414         -11.197          -3.016         -12.511           45.712
  159 (vir)     1          48.544         -10.893          -3.234         -12.715           47.132
  160 (vir)     1          49.037         -10.930          -3.378         -12.728           47.456
  161 (vir)     1          49.591         -11.398          -3.094         -12.549           47.648
  162 (vir)     1          50.315          -9.419          -2.958         -12.362           50.300
  163 (vir)     1          51.749         -11.386          -3.699         -13.714           50.378
  164 (vir)     1          51.973           6.164          -3.548         -13.202           67.791
  165 (vir)     1          52.238         -11.449          -3.028         -12.423           50.184
  166 (vir)     1          52.555          -9.261          -3.310         -12.921           52.905
  167 (vir)     1          53.150         -10.331          -3.034         -12.556           52.341
  168 (vir)     1          53.505           5.494          -3.300         -13.324           69.023
  169 (vir)     1          53.726          -8.853          -3.281         -13.272           54.865
  170 (vir)     1          54.601          -9.331          -3.132         -13.071           55.210
  171 (vir)     1          55.107          -9.510          -3.115         -12.961           55.443
  172 (vir)     1          55.649         -10.973          -3.242         -13.240           54.673
  173 (vir)     1          55.799          -9.487          -3.272         -13.568           56.608
  174 (vir)     1          56.458           6.735          -3.342         -13.610           73.461
  175 (vir)     1          57.710          -8.990          -3.084         -12.761           58.397
  176 (vir)     1          58.016           4.690          -2.924         -12.756           72.538
  177 (vir)     1          58.373         -11.201          -2.885         -12.867           57.153
  178 (vir)     1          58.472         -12.549          -3.050         -12.937           55.810
  179 (vir)     1          58.862           4.230          -3.327         -13.808           73.574
  180 (vir)     1          59.627         -10.824          -3.154         -13.402           59.051
  181 (vir)     1          59.911         -10.688          -2.999         -13.304           59.528
  182 (vir)     1          60.533          -7.737          -3.633         -13.998           63.161
  183 (vir)     1          61.024           4.245          -3.092         -13.747           75.924
  184 (vir)     1          61.661           4.522          -2.948         -13.465           76.700
  185 (vir)     1          61.858           5.221          -2.887         -13.520           77.712
  186 (vir)     1          62.813           4.911          -3.239         -13.878           78.363
  187 (vir)     1          63.148           4.927          -2.735         -13.121           78.462
  188 (vir)     1          63.738           4.780          -2.852         -13.362           79.027
  189 (vir)     1          64.765           4.984          -2.998         -13.533           80.283
  190 (vir)     1          65.154           4.355          -3.006         -14.026           80.529
  191 (vir)     1          66.233           3.995          -2.991         -13.820           81.057
  192 (vir)     1          66.459           5.511          -2.853         -13.982           83.098
  193 (vir)     1          66.874           3.290          -2.975         -13.845           81.035
  194 (vir)     1          67.537           4.620          -2.866         -13.694           82.985
  195 (vir)     1          68.113           4.104          -2.719         -13.626           83.125
  196 (vir)     1          69.143           4.508          -2.842         -13.730           84.540
  197 (vir)     1          69.904           4.362          -2.615         -13.775           85.425
  198 (vir)     1          70.527           4.532          -2.271         -13.215           86.003
  199 (vir)     1          70.641           4.560          -2.632         -13.629           86.198
  200 (vir)     1          71.251           4.134          -2.617         -13.685           86.453
  201 (vir)     1          71.347           4.550          -2.872         -14.136           87.161
  202 (vir)     1          72.347           4.393          -2.829         -13.977           87.888
  203 (vir)     1          73.101           4.189          -2.873         -14.055           88.471
  204 (vir)     1          74.085           4.814          -2.778         -14.147           90.268
  205 (vir)     1          74.778           4.304          -2.245         -13.548           90.385
  206 (vir)     1          75.977           4.212          -2.570         -13.815           91.434
  207 (vir)     1          76.692           4.454          -2.815         -14.235           92.566
  208 (vir)     1          77.275           5.027          -2.608         -14.136           93.830
  209 (vir)     1          77.599           4.585          -3.063         -14.942           94.063
  210 (vir)     1          78.123           4.309          -2.772         -14.554           94.215
  211 (vir)     1          78.450           4.143          -2.659         -14.248           94.181
  212 (vir)     1          80.042           4.199          -2.752         -14.597           96.087
  213 (vir)     1          81.071           3.436          -2.575         -14.055           95.986
  214 (vir)     1          81.537           3.651          -2.601         -13.967           96.555
  215 (vir)     1          81.886           4.250          -3.220         -15.506           98.423
  216 (vir)     1          82.132           4.435          -2.930         -15.309           98.946
  217 (vir)     1          82.888           3.676          -2.805         -15.071           98.830
  218 (vir)     1          83.118           3.737          -2.780         -14.892           98.967
  219 (vir)     1          83.289           3.912          -2.782         -14.707           99.127
  220 (vir)     1          85.391           3.965          -2.339         -13.831          100.848
  221 (vir)     1          86.034           4.066          -2.658         -14.597          102.038
  222 (vir)     1          86.408           4.294          -2.763         -15.285          103.225
  223 (vir)     1          87.366           4.246          -2.595         -14.947          103.964
  224 (vir)     1          87.851           3.482          -2.302         -13.823          102.854
  225 (vir)     1          88.056           3.896          -2.618         -15.147          104.481
  226 (vir)     1          88.903           3.979          -2.680         -15.129          105.331
  227 (vir)     1          89.547           3.469          -2.612         -15.180          105.584
  228 (vir)     1          90.564           3.851          -2.617         -14.989          106.787
  229 (vir)     1          92.140           3.630          -2.617         -15.084          108.237
  230 (vir)     1          92.854           2.789          -2.426         -14.559          107.776
  231 (vir)     1          93.231           3.497          -2.911         -15.768          109.585
  232 (vir)     1          93.520           3.017          -2.651         -15.403          109.289
  233 (vir)     1          94.328           3.157          -2.409         -14.268          109.344
  234 (vir)     1          96.383           2.844          -2.438         -14.563          111.352
  235 (vir)     1          98.424           3.174          -2.724         -15.588          114.462
  236 (vir)     1          98.988           2.867          -2.203         -14.169          113.821
  237 (vir)     1         100.704           2.948          -2.552         -15.163          116.262
  238 (vir)     1         103.720           3.389          -2.608         -15.680          120.181
  239 (vir)     1         108.323           2.935          -2.631         -15.823          124.449
  240 (vir)     1         109.665           2.786          -2.786         -16.094          125.759
  241 (vir)     1         113.133           2.364          -2.349         -15.121          128.269
  242 (vir)     1         113.597           2.568          -2.523         -15.697          129.338
  243 (vir)     1         120.176           2.459          -2.848         -16.830          136.616
  244 (vir)     1         122.303           2.144          -2.420         -15.882          137.909
  245 (vir)     1         124.879           2.548          -2.534         -16.663          141.557
  246 (vir)     1         128.928           2.512          -2.691         -16.964          145.713
  247 (vir)     1         131.149           2.680          -2.792         -17.634          148.671
  248 (vir)     1         131.344           4.043          -3.365         -19.283          151.305
  249 (vir)     1         134.686           3.155          -3.629         -19.601          153.813
  250 (vir)     1         137.959           2.455          -2.819         -17.692          155.288
  251 (vir)     1         139.290           3.873          -3.122         -18.601          158.642
  252 (vir)     1         140.678           2.772          -2.529         -17.216          158.138
  253 (vir)     1         152.386           2.775          -1.816         -15.949          169.293
  254 (vir)     1         160.861           2.602          -1.647         -15.529          177.346
  255 (vir)     1         162.808           2.723          -1.605         -15.579          179.505
  256 (vir)     1         164.702           2.562          -1.599         -15.716          181.381
  257 (vir)     1         165.796           2.161          -1.496         -14.999          181.461
  258 (vir)     1         180.198           1.184          -5.046         -23.167          199.504
  259 (vir)     1         181.363           1.160          -4.664         -23.055          200.913
  260 (vir)     1         184.971           1.643          -4.476         -22.998          205.135
  261 (vir)     1         187.536           1.622          -4.569         -22.994          207.583
  262 (vir)     1         193.788           1.612          -4.523         -23.048          213.925
  263 (vir)     1         208.336           5.204          -1.753         -15.848          227.636
  264 (vir)     1         227.156           5.612          -2.118         -17.824          248.474
  265 (vir)     1         233.449           5.166          -1.713         -16.421          253.322
  266 (vir)     1         235.141           5.313          -1.690         -16.469          255.233
  267 (vir)     1         239.188           5.866          -1.542         -16.017          259.528
  268 (vir)     1         240.116           0.985          -3.020         -21.680          259.761
  269 (vir)     1         240.561           0.999          -3.005         -21.247          259.802
  270 (vir)     1         240.946           5.000          -1.417         -15.502          260.031
  271 (vir)     1         241.849           1.381          -2.545         -20.201          260.885
  272 (vir)     1         242.785           4.865          -1.363         -15.514          261.801
  273 (vir)     1         244.206           0.839          -2.860         -20.442          262.627
  274 (vir)     1         244.804           0.766          -3.544         -22.197          264.224
  275 (vir)     1         246.871           0.760          -3.500         -22.307          266.438
  276 (vir)     1         249.816           1.875          -2.707         -20.202          269.186
  277 (vir)     1         266.581           4.964          -2.086         -18.538          287.998
 
