 
  kpoint:       1             coordinate:     0.0000    0.0000    0.0000                  spin:  1
 
    n           k   ϵ_nk^DFT (eV)     Σ^c_nk (eV)     Σ^x_nk (eV)    v_nk^xc (eV)   ϵ_nk^G0W0 (eV)
 
    1 (occ)     1         -23.565           7.714         -27.448         -16.986          -26.313
    2 (occ)     1         -20.064           6.708         -25.357         -16.028          -22.684
    3 (occ)     1         -18.945           6.025         -24.516         -15.714          -21.723
    4 (occ)     1         -15.630           4.269         -23.170         -15.944          -18.588
    5 (occ)     1         -15.615           4.387         -23.001         -15.632          -18.597
    6 (occ)     1         -13.127           3.188         -20.676         -14.508          -16.107
    7 (occ)     1         -11.894           2.630         -22.095         -16.698          -14.662
    8 (occ)     1         -11.568           2.570         -20.669         -14.785          -14.882
    9 (occ)     1         -10.513           2.125         -20.337         -15.066          -13.659
   10 (occ)     1          -9.917           2.639         -18.144         -13.601          -11.821
   11 (occ)     1          -9.862           2.306         -20.750         -15.471          -12.836
   12 (occ)     1          -8.856           1.556         -20.356         -15.728          -11.929
   13 (occ)     1          -7.294           0.523         -16.778         -13.928           -9.621
   14 (occ)     1          -6.691           0.076         -15.475         -13.095           -8.994
   15 (occ)     1          -5.935           2.340         -21.466         -16.445           -8.615
   16 (vir)     1          -1.874          -2.330          -8.426         -13.488            0.858
   17 (vir)     1          -1.517          -2.415          -7.382         -12.614            1.301
   18 (vir)     1          -0.362          -0.840          -1.209          -3.495            1.084
   19 (vir)     1           0.060          -0.661          -0.864          -2.751            1.286
   20 (vir)     1           0.276          -0.625          -0.763          -2.564            1.452
   21 (vir)     1           0.621          -0.532          -0.467          -2.029            1.652
   22 (vir)     1           0.863          -0.641          -0.768          -2.614            2.068
   23 (vir)     1           0.923          -0.695          -0.908          -2.880            2.200
   24 (vir)     1           1.104          -0.652          -0.751          -2.653            2.353
   25 (vir)     1           1.365          -0.461          -0.378          -1.778            2.303
   26 (vir)     1           1.509          -0.636          -0.642          -2.314            2.545
   27 (vir)     1           1.926          -0.591          -0.732          -2.468            3.070
   28 (vir)     1           1.986          -0.477          -0.351          -1.792            2.949
   29 (vir)     1           2.145          -3.673          -4.556         -10.024            3.939
   30 (vir)     1           2.560          -0.377          -0.344          -1.503            3.342
   31 (vir)     1           2.725          -1.279          -1.404          -3.794            3.836
   32 (vir)     1           2.797          -0.429          -0.296          -1.735            3.808
   33 (vir)     1           2.839          -0.486          -0.439          -1.962            3.876
   34 (vir)     1           2.901          -0.891          -1.642          -3.926            4.293
   35 (vir)     1           3.176          -0.405          -0.218          -1.614            4.168
   36 (vir)     1           3.223          -1.020          -1.677          -4.264            4.789
   37 (vir)     1           3.501          -0.480          -0.470          -1.979            4.529
   38 (vir)     1           3.587          -1.022          -1.681          -4.239            5.123
   39 (vir)     1           3.673          -0.912          -1.318          -3.670            5.113
   40 (vir)     1           4.033          -0.790          -1.067          -3.312            5.487
   41 (vir)     1           4.402          -1.526          -2.391          -5.800            6.285
   42 (vir)     1           4.473          -1.299          -2.153          -5.116            6.138
   43 (vir)     1           4.894          -1.638          -2.590          -6.110            6.776
   44 (vir)     1           5.125          -0.811          -0.656          -2.603            6.261
   45 (vir)     1           5.511          -1.396          -2.283          -5.566            7.398
   46 (vir)     1           5.568          -1.323          -1.488          -4.644            7.401
   47 (vir)     1           5.666          -1.317          -1.671          -4.802            7.480
   48 (vir)     1           5.930          -1.067          -0.967          -3.567            7.463
   49 (vir)     1           6.224          -1.614          -2.771          -6.442            8.281
   50 (vir)     1           6.289          -1.853          -3.060          -7.225            8.600
   51 (vir)     1           6.533          -1.278          -1.878          -5.058            8.435
   52 (vir)     1           6.931          -1.324          -1.051          -4.130            8.686
   53 (vir)     1           7.314          -0.891          -0.501          -2.758            8.680
   54 (vir)     1           7.333          -2.040          -3.368          -7.831            9.757
   55 (vir)     1           7.338          -1.329          -1.916          -5.097            9.190
   56 (vir)     1           7.555          -0.495          -0.406          -2.151            8.805
   57 (vir)     1           8.097          -1.886          -1.430          -5.173            9.954
   58 (vir)     1           8.227          -1.173          -1.544          -4.441            9.951
   59 (vir)     1           8.348          -1.374          -0.795          -3.784            9.963
   60 (vir)     1           8.453          -1.622          -2.443          -6.037           10.426
   61 (vir)     1           8.791          -2.619          -1.244          -5.173           10.102
   62 (vir)     1           9.453          -2.593          -3.583          -8.648           11.925
   63 (vir)     1           9.516          -2.607          -2.741          -7.585           11.754
   64 (vir)     1           9.965          -2.668          -3.221          -8.298           12.375
   65 (vir)     1          10.491          -2.610          -1.019          -3.986           10.848
   66 (vir)     1          10.511          -0.477          -1.053          -4.052           13.032
   67 (vir)     1          10.817          -3.099          -3.390          -8.745           13.073
   68 (vir)     1          11.285          -1.416          -1.144          -3.950           12.675
   69 (vir)     1          11.496          -1.983          -1.964          -6.154           13.703
   70 (vir)     1          11.626          -1.400          -1.618          -5.673           14.282
   71 (vir)     1          11.828          -1.849          -1.994          -5.826           13.810
   72 (vir)     1          12.363          -2.055          -2.005          -6.164           14.466
   73 (vir)     1          12.961          -3.833          -1.824          -6.959           14.263
   74 (vir)     1          13.110          -2.618          -2.481          -7.386           15.397
   75 (vir)     1          13.210          -2.798          -2.635          -7.647           15.425
   76 (vir)     1          13.455          -2.318          -2.476          -7.151           15.812
   77 (vir)     1          14.423          -2.733          -2.461          -7.612           16.842
   78 (vir)     1          14.717          -1.766          -1.412          -6.496           18.034
   79 (vir)     1          14.721          -1.658          -1.469          -6.574           18.168
   80 (vir)     1          14.846          -3.947          -3.680         -10.356           17.575
   81 (vir)     1          15.132          -4.465          -4.085         -11.277           17.858
   82 (vir)     1          15.386          -2.501          -1.860          -6.704           17.729
   83 (vir)     1          15.660          -2.998          -2.353          -7.673           17.982
   84 (vir)     1          15.781          -3.949          -3.606         -10.245           18.471
   85 (vir)     1          16.132          -3.121          -1.702          -6.887           18.195
   86 (vir)     1          16.391          -3.137          -1.592          -6.910           18.572
   87 (vir)     1          16.705          -3.034          -1.908          -7.011           18.774
   88 (vir)     1          17.628          -5.404          -4.463         -12.686           20.447
   89 (vir)     1          17.710          -3.182          -2.680          -8.350           20.197
   90 (vir)     1          18.162          -3.327          -1.949          -7.453           20.339
   91 (vir)     1          18.567          -3.410          -2.385          -8.303           21.076
   92 (vir)     1          19.648          -2.754          -1.387          -6.685           22.192
   93 (vir)     1          20.318          -3.031          -1.613          -6.989           22.662
   94 (vir)     1          20.869          -3.370          -1.848          -7.395           23.046
   95 (vir)     1          20.912          -3.974          -1.888          -7.489           22.539
   96 (vir)     1          21.397          -1.562          -1.025          -5.978           24.788
   97 (vir)     1          21.820          -3.771          -1.980          -7.963           24.030
   98 (vir)     1          22.167          -4.319          -1.746          -7.507           23.609
   99 (vir)     1          22.545          -3.123          -0.847          -5.952           24.528
  100 (vir)     1          22.984          -3.557          -1.953          -7.790           25.265
  101 (vir)     1          23.559          -3.468          -1.438          -7.164           25.818
  102 (vir)     1          23.884          -2.330          -1.132          -6.508           26.929
  103 (vir)     1          23.925          -3.843          -2.206          -8.312           26.188
  104 (vir)     1          24.015          -3.849          -2.073          -8.012           26.105
  105 (vir)     1          24.334          -5.418          -1.381          -7.343           24.878
  106 (vir)     1          25.490          -4.093          -1.746          -7.979           27.629
  107 (vir)     1          26.707          -4.783          -2.530          -9.469           28.862
  108 (vir)     1          27.566          -3.573          -1.358          -6.701           29.336
  109 (vir)     1          27.859          -3.138          -2.511          -9.101           31.310
  110 (vir)     1          27.966          -3.795          -1.182          -6.341           29.330
  111 (vir)     1          28.769          -1.069          -2.273          -9.296           34.723
  112 (vir)     1          28.897          -3.777          -2.534          -9.744           32.330
  113 (vir)     1          29.026          -4.461          -1.829          -7.992           30.728
  114 (vir)     1          29.656          -4.583          -1.917          -8.209           31.365
  115 (vir)     1          30.026          -4.527          -2.046          -8.397           31.850
  116 (vir)     1          30.254          -4.843          -1.446          -7.387           31.352
  117 (vir)     1          30.422          -6.342          -2.337          -9.011           30.755
  118 (vir)     1          30.737          -2.929          -1.899          -8.242           34.150
  119 (vir)     1          31.380           3.741          -1.932          -8.847           42.036
  120 (vir)     1          31.574          -5.827          -2.098          -8.855           32.504
  121 (vir)     1          34.847          -8.783          -2.254         -11.154           34.964
  122 (vir)     1          35.377           2.480          -2.906         -10.718           45.668
  123 (vir)     1          35.566          -7.585          -2.016          -9.089           35.054
  124 (vir)     1          35.659          -5.112          -1.484          -7.686           36.750
  125 (vir)     1          37.497          -6.873          -2.416          -9.338           37.546
  126 (vir)     1          38.120          -7.431          -1.793          -9.557           38.453
  127 (vir)     1          38.528          -6.956          -1.953          -9.113           38.731
  128 (vir)     1          38.870           4.432          -3.308         -11.792           51.787
  129 (vir)     1          39.614          -4.178          -1.759          -8.675           42.351
  130 (vir)     1          41.081          -9.092          -3.102         -11.863           40.749
  131 (vir)     1          42.274          -8.478          -2.024          -9.323           41.095
  132 (vir)     1          42.803          -8.650          -2.533         -11.185           42.805
  133 (vir)     1          43.194         -10.594          -3.226         -12.577           41.952
  134 (vir)     1          43.593         -10.233          -2.327         -10.047           41.080
  135 (vir)     1          45.276           4.530          -2.792         -11.376           58.390
  136 (vir)     1          46.238           3.572          -2.730         -11.041           58.122
  137 (vir)     1          46.307           3.473          -2.922         -11.583           58.442
  138 (vir)     1          48.019          -9.086          -2.499         -10.969           47.403
  139 (vir)     1          48.650           4.300          -2.946         -11.600           61.603
  140 (vir)     1          48.764          -8.330          -3.108         -11.970           49.297
  141 (vir)     1          49.874         -11.858          -2.677         -11.714           47.053
  142 (vir)     1          50.951           4.042          -1.895         -10.165           63.262
  143 (vir)     1          52.122           4.162          -2.320         -11.136           65.100
  144 (vir)     1          52.890           4.841          -3.472         -13.473           67.731
  145 (vir)     1          54.535           5.552          -3.403         -13.075           69.759
  146 (vir)     1          54.591           3.019          -3.066         -12.947           67.491
  147 (vir)     1          55.213          -9.754          -3.075         -12.947           55.331
  148 (vir)     1          55.469          -0.038          -2.819         -12.815           65.427
  149 (vir)     1          55.923           3.860          -2.725         -12.329           69.386
  150 (vir)     1          58.244           2.304          -2.552         -12.238           70.234
  151 (vir)     1          58.265           1.982          -2.863         -12.892           70.275
  152 (vir)     1          59.105           2.577          -2.041         -11.381           71.022
  153 (vir)     1          59.452           3.090          -2.931         -13.070           72.681
  154 (vir)     1          59.790           3.795          -3.111         -13.579           74.053
  155 (vir)     1          60.312           5.014          -2.426         -12.414           75.314
  156 (vir)     1          60.471          -0.277          -2.991         -13.609           70.812
  157 (vir)     1          61.125           2.212          -2.289         -11.832           72.880
  158 (vir)     1          63.206           3.841          -2.487         -12.784           77.343
  159 (vir)     1          63.510           1.850          -2.514         -13.177           76.023
  160 (vir)     1          63.590           4.755          -2.034         -11.772           78.083
  161 (vir)     1          65.026           3.893          -2.570         -13.273           79.621
  162 (vir)     1          65.503           3.396          -2.615         -13.453           79.737
  163 (vir)     1          65.649           1.257          -2.750         -12.990           77.145
  164 (vir)     1          66.048           4.969          -2.951         -14.232           82.297
  165 (vir)     1          67.667           4.105          -2.419         -12.916           82.270
  166 (vir)     1          68.149           4.075          -2.547         -13.985           83.661
  167 (vir)     1          68.889           3.893          -2.397         -13.744           84.128
  168 (vir)     1          69.438           4.821          -2.503         -13.539           85.295
  169 (vir)     1          69.807           4.528          -2.755         -13.865           85.444
  170 (vir)     1          70.039           4.680          -2.651         -13.748           85.817
  171 (vir)     1          71.150           4.321          -1.808         -12.638           86.301
  172 (vir)     1          71.449           3.347          -2.244         -13.259           85.812
  173 (vir)     1          71.889           4.472          -1.695         -12.195           86.861
  174 (vir)     1          71.975           3.701          -2.011         -13.193           86.857
  175 (vir)     1          72.807           5.054          -2.777         -13.927           89.010
  176 (vir)     1          74.746           3.602          -2.134         -13.543           89.758
  177 (vir)     1          75.163           4.098          -2.520         -13.899           90.641
  178 (vir)     1          75.687           3.867          -1.851         -12.889           90.592
  179 (vir)     1          76.230           4.420          -2.025         -12.188           90.813
  180 (vir)     1          77.109           3.952          -2.164         -13.045           91.943
  181 (vir)     1          77.671           4.256          -2.105         -13.494           93.315
  182 (vir)     1          78.901           3.987          -2.397         -13.556           94.046
  183 (vir)     1          79.012           4.450          -2.383         -14.477           95.556
  184 (vir)     1          80.527           3.732          -2.817         -14.512           95.954
  185 (vir)     1          82.126           3.853          -2.255         -13.732           97.457
  186 (vir)     1          83.370           4.525          -2.424         -14.668          100.139
  187 (vir)     1          84.970           4.028          -2.204         -13.992          100.787
  188 (vir)     1          85.469           2.394          -2.174         -13.334           99.022
  189 (vir)     1          85.568           3.870          -2.718         -14.754          101.474
  190 (vir)     1          86.795           3.005          -2.183         -13.602          101.220
  191 (vir)     1          88.372           3.027          -2.176         -13.498          102.722
  192 (vir)     1          89.729           3.487          -2.576         -16.035          106.675
  193 (vir)     1          89.929           3.311          -2.630         -14.812          105.422
  194 (vir)     1          91.533           3.667          -2.753         -15.424          107.871
  195 (vir)     1          92.027           2.716          -2.132         -13.577          106.189
  196 (vir)     1          92.041           2.916          -2.399         -14.517          107.074
  197 (vir)     1          95.786           3.564          -2.890         -15.767          112.226
  198 (vir)     1          95.820           2.354          -1.837         -13.147          109.486
  199 (vir)     1          99.236           3.412          -2.110         -14.215          114.753
  200 (vir)     1         100.660           3.414          -2.556         -15.405          116.923
  201 (vir)     1         103.071           2.854          -2.275         -14.760          118.410
  202 (vir)     1         106.933           3.194          -2.526         -15.931          123.532
  203 (vir)     1         109.544           3.362          -2.305         -15.589          126.190
  204 (vir)     1         109.738           3.032          -2.300         -15.012          125.482
  205 (vir)     1         119.455           2.736          -2.507         -16.194          135.878
  206 (vir)     1         126.267           2.350          -2.000         -14.793          141.410
  207 (vir)     1         127.834           2.407          -1.768         -13.848          142.321
  208 (vir)     1         130.520           2.800          -2.557         -17.080          147.844
  209 (vir)     1         153.766           2.610          -1.830         -16.164          170.711
  210 (vir)     1         162.580           2.809          -1.690         -15.921          179.620
  211 (vir)     1         163.430           2.810          -1.674         -15.898          180.464
  212 (vir)     1         166.037           2.734          -1.607         -15.762          182.926
  213 (vir)     1         166.123           2.512          -1.615         -15.830          182.849
  214 (vir)     1         209.817           5.192          -1.170         -14.040          227.879
  215 (vir)     1         229.439           6.211          -1.411         -16.050          250.289
  216 (vir)     1         241.486           5.718          -0.943         -13.443          259.704
  217 (vir)     1         241.864           6.448          -0.997         -13.579          260.894
  218 (vir)     1         243.687           6.512          -0.986         -13.606          262.819
  219 (vir)     1         244.246           7.336          -0.907         -13.625          264.301
 
