 
  kpoint:       1             coordinate:     0.0000    0.0000    0.0000                  spin:  1
 
    n           k   ϵ_nk^DFT (eV)     Σ^c_nk (eV)     Σ^x_nk (eV)    v_nk^xc (eV)   ϵ_nk^G0W0 (eV)
 
    1 (occ)     1         -19.783           7.494         -23.694         -14.806          -21.178
    2 (occ)     1         -17.262           5.621         -20.580         -13.407          -18.813
    3 (occ)     1         -14.276           3.722         -20.845         -14.191          -17.208
    4 (occ)     1         -11.726           2.555         -19.823         -14.295          -14.699
    5 (occ)     1         -10.646           1.969         -19.501         -14.528          -13.650
    6 (occ)     1          -8.612           0.899         -17.093         -13.278          -11.527
    7 (occ)     1          -8.000           1.208         -15.853         -12.088          -10.557
    8 (occ)     1          -6.428           0.764         -14.355         -10.888           -9.131
    9 (occ)     1          -6.021           0.416         -14.572         -11.565           -8.613
   10 (vir)     1          -1.643          -1.822          -5.965         -10.590            1.161
   11 (vir)     1          -1.520          -2.240          -6.279         -11.392            1.353
   12 (vir)     1          -0.192          -0.718          -1.028          -3.244            1.305
   13 (vir)     1           0.302          -0.671          -0.921          -2.992            1.702
   14 (vir)     1           0.385          -0.632          -0.862          -2.975            1.866
   15 (vir)     1           0.934          -0.482          -0.596          -2.231            2.087
   16 (vir)     1           1.386          -0.410          -0.573          -2.187            2.590
   17 (vir)     1           1.577          -0.461          -0.664          -2.358            2.810
   18 (vir)     1           1.682          -0.476          -0.733          -2.407            2.880
   19 (vir)     1           1.743          -0.561          -0.835          -2.777            3.124
   20 (vir)     1           1.900          -0.385          -0.491          -2.150            3.175
   21 (vir)     1           2.557          -0.736          -1.460          -4.081            4.443
   22 (vir)     1           2.801          -0.759          -1.271          -3.735            4.506
   23 (vir)     1           3.176          -0.607          -0.927          -3.088            4.730
   24 (vir)     1           3.310          -1.029          -1.811          -4.577            5.047
   25 (vir)     1           3.751          -0.985          -1.594          -4.375            5.547
   26 (vir)     1           4.066          -0.877          -1.315          -3.719            5.593
   27 (vir)     1           4.906          -0.945          -1.445          -4.217            6.733
   28 (vir)     1           5.071          -1.363          -1.993          -5.344            7.059
   29 (vir)     1           5.239          -1.269          -1.924          -5.222            7.269
   30 (vir)     1           5.471          -0.962          -2.376          -5.955            8.087
   31 (vir)     1           5.903          -1.292          -1.661          -4.944            7.895
   32 (vir)     1           6.005          -0.935          -1.251          -4.127            7.946
   33 (vir)     1           6.248          -1.242          -2.263          -5.896            8.638
   34 (vir)     1           6.350          -1.189          -2.100          -5.889            8.950
   35 (vir)     1           6.633          -1.556          -1.989          -5.669            8.757
   36 (vir)     1           7.201          -1.265          -2.067          -5.616            9.485
   37 (vir)     1           8.004          -1.582          -2.036          -5.945           10.332
   38 (vir)     1           8.145          -2.133          -1.309          -5.013            9.717
   39 (vir)     1           8.446          -2.136          -1.921          -6.090           10.479
   40 (vir)     1           8.488          -1.428          -1.849          -5.196           10.408
   41 (vir)     1           9.555          -1.872          -1.354          -5.207           11.536
   42 (vir)     1          10.807          -1.968          -1.722          -5.967           13.085
   43 (vir)     1          10.850          -0.770          -1.136          -4.782           13.727
   44 (vir)     1          11.147          -2.144          -1.777          -6.249           13.475
   45 (vir)     1          12.420          -2.727          -2.053          -6.944           14.584
   46 (vir)     1          12.728          -1.236          -1.464          -5.825           15.854
   47 (vir)     1          13.187          -2.522          -2.012          -6.763           15.416
   48 (vir)     1          14.073          -2.862          -2.195          -7.359           16.376
   49 (vir)     1          14.527          -3.864          -3.175          -9.352           16.840
   50 (vir)     1          14.857          -2.917          -2.306          -7.678           17.313
   51 (vir)     1          14.931          -1.616          -0.976          -5.225           17.564
   52 (vir)     1          15.430          -2.686          -2.016          -7.068           17.796
   53 (vir)     1          16.002          -3.428          -2.351          -7.997           18.220
   54 (vir)     1          16.793          -4.292          -2.889          -9.289           18.901
   55 (vir)     1          17.247          -3.318          -2.179          -7.946           19.695
   56 (vir)     1          18.516          -1.490          -1.244          -5.968           21.750
   57 (vir)     1          18.603          -2.362          -0.993          -5.911           21.159
   58 (vir)     1          18.901          -2.943          -1.733          -6.795           21.020
   59 (vir)     1          19.502          -3.561          -0.997          -5.597           20.541
   60 (vir)     1          19.894          -3.365          -1.573          -7.125           22.081
   61 (vir)     1          21.423          -2.993          -1.318          -6.505           23.618
   62 (vir)     1          21.854          -3.081          -1.171          -6.880           24.482
   63 (vir)     1          24.474          -4.283          -1.630          -7.400           25.960
   64 (vir)     1          25.452          -0.779          -1.710          -7.982           30.945
   65 (vir)     1          25.716          -4.756          -1.206          -6.478           26.232
   66 (vir)     1          27.610          -4.761          -1.659          -7.311           28.502
   67 (vir)     1          27.632          -1.334          -3.450         -11.564           34.411
   68 (vir)     1          29.228          -7.778          -2.534          -9.409           28.325
   69 (vir)     1          31.090          -9.124          -2.707         -10.534           29.792
   70 (vir)     1          31.395          -8.645          -2.243          -9.177           29.685
   71 (vir)     1          31.784           2.440          -2.903         -11.308           42.628
   72 (vir)     1          34.158          -4.548          -3.176         -11.372           37.807
   73 (vir)     1          34.629          -7.030          -2.529         -10.630           35.700
   74 (vir)     1          34.814          -8.187          -2.960         -11.070           34.737
   75 (vir)     1          35.274          -5.961          -2.286         -10.279           37.305
   76 (vir)     1          35.883         -10.696          -3.320         -12.249           34.116
   77 (vir)     1          37.994           3.343          -2.420         -10.499           49.415
   78 (vir)     1          39.280          -8.456          -2.195          -9.758           38.388
   79 (vir)     1          40.339           2.068          -1.600          -9.094           49.900
   80 (vir)     1          41.054         -10.484          -2.848         -12.125           39.847
   81 (vir)     1          41.746          -4.501          -2.782         -11.494           45.956
   82 (vir)     1          43.876           4.066          -2.322         -11.312           56.933
   83 (vir)     1          45.202          -9.222          -2.527         -11.675           45.127
   84 (vir)     1          46.573           3.793          -2.056         -11.107           59.417
   85 (vir)     1          46.802           2.937          -2.464         -12.295           59.571
   86 (vir)     1          47.784           3.296          -2.310         -11.736           60.505
   87 (vir)     1          48.006           2.714          -2.475         -12.356           60.600
   88 (vir)     1          49.630           1.682          -2.008         -11.433           60.738
   89 (vir)     1          52.082           1.142          -2.150         -11.872           62.946
   90 (vir)     1          52.801           3.153          -2.287         -11.785           65.453
   91 (vir)     1          53.430           3.061          -2.604         -12.373           66.259
   92 (vir)     1          58.040           3.065          -2.397         -12.179           70.886
   93 (vir)     1          58.728           4.403          -2.564         -13.099           73.665
   94 (vir)     1          59.975           3.324          -2.398         -12.251           73.153
   95 (vir)     1          62.458           3.604          -2.389         -12.926           76.598
   96 (vir)     1          63.442           3.530          -2.615         -13.526           77.883
   97 (vir)     1          63.585           3.781          -2.515         -13.132           77.982
   98 (vir)     1          65.377           3.099          -2.487         -13.053           79.042
   99 (vir)     1          68.871           2.759          -1.985         -11.735           81.380
  100 (vir)     1          70.282           3.117          -2.279         -13.336           84.456
  101 (vir)     1          71.860           3.978          -2.308         -13.778           87.308
  102 (vir)     1          72.073           3.131          -2.011         -13.365           86.557
  103 (vir)     1          76.007           3.270          -2.251         -13.545           90.572
  104 (vir)     1          78.347           2.849          -2.370         -13.913           92.739
  105 (vir)     1          85.248           2.172          -2.323         -14.040           99.136
  106 (vir)     1          86.814           2.483          -2.620         -14.723          101.400
  107 (vir)     1          95.014           1.369          -2.581         -15.152          108.954
  108 (vir)     1         111.699           1.627          -1.817         -12.969          124.478
  109 (vir)     1         114.163           1.435          -1.159          -9.574          124.012
  110 (vir)     1         156.203           2.386          -1.758         -16.007          172.838
  111 (vir)     1         162.505           2.512          -1.659         -15.841          179.198
  112 (vir)     1         163.972           2.544          -1.632         -15.832          180.716
  113 (vir)     1         198.602           4.257          -0.937         -12.204          214.126
  114 (vir)     1         240.496          11.076          -0.890         -13.383          264.064
 
