 
  kpoint:       1             coordinate:     0.0000    0.0000    0.0000                  spin:  1
 
    n           k   ϵ_nk^DFT (eV)     Σ^c_nk (eV)     Σ^x_nk (eV)    v_nk^xc (eV)   ϵ_nk^G0W0 (eV)
 
    1 (occ)     1         -35.581           4.306         -31.694         -19.595          -43.373
    2 (occ)     1         -18.775           1.267         -22.868         -17.841          -22.535
    3 (occ)     1         -18.775           1.266         -22.868         -17.841          -22.536
    4 (occ)     1         -18.620           1.324         -24.346         -17.874          -23.768
    5 (occ)     1          -3.497           2.021         -11.564          -8.453           -4.588
    6 (vir)     1          -1.684          -0.270          -1.462          -3.498            0.082
    7 (vir)     1          -0.337          -0.350          -0.349          -1.920            0.884
    8 (vir)     1          -0.337          -0.350          -0.349          -1.920            0.884
    9 (vir)     1           0.213          -0.605          -0.495          -2.185            1.298
   10 (vir)     1           0.988          -0.389          -0.272          -1.791            2.117
   11 (vir)     1           0.988          -0.389          -0.272          -1.791            2.117
   12 (vir)     1           1.019          -0.229          -0.077          -1.365            2.078
   13 (vir)     1           1.019          -0.232          -0.062          -1.365            2.090
   14 (vir)     1           1.095          -0.226          -0.526          -2.193            2.535
   15 (vir)     1           2.318          -0.625          -0.850          -2.568            3.411
   16 (vir)     1           4.297          -1.544          -0.753          -3.238            5.237
   17 (vir)     1           4.297          -1.542          -0.753          -3.238            5.240
   18 (vir)     1           4.372          -0.221          -0.882          -3.576            6.845
   19 (vir)     1          12.731          -0.073          -2.123          -7.206           17.740
   20 (vir)     1          55.527           0.614          -1.146          -8.916           63.911
 
