 
  kpoint:       1             coordinate:     0.0000    0.0000    0.0000                  spin:  1
 
    n           k   ϵ_nk^DFT (eV)     Σ^c_nk (eV)     Σ^x_nk (eV)    v_nk^xc (eV)   ϵ_nk^G0W0 (eV)
 
    1 (occ)     1         -21.442           8.268         -25.191         -15.552          -22.813
    2 (occ)     1         -17.490           6.301         -24.055         -15.535          -19.709
    3 (occ)     1         -17.428           4.325         -23.464         -15.139          -21.429
    4 (occ)     1         -13.568           3.985         -21.528         -14.898          -16.213
    5 (occ)     1         -12.945           3.707         -21.017         -14.678          -15.577
    6 (occ)     1         -12.727           3.328         -20.122         -14.338          -15.182
    7 (occ)     1         -10.876           3.017         -18.633         -13.658          -12.834
    8 (occ)     1          -9.698           2.331         -20.190         -15.228          -12.329
    9 (occ)     1          -9.122           2.155         -20.120         -15.544          -11.543
   10 (occ)     1          -8.756           1.848         -19.328         -15.091          -11.145
   11 (occ)     1          -8.707           1.944         -19.483         -14.987          -11.259
   12 (occ)     1          -7.463           1.232         -16.541         -13.172           -9.601
   13 (occ)     1          -5.435           0.417         -15.579         -13.054           -7.542
   14 (vir)     1          -1.501          -1.733          -7.180         -12.228            1.815
   15 (vir)     1          -0.158          -0.731          -1.157          -3.538            1.492
   16 (vir)     1           0.388          -0.635          -0.995          -3.131            1.888
   17 (vir)     1           0.415          -0.635          -0.894          -2.978            1.864
   18 (vir)     1           0.683          -2.345          -5.381         -10.804            3.762
   19 (vir)     1           0.731          -0.615          -0.778          -2.953            2.291
   20 (vir)     1           0.955          -0.705          -1.016          -3.285            2.518
   21 (vir)     1           1.016          -0.670          -0.918          -3.114            2.541
   22 (vir)     1           1.330          -0.706          -0.947          -3.471            3.147
   23 (vir)     1           1.771          -0.567          -0.655          -2.703            3.252
   24 (vir)     1           1.985          -0.594          -0.662          -2.708            3.437
   25 (vir)     1           2.486          -0.604          -0.677          -2.778            3.984
   26 (vir)     1           2.534          -0.563          -0.568          -2.615            4.018
   27 (vir)     1           3.226          -1.123          -2.551          -6.182            5.733
   28 (vir)     1           3.521          -0.600          -0.676          -2.722            4.966
   29 (vir)     1           3.526          -0.829          -1.431          -4.381            5.648
   30 (vir)     1           3.817          -1.173          -2.510          -6.200            6.334
   31 (vir)     1           3.837          -1.074          -1.294          -4.023            5.492
   32 (vir)     1           4.116          -0.730          -0.921          -3.584            6.049
   33 (vir)     1           4.685          -1.873          -3.909          -8.935            7.838
   34 (vir)     1           5.393          -1.348          -2.404          -6.184            7.824
   35 (vir)     1           5.537          -1.495          -2.692          -6.584            7.934
   36 (vir)     1           5.594          -1.670          -2.932          -6.954            7.947
   37 (vir)     1           5.640          -1.318          -2.682          -6.565            8.207
   38 (vir)     1           5.662          -1.258          -2.054          -5.823            8.173
   39 (vir)     1           5.750          -0.591          -0.506          -2.827            7.480
   40 (vir)     1           5.774          -1.542          -2.189          -6.033            8.076
   41 (vir)     1           6.590          -1.380          -2.477          -6.392            9.125
   42 (vir)     1           7.511          -1.102          -1.685          -5.222            9.946
   43 (vir)     1           8.202          -1.162          -2.065          -6.151           11.126
   44 (vir)     1           8.437          -1.494          -2.554          -6.989           11.378
   45 (vir)     1           8.786          -2.412          -2.685          -7.623           11.313
   46 (vir)     1           8.875          -1.340          -1.877          -6.113           11.771
   47 (vir)     1           9.070          -1.723          -2.646          -7.361           12.062
   48 (vir)     1           9.581          -1.922          -2.074          -6.641           12.227
   49 (vir)     1          10.239          -2.760          -2.807          -8.455           13.126
   50 (vir)     1          10.344          -1.911          -3.033          -7.907           13.307
   51 (vir)     1          10.561          -2.943          -2.674          -8.063           13.007
   52 (vir)     1          11.400          -2.548          -2.183          -7.775           14.443
   53 (vir)     1          11.524          -1.730          -2.297          -7.252           14.750
   54 (vir)     1          12.430          -0.126          -2.142          -8.430           18.591
   55 (vir)     1          12.672          -4.600          -2.435          -8.313           13.950
   56 (vir)     1          12.920          -2.588          -3.858         -10.821           17.296
   57 (vir)     1          13.766          -4.009          -3.756         -10.456           16.458
   58 (vir)     1          14.271          -2.486          -2.511          -9.510           18.783
   59 (vir)     1          14.286          -3.792          -3.542         -10.386           17.339
   60 (vir)     1          14.950          -2.932          -2.302          -9.206           18.921
   61 (vir)     1          16.175          -2.322          -3.352         -10.498           20.999
   62 (vir)     1          16.383          -1.684          -2.228          -7.839           20.310
   63 (vir)     1          16.820          -3.571          -2.114          -9.136           20.271
   64 (vir)     1          17.986          -2.737          -2.185          -8.630           21.694
   65 (vir)     1          18.564          -4.809          -2.029          -8.569           20.295
   66 (vir)     1          18.855          -4.654          -3.256         -11.501           22.447
   67 (vir)     1          19.131          -2.858          -2.312         -10.083           24.045
   68 (vir)     1          19.463          -5.855          -4.119         -13.625           23.115
   69 (vir)     1          20.753          -4.847          -2.274         -10.500           24.131
   70 (vir)     1          21.173          -3.683          -2.194         -10.180           25.477
   71 (vir)     1          21.474          -3.876          -1.512          -7.379           23.465
   72 (vir)     1          23.329           1.229          -1.536          -8.293           31.315
   73 (vir)     1          23.681          -6.791          -3.208         -13.337           27.019
   74 (vir)     1          24.605          -5.147          -1.481          -8.753           26.731
   75 (vir)     1          25.619          -3.817          -1.955          -9.437           29.284
   76 (vir)     1          28.357          -5.584          -2.294         -11.345           31.825
   77 (vir)     1          31.707          -4.326          -2.791         -12.165           36.755
   78 (vir)     1          32.453          -1.721          -2.379         -10.909           39.262
   79 (vir)     1          32.688          -2.837          -2.441         -10.921           38.332
   80 (vir)     1          34.860           3.211          -1.288          -9.213           45.995
   81 (vir)     1          36.633           1.853          -1.199          -9.180           46.467
   82 (vir)     1          39.422           0.881          -1.696         -11.093           49.700
   83 (vir)     1          42.395           1.795          -1.046         -10.482           53.626
   84 (vir)     1          44.916           3.528          -2.152         -13.159           59.451
   85 (vir)     1          45.395           3.446          -1.988         -12.991           59.844
   86 (vir)     1          46.083           3.077          -1.199         -10.949           58.910
   87 (vir)     1          49.581           3.557          -1.891         -12.445           63.692
   88 (vir)     1          50.376           2.995          -1.572         -13.007           64.806
   89 (vir)     1          55.808           3.869          -1.707         -13.054           71.024
   90 (vir)     1          56.297           2.488          -1.476         -11.425           68.735
   91 (vir)     1          58.570           0.904          -0.639          -9.679           68.514
   92 (vir)     1          60.309           2.438          -1.713         -12.757           73.791
   93 (vir)     1          60.485           2.420          -1.859         -13.038           74.084
   94 (vir)     1          68.580           1.050          -1.700         -13.189           81.119
   95 (vir)     1          72.606           1.004          -1.622         -13.222           85.211
   96 (vir)     1          79.696           1.858          -1.557         -13.738           93.734
   97 (vir)     1         114.190           1.116          -1.045         -12.373          126.633
   98 (vir)     1         167.241           1.648          -0.459         -11.846          180.275
   99 (vir)     1         178.120           2.073          -0.338         -12.075          191.931
  100 (vir)     1         193.941           2.672          -0.280         -12.650          208.983
  101 (vir)     1         196.783           3.062          -0.271         -12.812          212.386
 
