 
  kpoint:       1             coordinate:     0.0000    0.0000    0.0000                  spin:  1
 
    n           k   ϵ_nk^DFT (eV)     Σ^c_nk (eV)     Σ^x_nk (eV)    v_nk^xc (eV)   ϵ_nk^G0W0 (eV)
 
    1 (occ)     1         -27.065           9.320         -30.312         -18.636          -29.421
    2 (occ)     1         -26.196           9.506         -31.504         -19.706          -28.488
    3 (occ)     1         -24.599           8.160         -29.180         -18.482          -27.138
    4 (occ)     1         -23.240           7.460         -28.290         -18.102          -25.968
    5 (occ)     1         -20.430           6.355         -25.228         -16.018          -23.285
    6 (occ)     1         -17.865           4.798         -24.093         -16.070          -21.090
    7 (occ)     1         -16.954           4.056         -23.294         -15.895          -20.297
    8 (occ)     1         -16.565           4.081         -24.407         -17.220          -19.671
    9 (occ)     1         -14.253           3.106         -22.876         -16.553          -17.470
   10 (occ)     1         -14.043           3.208         -22.755         -16.610          -16.980
   11 (occ)     1         -12.939           2.589         -21.883         -16.158          -16.075
   12 (occ)     1         -11.970           3.042         -20.430         -14.733          -14.624
   13 (occ)     1         -11.596           3.019         -22.991         -16.859          -14.709
   14 (occ)     1         -10.743           3.609         -25.183         -18.524          -13.793
   15 (occ)     1         -10.550           2.044         -19.556         -14.338          -13.724
   16 (occ)     1         -10.404           3.223         -23.867         -17.522          -13.526
   17 (occ)     1         -10.009           2.157         -21.582         -16.483          -12.950
   18 (occ)     1          -9.812           2.352         -20.569         -15.567          -12.461
   19 (occ)     1          -9.509           1.875         -20.654         -15.465          -12.824
   20 (occ)     1          -8.891           1.907         -20.102         -15.505          -11.582
   21 (occ)     1          -7.045           1.930         -22.287         -17.888           -9.514
   22 (occ)     1          -6.974           3.270         -24.854         -18.841           -9.717
   23 (occ)     1          -6.221           3.150         -24.950         -19.124           -8.898
   24 (occ)     1          -6.037           0.699         -18.659         -15.657           -8.341
   25 (vir)     1          -2.264          -2.305          -9.336         -14.304            0.400
   26 (vir)     1          -0.996          -2.795          -9.882         -15.461            1.789
   27 (vir)     1          -0.876          -1.069          -1.715          -4.398            0.739
   28 (vir)     1          -0.287          -0.857          -1.327          -3.676            1.206
   29 (vir)     1          -0.160          -0.921          -1.405          -3.822            1.335
   30 (vir)     1           0.367          -0.641          -0.951          -2.720            1.495
   31 (vir)     1           0.477          -0.917          -1.576          -4.024            2.008
   32 (vir)     1           0.701          -0.730          -0.881          -2.891            1.981
   33 (vir)     1           0.921          -0.652          -0.863          -2.782            2.188
   34 (vir)     1           0.944          -1.024          -1.533          -3.937            2.324
   35 (vir)     1           1.110          -0.670          -0.710          -2.529            2.260
   36 (vir)     1           1.509          -0.766          -1.100          -3.232            2.876
   37 (vir)     1           1.595          -0.725          -1.070          -3.122            2.921
   38 (vir)     1           1.675          -3.054          -5.825         -10.990            3.785
   39 (vir)     1           1.806          -0.802          -1.132          -3.354            3.226
   40 (vir)     1           2.104          -0.636          -0.838          -2.602            3.232
   41 (vir)     1           2.192          -0.558          -0.646          -2.254            3.242
   42 (vir)     1           2.201          -0.972          -1.646          -3.974            3.557
   43 (vir)     1           2.435          -0.538          -0.493          -2.093            3.498
   44 (vir)     1           2.552          -0.984          -1.576          -3.967            3.958
   45 (vir)     1           2.705          -0.573          -0.586          -2.145            3.691
   46 (vir)     1           2.843          -1.032          -1.732          -4.164            4.244
   47 (vir)     1           2.936          -0.723          -1.059          -2.976            4.130
   48 (vir)     1           3.076          -1.084          -1.928          -4.438            4.502
   49 (vir)     1           3.591          -1.386          -2.358          -5.550            5.397
   50 (vir)     1           3.640          -0.462          -0.363          -1.892            4.708
   51 (vir)     1           3.672          -1.345          -2.557          -5.640            5.410
   52 (vir)     1           3.733          -1.300          -2.352          -5.315            5.396
   53 (vir)     1           3.889          -0.934          -1.165          -3.612            5.402
   54 (vir)     1           4.051          -1.841          -3.461          -7.377            6.127
   55 (vir)     1           4.268          -2.183          -4.540          -8.972            6.517
   56 (vir)     1           4.449          -1.292          -2.219          -5.194            6.132
   57 (vir)     1           4.460          -1.100          -1.633          -4.331            6.059
   58 (vir)     1           4.621          -1.401          -2.553          -5.671            6.339
   59 (vir)     1           4.854          -0.860          -0.871          -3.144            6.267
   60 (vir)     1           5.152          -1.446          -2.252          -5.607            7.061
   61 (vir)     1           5.233          -1.988          -3.471          -7.603            7.378
   62 (vir)     1           5.476          -1.429          -2.229          -5.413            7.230
   63 (vir)     1           5.631          -1.641          -2.718          -6.176            7.448
   64 (vir)     1           5.658          -1.249          -1.153          -3.939            7.195
   65 (vir)     1           5.875          -1.626          -2.572          -6.140            7.817
   66 (vir)     1           6.132          -1.250          -1.373          -4.365            7.874
   67 (vir)     1           6.344          -2.006          -3.501          -7.728            8.565
   68 (vir)     1           6.541          -1.065          -1.131          -3.888            8.233
   69 (vir)     1           6.663          -1.782          -2.889          -6.755            8.747
   70 (vir)     1           6.744          -1.271          -1.380          -4.438            8.531
   71 (vir)     1           6.826          -1.385          -1.932          -5.153            8.663
   72 (vir)     1           7.464          -1.547          -2.220          -5.752            9.449
   73 (vir)     1           7.837          -1.614          -1.412          -4.799            9.610
   74 (vir)     1           7.987          -2.429          -3.871          -8.577           10.264
   75 (vir)     1           8.015          -1.604          -1.268          -4.705            9.846
   76 (vir)     1           8.095          -1.928          -2.598          -6.582           10.151
   77 (vir)     1           8.477          -2.372          -3.238          -7.845           10.712
   78 (vir)     1           8.494          -0.913          -0.743          -3.165           10.003
   79 (vir)     1           8.586          -2.584          -3.739          -8.759           11.021
   80 (vir)     1           9.113          -2.037          -2.833          -7.079           11.321
   81 (vir)     1           9.170          -1.669          -1.385          -4.889           11.005
   82 (vir)     1           9.829          -2.608          -3.359          -8.381           12.243
   83 (vir)     1           9.868          -1.343          -0.926          -3.887           11.486
   84 (vir)     1          10.010          -1.189          -0.908          -4.105           12.018
   85 (vir)     1          10.398          -1.602          -1.541          -5.226           12.481
   86 (vir)     1          10.640          -1.693          -1.683          -5.512           12.776
   87 (vir)     1          10.904          -2.481          -2.694          -7.438           13.168
   88 (vir)     1          11.473          -2.853          -3.425          -8.975           14.169
   89 (vir)     1          11.478          -1.655          -2.396          -6.966           14.394
   90 (vir)     1          12.023          -3.458          -4.185         -10.346           14.726
   91 (vir)     1          12.251          -2.174          -2.176          -6.711           14.613
   92 (vir)     1          12.373          -1.784          -1.551          -5.474           14.512
   93 (vir)     1          12.616          -3.527          -4.344         -10.656           15.400
   94 (vir)     1          12.637          -3.318          -3.768          -9.776           15.328
   95 (vir)     1          13.100          -2.859          -2.970          -8.288           15.559
   96 (vir)     1          13.215          -2.664          -2.588          -7.645           15.608
   97 (vir)     1          13.396          -2.957          -2.899          -8.238           15.778
   98 (vir)     1          13.871          -2.506          -2.060          -6.872           16.177
   99 (vir)     1          13.932          -3.504          -3.484          -9.587           16.531
  100 (vir)     1          14.150          -3.107          -1.802          -6.919           16.160
  101 (vir)     1          14.391          -3.066          -2.892          -8.562           16.995
  102 (vir)     1          14.532          -2.574          -1.984          -6.831           16.805
  103 (vir)     1          14.924          -3.053          -1.887          -7.020           17.004
  104 (vir)     1          15.018          -2.907          -2.660          -8.206           17.656
  105 (vir)     1          15.351          -2.774          -1.684          -6.583           17.476
  106 (vir)     1          15.472          -2.871          -2.692          -8.141           18.049
  107 (vir)     1          15.737          -2.467          -2.020          -6.894           18.144
  108 (vir)     1          16.585          -4.611          -4.189         -11.650           19.436
  109 (vir)     1          17.150          -3.190          -2.554          -8.305           19.711
  110 (vir)     1          17.788          -2.880          -1.936          -7.138           20.109
  111 (vir)     1          17.899          -2.942          -2.266          -7.767           20.458
  112 (vir)     1          18.230          -3.570          -2.998          -9.343           21.005
  113 (vir)     1          18.579          -2.805          -2.256          -7.716           21.235
  114 (vir)     1          18.950          -2.840          -2.058          -7.432           21.484
  115 (vir)     1          18.999          -3.231          -2.427          -8.235           21.577
  116 (vir)     1          19.186          -3.771          -2.404          -8.503           21.513
  117 (vir)     1          19.507          -3.834          -2.901          -9.324           22.096
  118 (vir)     1          20.025          -2.723          -2.395          -7.747           22.655
  119 (vir)     1          20.316          -2.928          -2.194          -7.824           23.018
  120 (vir)     1          20.787          -3.879          -2.113          -8.277           23.071
  121 (vir)     1          21.283          -3.360          -2.517          -8.429           23.835
  122 (vir)     1          21.301          -3.279          -2.039          -7.893           23.877
  123 (vir)     1          21.768          -3.299          -2.152          -8.085           24.402
  124 (vir)     1          21.876          -3.276          -2.107          -7.916           24.408
  125 (vir)     1          22.354          -3.633          -1.631          -7.427           24.518
  126 (vir)     1          22.366          -3.477          -2.333          -8.399           24.955
  127 (vir)     1          22.808          -4.148          -1.902          -8.020           24.778
  128 (vir)     1          22.889          -3.992          -2.767          -9.414           25.544
  129 (vir)     1          22.893          -3.533          -2.250          -8.340           25.451
  130 (vir)     1          22.977          -3.310          -2.439          -8.486           25.714
  131 (vir)     1          23.819          -3.671          -1.841          -7.795           26.101
  132 (vir)     1          24.088          -3.914          -3.054          -9.864           26.984
  133 (vir)     1          24.213          -3.261          -2.282          -8.270           26.940
  134 (vir)     1          24.329          -3.799          -2.428          -8.603           26.705
  135 (vir)     1          25.034          -3.964          -2.875          -9.514           27.709
  136 (vir)     1          25.268          -4.064          -2.206          -8.537           27.535
  137 (vir)     1          25.416          -3.261          -2.302          -8.282           28.135
  138 (vir)     1          25.431          -3.910          -2.442          -8.630           27.708
  139 (vir)     1          25.909          -3.290          -1.908          -7.693           28.404
  140 (vir)     1          26.284          -3.453          -1.803          -7.651           28.680
  141 (vir)     1          26.463          -4.508          -3.109          -9.744           28.590
  142 (vir)     1          27.079          -3.650          -2.068          -8.114           29.474
  143 (vir)     1          27.963          -0.048          -2.886          -9.934           34.964
  144 (vir)     1          28.870          -4.771          -2.515          -9.025           30.609
  145 (vir)     1          29.287          -4.795          -2.136          -8.793           31.149
  146 (vir)     1          29.312          -4.031          -1.938          -8.309           31.651
  147 (vir)     1          30.239          -4.076          -2.529          -9.018           32.652
  148 (vir)     1          31.406          -4.101          -2.078          -8.458           33.686
  149 (vir)     1          32.240          -4.681          -2.780          -9.802           34.581
  150 (vir)     1          32.502          -6.926          -2.830         -10.776           33.522
  151 (vir)     1          33.264          -6.327          -2.313          -9.385           34.008
  152 (vir)     1          33.741          -4.912          -1.901          -8.631           35.559
  153 (vir)     1          33.825          -5.079          -2.532          -9.538           35.752
  154 (vir)     1          34.210          -7.708          -3.396         -11.708           34.814
  155 (vir)     1          35.024          -5.799          -2.622         -10.257           36.860
  156 (vir)     1          35.588          -5.745          -3.081         -11.005           37.767
  157 (vir)     1          36.908          -5.952          -2.987         -10.904           38.874
  158 (vir)     1          37.553          -5.998          -2.361         -10.007           39.201
  159 (vir)     1          37.988          -7.280          -3.360         -11.492           38.839
  160 (vir)     1          38.375          -7.244          -2.768         -11.017           39.379
  161 (vir)     1          39.042          -7.536          -3.064         -11.343           39.784
  162 (vir)     1          39.380          -6.296          -2.610         -10.437           40.911
  163 (vir)     1          40.608          -7.571          -3.456         -11.871           41.453
  164 (vir)     1          41.251          -7.797          -3.144         -11.717           42.028
  165 (vir)     1          42.278          -8.606          -3.012         -11.878           42.538
  166 (vir)     1          42.565          -8.563          -2.914         -11.457           42.545
  167 (vir)     1          43.297          -8.784          -3.513         -12.401           43.401
  168 (vir)     1          44.366          -9.469          -3.387         -12.613           44.123
  169 (vir)     1          44.973          -9.428          -3.298         -12.435           44.682
  170 (vir)     1          45.156          -9.695          -3.288         -12.561           44.734
  171 (vir)     1          46.185         -10.949          -3.206         -12.390           44.419
  172 (vir)     1          46.201           5.246          -3.095         -11.885           60.236
  173 (vir)     1          46.662          -9.916          -4.004         -13.565           46.306
  174 (vir)     1          46.934          -9.952          -3.295         -12.444           46.130
  175 (vir)     1          47.540          -9.288          -3.447         -13.256           48.061
  176 (vir)     1          48.281         -12.073          -3.729         -13.568           46.047
  177 (vir)     1          48.843          -8.923          -3.675         -13.209           49.454
  178 (vir)     1          49.426         -10.547          -3.607         -13.073           48.345
  179 (vir)     1          49.510           5.262          -3.060         -12.476           64.187
  180 (vir)     1          50.556         -11.791          -4.014         -14.200           48.952
  181 (vir)     1          50.771         -10.554          -2.596         -11.569           49.190
  182 (vir)     1          51.912         -10.433          -3.411         -13.610           51.679
  183 (vir)     1          52.478         -11.130          -3.085         -12.987           51.250
  184 (vir)     1          53.015           6.012          -3.138         -12.565           68.454
  185 (vir)     1          53.540         -12.473          -3.131         -13.029           50.964
  186 (vir)     1          53.672           5.020          -2.972         -12.473           68.192
  187 (vir)     1          53.928           5.604          -2.992         -12.926           69.466
  188 (vir)     1          54.187           4.009          -2.494         -11.814           67.516
  189 (vir)     1          54.938         -12.164          -3.194         -13.129           52.708
  190 (vir)     1          55.233           4.815          -3.366         -13.202           69.884
  191 (vir)     1          55.394         -11.659          -3.137         -12.943           53.541
  192 (vir)     1          56.636           4.419          -2.838         -12.839           71.056
  193 (vir)     1          57.143           6.186          -2.721         -12.388           72.996
  194 (vir)     1          57.281         -10.454          -2.771         -12.962           57.018
  195 (vir)     1          57.660           6.447          -3.297         -13.473           74.283
  196 (vir)     1          58.238           4.740          -3.258         -13.750           73.470
  197 (vir)     1          59.075           5.453          -3.103         -13.054           74.478
  198 (vir)     1          59.183           4.337          -3.256         -13.191           73.455
  199 (vir)     1          59.665           3.625          -2.630         -12.841           73.500
  200 (vir)     1          59.879         -12.400          -2.821         -13.061           57.719
  201 (vir)     1          60.156           4.491          -2.870         -13.046           74.822
  202 (vir)     1          60.481           4.718          -2.741         -13.263           75.721
  203 (vir)     1          61.124           5.263          -2.973         -13.579           76.993
  204 (vir)     1          61.551           5.267          -3.131         -13.785           77.472
  205 (vir)     1          62.003           5.446          -3.130         -13.558           77.877
  206 (vir)     1          62.550           4.010          -2.547         -12.631           76.644
  207 (vir)     1          62.703           4.625          -3.373         -14.119           78.074
  208 (vir)     1          62.993           4.537          -2.777         -13.406           78.159
  209 (vir)     1          64.448           5.134          -2.944         -13.608           80.248
  210 (vir)     1          64.510           4.345          -2.423         -12.422           78.854
  211 (vir)     1          66.070           5.091          -2.890         -14.241           82.512
  212 (vir)     1          66.225           4.640          -2.649         -13.632           81.848
  213 (vir)     1          66.543           3.966          -2.574         -13.341           81.275
  214 (vir)     1          66.802           4.636          -2.871         -13.511           82.078
  215 (vir)     1          67.156           4.211          -2.669         -13.894           82.592
  216 (vir)     1          67.271           4.339          -2.751         -13.840           82.699
  217 (vir)     1          67.756           4.528          -2.516         -13.371           83.139
  218 (vir)     1          69.718           4.468          -2.707         -13.804           85.283
  219 (vir)     1          69.978           3.971          -2.393         -13.524           85.080
  220 (vir)     1          70.454           4.934          -2.685         -13.874           86.577
  221 (vir)     1          71.301           4.389          -2.334         -13.849           87.206
  222 (vir)     1          72.159           4.038          -2.425         -13.911           87.684
  223 (vir)     1          72.222           3.947          -2.486         -13.301           86.985
  224 (vir)     1          73.180           5.287          -2.749         -14.310           90.029
  225 (vir)     1          74.169           3.562          -2.557         -14.124           89.298
  226 (vir)     1          74.830           4.433          -2.514         -14.178           90.927
  227 (vir)     1          75.262           4.106          -2.617         -13.688           90.438
  228 (vir)     1          75.642           4.276          -3.148         -15.016           91.786
  229 (vir)     1          76.207           4.671          -2.349         -14.043           92.572
  230 (vir)     1          76.703           3.886          -2.415         -13.533           91.707
  231 (vir)     1          77.362           5.345          -2.470         -14.456           94.693
  232 (vir)     1          77.731           4.482          -3.232         -15.406           94.387
  233 (vir)     1          78.127           3.112          -2.439         -13.933           92.734
  234 (vir)     1          78.632           3.242          -2.469         -13.867           93.271
  235 (vir)     1          79.211           4.336          -2.784         -14.757           95.520
  236 (vir)     1          79.351           4.212          -2.859         -14.676           95.381
  237 (vir)     1          79.735           3.506          -1.957         -13.070           94.354
  238 (vir)     1          80.807           4.790          -2.886         -15.160           97.871
  239 (vir)     1          81.403           3.185          -2.451         -14.217           96.354
  240 (vir)     1          81.760           3.714          -2.257         -13.424           96.640
  241 (vir)     1          82.490           4.159          -2.699         -14.836           98.786
  242 (vir)     1          84.073           3.594          -2.412         -14.653           99.908
  243 (vir)     1          85.607           3.970          -2.406         -14.473          101.644
  244 (vir)     1          86.229           3.469          -2.310         -13.852          101.240
  245 (vir)     1          86.922           3.987          -2.615         -15.511          103.805
  246 (vir)     1          87.438           4.345          -2.372         -14.499          103.910
  247 (vir)     1          87.866           3.816          -2.345         -14.596          103.933
  248 (vir)     1          88.363           4.051          -2.508         -14.703          104.609
  249 (vir)     1          89.134           3.485          -2.365         -14.384          104.638
  250 (vir)     1          90.836           3.540          -2.385         -14.557          106.548
  251 (vir)     1          91.686           2.899          -2.622         -15.629          107.592
  252 (vir)     1          91.917           2.446          -1.874         -13.355          105.843
  253 (vir)     1          92.682           3.058          -2.330         -14.462          107.871
  254 (vir)     1          93.115           3.634          -2.879         -15.943          109.813
  255 (vir)     1          93.211           3.359          -2.192         -14.146          108.525
  256 (vir)     1          95.351           3.530          -2.437         -14.839          111.283
  257 (vir)     1          96.560           2.649          -2.190         -14.104          111.123
  258 (vir)     1         101.327           2.749          -2.310         -14.994          116.760
  259 (vir)     1         101.532           3.545          -2.407         -15.534          118.205
  260 (vir)     1         106.906           2.599          -2.457         -15.426          122.475
  261 (vir)     1         107.647           2.209          -2.018         -14.414          122.252
  262 (vir)     1         108.211           3.165          -2.414         -15.818          124.780
  263 (vir)     1         112.856           2.722          -2.561         -16.256          129.273
  264 (vir)     1         114.244           2.529          -2.283         -15.486          129.976
  265 (vir)     1         116.371           2.313          -2.232         -15.489          131.941
  266 (vir)     1         117.693           2.311          -2.631         -16.535          133.908
  267 (vir)     1         123.448           2.999          -2.602         -17.384          141.228
  268 (vir)     1         127.742           2.797          -2.576         -17.435          145.398
  269 (vir)     1         129.626           3.996          -2.695         -19.060          149.988
  270 (vir)     1         131.581           3.857          -2.783         -19.414          152.069
  271 (vir)     1         132.505           2.809          -2.522         -17.258          150.051
  272 (vir)     1         133.762           3.410          -3.190         -19.801          153.784
  273 (vir)     1         134.632           3.321          -3.279         -19.942          154.615
  274 (vir)     1         136.756           4.166          -2.787         -19.043          157.179
  275 (vir)     1         140.108           3.723          -2.712         -18.974          160.094
  276 (vir)     1         141.704           2.327          -2.430         -17.338          158.939
  277 (vir)     1         154.296           2.660          -1.712         -15.759          171.004
  278 (vir)     1         162.225           2.566          -1.643         -15.795          178.942
  279 (vir)     1         162.484           2.430          -1.632         -15.797          179.079
  280 (vir)     1         163.391           2.657          -1.549         -15.459          179.957
  281 (vir)     1         163.885           2.406          -1.617         -15.777          180.451
  282 (vir)     1         164.867           2.515          -1.577         -15.664          181.470
  283 (vir)     1         179.429           1.535          -4.425         -23.147          199.685
  284 (vir)     1         180.122           1.486          -4.403         -23.087          200.293
  285 (vir)     1         181.576           1.424          -4.357         -23.145          201.789
  286 (vir)     1         182.712           1.403          -4.207         -22.985          202.892
  287 (vir)     1         183.824           1.663          -3.992         -23.017          204.511
  288 (vir)     1         185.062           1.650          -3.884         -22.966          205.793
  289 (vir)     1         185.469           1.787          -4.224         -23.053          206.085
  290 (vir)     1         189.698           1.659          -4.256         -23.097          210.198
  291 (vir)     1         191.096           1.595          -4.279         -23.206          211.618
  292 (vir)     1         192.755           1.592          -4.158         -23.041          213.230
  293 (vir)     1         209.058           5.383          -1.397         -15.601          228.645
  294 (vir)     1         231.137           5.976          -1.229         -15.604          251.489
  295 (vir)     1         233.005           4.905          -1.448         -16.976          253.438
  296 (vir)     1         233.729           4.664          -1.247         -16.067          253.213
  297 (vir)     1         236.533           5.368          -1.383         -16.746          257.265
  298 (vir)     1         238.189           0.890          -2.246         -21.721          258.554
  299 (vir)     1         239.511           0.843          -2.134         -21.864          260.083
  300 (vir)     1         239.717           0.882          -2.220         -21.894          260.272
  301 (vir)     1         240.135           2.193          -1.599         -17.652          258.380
  302 (vir)     1         240.917           1.152          -1.995         -19.748          259.821
  303 (vir)     1         241.605           1.171          -2.301         -22.115          262.590
  304 (vir)     1         241.740           2.560          -1.362         -16.936          259.875
  305 (vir)     1         242.399           0.962          -1.940         -19.483          260.904
  306 (vir)     1         243.542           1.269          -2.065         -20.074          262.819
  307 (vir)     1         244.091           1.058          -2.328         -22.223          265.044
  308 (vir)     1         244.640           0.574          -2.436         -21.765          264.544
  309 (vir)     1         245.411           0.834          -2.602         -22.315          265.958
  310 (vir)     1         246.904           1.446          -2.501         -22.430          268.279
  311 (vir)     1         247.199           0.827          -2.499         -21.758          267.286
  312 (vir)     1         249.352           1.307          -2.086         -20.528          269.101
  313 (vir)     1         253.665           1.659          -1.797         -19.579          273.106
  314 (vir)     1         265.461           4.669          -1.444         -18.587          287.273
  315 (vir)     1         286.996           4.744          -1.833         -19.843          309.750
 
