 
  kpoint:       1             coordinate:     0.0000    0.0000    0.0000                  spin:  1
 
    n           k   ϵ_nk^DFT (eV)     Σ^c_nk (eV)     Σ^x_nk (eV)    v_nk^xc (eV)   ϵ_nk^G0W0 (eV)
 
    1 (occ)     1         -21.776           3.542         -28.877         -18.378          -28.733
    2 (occ)     1         -11.529           3.142         -21.044         -15.805          -13.626
    3 (occ)     1          -8.248           2.395         -22.445         -18.275          -10.022
    4 (occ)     1          -8.248           2.397         -22.448         -18.275          -10.024
    5 (occ)     1          -8.054           3.419         -23.937         -18.480          -10.092
    6 (occ)     1          -7.018           2.426         -26.185         -23.074           -7.703
    7 (occ)     1          -7.018           2.427         -26.187         -23.074           -7.704
    8 (occ)     1          -6.895           3.278         -30.116         -26.851           -6.882
    9 (occ)     1          -6.895           3.278         -30.117         -26.851           -6.882
   10 (occ)     1          -6.743           1.996         -23.587         -20.678           -7.657
   11 (vir)     1          -4.153          -1.766          -4.058          -8.403           -1.573
   12 (vir)     1          -1.477          -1.199          -3.826          -7.392            0.890
   13 (vir)     1          -1.477          -1.199          -3.825          -7.392            0.891
   14 (vir)     1           0.960          -1.469          -3.878          -7.598            3.211
   15 (vir)     1           0.960          -1.469          -3.877          -7.598            3.211
   16 (vir)     1           1.118          -0.449          -0.954          -2.683            2.397
   17 (vir)     1           1.991          -0.497          -0.681          -2.421            3.234
   18 (vir)     1           2.024          -0.974          -1.795          -4.399            3.654
   19 (vir)     1           2.024          -0.974          -1.795          -4.399            3.655
   20 (vir)     1           2.437          -0.221          -0.265          -1.650            3.602
   21 (vir)     1           2.437          -0.221          -0.265          -1.650            3.602
   22 (vir)     1           3.020          -1.034          -1.644          -4.612            4.954
   23 (vir)     1           3.422          -0.607          -1.018          -3.105            4.902
   24 (vir)     1           3.422          -0.607          -1.018          -3.105            4.902
   25 (vir)     1           4.741          -1.259          -1.772          -5.072            6.782
   26 (vir)     1           5.293          -1.447          -1.833          -5.043            7.056
   27 (vir)     1           5.293          -1.446          -1.832          -5.043            7.057
   28 (vir)     1           5.322          -0.580          -0.745          -3.140            7.138
   29 (vir)     1           5.323          -0.579          -0.745          -3.140            7.138
   30 (vir)     1           5.920          -0.941          -1.185          -3.917            7.711
   31 (vir)     1           7.727          -1.222          -1.701          -5.394           10.198
   32 (vir)     1           7.728          -1.221          -1.701          -5.394           10.199
   33 (vir)     1           9.240          -0.983          -1.278          -4.534           11.513
   34 (vir)     1           9.240          -0.984          -1.278          -4.534           11.513
   35 (vir)     1           9.691          -1.446          -1.885          -5.626           11.987
   36 (vir)     1          10.980          -2.011          -1.983          -6.430           13.416
   37 (vir)     1          10.980          -2.010          -1.984          -6.430           13.417
   38 (vir)     1          11.324          -0.813          -1.886          -6.048           14.674
   39 (vir)     1          13.796          -2.142          -3.123          -8.323           16.853
   40 (vir)     1          15.921          -1.932          -1.501          -6.134           18.621
   41 (vir)     1          15.921          -1.931          -1.504          -6.134           18.620
   42 (vir)     1          15.934          -1.950          -1.821          -6.835           18.998
   43 (vir)     1          15.934          -1.952          -1.820          -6.835           18.996
   44 (vir)     1          16.539          -2.147          -3.132          -8.809           20.070
   45 (vir)     1          17.323          -1.256          -0.468          -4.166           19.765
   46 (vir)     1          17.323          -1.257          -0.467          -4.166           19.765
   47 (vir)     1          19.985          -2.873          -3.060          -9.622           23.674
   48 (vir)     1          23.669          -1.163          -1.690          -7.525           28.341
   49 (vir)     1          23.669          -1.157          -1.690          -7.525           28.347
   50 (vir)     1          26.416          -5.917          -4.567         -13.166           29.098
   51 (vir)     1          32.138          -1.069          -3.886         -12.288           39.471
   52 (vir)     1          32.138          -1.070          -3.889         -12.288           39.468
   53 (vir)     1          32.711          -0.279          -2.333          -9.355           39.454
   54 (vir)     1          32.711          -0.280          -2.332          -9.355           39.454
   55 (vir)     1          33.058           0.567          -1.466          -7.699           39.858
   56 (vir)     1          33.058           0.567          -1.465          -7.699           39.858
   57 (vir)     1          33.472          -6.094          -3.452         -10.871           34.796
   58 (vir)     1          37.112          -0.017          -2.515          -9.835           44.416
   59 (vir)     1          40.032          -0.309          -2.731         -10.592           47.583
   60 (vir)     1          40.032          -0.310          -2.733         -10.592           47.580
   61 (vir)     1          40.207           2.535          -3.074         -11.471           51.139
   62 (vir)     1          40.207           2.546          -3.073         -11.471           51.150
   63 (vir)     1          42.340           5.427          -3.113         -12.552           57.205
   64 (vir)     1          42.340          -9.447          -3.113         -12.552           42.332
   65 (vir)     1          47.963           1.708          -4.032         -14.389           60.028
   66 (vir)     1          47.963           1.713          -4.035         -14.389           60.030
   67 (vir)     1          52.376           4.247          -2.966         -12.442           66.099
   68 (vir)     1          53.068           2.505          -1.593          -9.714           63.693
   69 (vir)     1          53.068           2.508          -1.592          -9.714           63.698
   70 (vir)     1          54.406           0.258          -2.124         -10.869           63.409
   71 (vir)     1          54.406           0.254          -2.121         -10.869           63.408
   72 (vir)     1          54.574           3.182          -3.912         -14.552           68.396
   73 (vir)     1          63.430           2.615          -2.829         -13.629           76.845
   74 (vir)     1          63.430           2.626          -2.828         -13.629           76.857
   75 (vir)     1          63.507           5.541          -5.391         -17.669           81.326
   76 (vir)     1          73.664           3.945          -3.541         -16.095           90.163
   77 (vir)     1          73.664           3.917          -3.540         -16.095           90.137
   78 (vir)     1          83.531           3.464          -6.745         -19.588           99.838
   79 (vir)     1          85.289           2.664          -4.560         -18.102          101.496
   80 (vir)     1          87.025           3.018         -12.965         -27.202          104.280
   81 (vir)     1          87.025           3.020         -12.965         -27.202          104.283
   82 (vir)     1          92.668           2.979          -5.056         -18.537          109.129
   83 (vir)     1          92.668           2.985          -5.061         -18.537          109.129
   84 (vir)     1          93.598          -4.856         -10.348         -26.310          104.703
   85 (vir)     1         105.047           3.603          -8.451         -24.464          124.663
   86 (vir)     1         105.449           1.024          -5.975         -22.250          122.748
   87 (vir)     1         105.451           1.023          -5.978         -22.249          122.744
   88 (vir)     1         116.310           1.434          -5.395         -21.791          134.139
   89 (vir)     1         116.310           1.435          -5.397         -21.791          134.138
   90 (vir)     1         143.639           1.413          -5.175         -22.722          162.600
   91 (vir)     1         223.683           3.507          -2.216         -17.243          242.218
   92 (vir)     1         236.813          11.006          -1.047         -13.540          260.313
   93 (vir)     1         250.269           0.051          -9.845         -27.328          267.803
   94 (vir)     1         250.269           0.051          -9.846         -27.328          267.802
   95 (vir)     1         253.933           0.072          -9.736         -27.448          271.717
   96 (vir)     1         253.933           0.072          -9.735         -27.448          271.718
   97 (vir)     1         258.466           0.109          -9.461         -27.450          276.564
   98 (vir)     1         258.466           0.109          -9.461         -27.450          276.564
   99 (vir)     1         260.026           0.133          -9.277         -27.387          278.269
  100 (vir)     1         366.570          -0.023          -5.362         -26.757          387.942
  101 (vir)     1         366.570          -0.023          -5.362         -26.757          387.943
  102 (vir)     1         366.790          -0.221          -5.168         -26.662          388.063
  103 (vir)     1         366.790          -0.221          -5.168         -26.662          388.063
  104 (vir)     1         366.802           0.342          -5.468         -26.796          388.472
  105 (vir)     1         366.803           0.342          -5.469         -26.796          388.472
  106 (vir)     1         367.473          -0.224          -5.184         -26.592          388.657
  107 (vir)     1         367.473          -0.224          -5.184         -26.592          388.656
  108 (vir)     1         367.912          -0.232          -5.242         -26.549          388.988
 
