 
  kpoint:       1             coordinate:     0.0000    0.0000    0.0000                  spin:  1
 
    n           k   ϵ_nk^DFT (eV)     Σ^c_nk (eV)     Σ^x_nk (eV)    v_nk^xc (eV)   ϵ_nk^G0W0 (eV)
 
    1 (occ)     1         -26.016           8.850         -28.087         -17.186          -28.067
    2 (occ)     1         -24.483           8.441         -27.799         -17.191          -26.650
    3 (occ)     1         -23.416           7.962         -27.698         -17.382          -25.770
    4 (occ)     1         -22.217           7.414         -27.643         -17.730          -24.715
    5 (occ)     1         -21.394           7.353         -27.647         -17.943          -23.745
    6 (occ)     1         -18.985           5.945         -25.183         -16.490          -21.734
    7 (occ)     1         -16.590           4.404         -23.921         -16.597          -19.511
    8 (occ)     1         -16.150           4.350         -23.818         -16.569          -19.049
    9 (occ)     1         -15.652           4.025         -23.721         -16.765          -18.583
   10 (occ)     1         -14.457           3.381         -22.934         -16.590          -17.421
   11 (occ)     1         -13.714           3.001         -22.751         -16.695          -16.769
   12 (occ)     1         -12.740           2.778         -22.349         -16.474          -15.838
   13 (occ)     1         -12.362           2.707         -23.095         -17.505          -15.246
   14 (occ)     1         -11.552           3.761         -19.781         -14.306          -13.266
   15 (occ)     1         -11.266           2.471         -21.980         -16.591          -14.183
   16 (occ)     1         -10.830           2.336         -22.037         -16.760          -13.771
   17 (occ)     1         -10.198           2.283         -21.459         -16.182          -13.192
   18 (occ)     1          -9.968           3.066         -19.586         -14.695          -11.793
   19 (occ)     1          -8.839           2.440         -19.128         -14.770          -10.758
   20 (occ)     1          -7.536           3.165         -22.048         -16.410          -10.009
   21 (occ)     1          -7.293           1.760         -19.701         -15.809           -9.425
   22 (occ)     1          -6.697           2.681         -21.775         -16.592           -9.200
   23 (occ)     1          -6.673           0.938         -18.074         -15.062           -8.746
   24 (occ)     1          -5.845           2.434         -21.561         -16.688           -8.284
   25 (occ)     1          -5.526           0.476         -17.662         -15.107           -7.606
   26 (vir)     1          -1.700          -2.450          -9.135         -14.073            0.787
   27 (vir)     1          -1.014          -2.773          -9.100         -14.359            1.472
   28 (vir)     1          -0.572          -1.022          -1.499          -4.016            0.922
   29 (vir)     1          -0.349          -1.030          -1.732          -4.257            1.147
   30 (vir)     1          -0.292          -3.130          -8.279         -13.826            2.124
   31 (vir)     1           0.182          -0.761          -0.964          -2.948            1.404
   32 (vir)     1           0.464          -0.822          -1.008          -3.107            1.740
   33 (vir)     1           0.497          -0.876          -1.189          -3.391            1.823
   34 (vir)     1           0.537          -0.616          -0.576          -2.216            1.561
   35 (vir)     1           0.876          -0.777          -0.980          -3.007            2.126
   36 (vir)     1           1.148          -0.563          -0.709          -2.249            2.125
   37 (vir)     1           1.372          -0.534          -0.530          -2.016            2.324
   38 (vir)     1           1.421          -0.704          -0.831          -2.706            2.594
   39 (vir)     1           1.536          -0.717          -0.873          -2.777            2.724
   40 (vir)     1           1.867          -0.795          -0.844          -2.849            3.077
   41 (vir)     1           2.068          -0.878          -1.070          -3.066            3.186
   42 (vir)     1           2.241          -0.751          -0.883          -2.811            3.418
   43 (vir)     1           2.259          -0.630          -0.633          -2.280            3.275
   44 (vir)     1           2.279          -0.977          -1.372          -3.740            3.670
   45 (vir)     1           2.547          -0.905          -1.319          -3.514            3.837
   46 (vir)     1           2.709          -0.595          -0.518          -2.101            3.696
   47 (vir)     1           2.889          -0.789          -0.974          -2.912            4.038
   48 (vir)     1           3.075          -1.176          -1.930          -4.485            4.454
   49 (vir)     1           3.158          -4.558          -6.193         -12.439            4.846
   50 (vir)     1           3.209          -1.778          -2.992          -6.395            4.834
   51 (vir)     1           3.505          -1.225          -1.868          -4.524            4.935
   52 (vir)     1           3.567          -0.624          -0.582          -2.251            4.612
   53 (vir)     1           3.631          -1.172          -1.729          -4.306            5.036
   54 (vir)     1           3.693          -0.788          -0.995          -2.943            4.852
   55 (vir)     1           3.860          -0.832          -1.011          -3.126            5.143
   56 (vir)     1           3.985          -1.276          -1.998          -4.827            5.538
   57 (vir)     1           4.017          -0.706          -0.742          -2.588            5.157
   58 (vir)     1           4.151          -1.956          -3.965          -7.950            6.180
   59 (vir)     1           4.192          -0.620          -0.508          -2.175            5.239
   60 (vir)     1           4.399          -1.139          -1.553          -4.103            5.810
   61 (vir)     1           4.577          -1.174          -1.670          -4.278            6.012
   62 (vir)     1           4.811          -1.180          -1.722          -4.358            6.266
   63 (vir)     1           4.873          -0.571          -0.410          -2.043            5.935
   64 (vir)     1           5.025          -1.756          -2.696          -6.239            6.812
   65 (vir)     1           5.201          -1.247          -1.902          -4.699            6.752
   66 (vir)     1           5.529          -1.324          -1.240          -4.109            7.073
   67 (vir)     1           5.541          -0.970          -1.107          -3.439            6.904
   68 (vir)     1           5.664          -1.557          -2.490          -5.834            7.450
   69 (vir)     1           5.824          -2.180          -3.631          -7.937            7.950
   70 (vir)     1           6.172          -1.651          -2.287          -5.744            7.978
   71 (vir)     1           6.273          -1.305          -1.430          -4.335            7.874
   72 (vir)     1           6.293          -1.281          -1.415          -4.258            7.854
   73 (vir)     1           6.527          -1.301          -1.149          -4.003            8.079
   74 (vir)     1           6.814          -1.442          -1.262          -4.394            8.505
   75 (vir)     1           6.917          -1.808          -2.582          -6.299            8.826
   76 (vir)     1           7.055          -3.325          -5.401         -11.314            9.644
   77 (vir)     1           7.538          -2.085          -2.845          -6.852            9.460
   78 (vir)     1           7.664          -2.067          -2.805          -6.780            9.572
   79 (vir)     1           7.767          -1.410          -1.123          -4.028            9.262
   80 (vir)     1           8.083          -2.403          -3.184          -7.663           10.159
   81 (vir)     1           8.172          -2.289          -2.172          -6.201            9.912
   82 (vir)     1           8.311          -2.976          -4.074          -9.251           10.511
   83 (vir)     1           8.493          -2.513          -3.756          -8.451           10.675
   84 (vir)     1           8.619          -1.770          -2.130          -5.709           10.428
   85 (vir)     1           8.787          -1.088          -0.734          -3.265           10.231
   86 (vir)     1           9.003          -3.837          -5.755         -12.189           11.601
   87 (vir)     1           9.475          -1.803          -1.398          -4.722           10.996
   88 (vir)     1           9.630          -2.505          -2.899          -7.584           11.809
   89 (vir)     1           9.783          -1.736          -1.456          -4.858           11.448
   90 (vir)     1          10.075          -2.623          -3.032          -7.783           12.203
   91 (vir)     1          10.128          -2.472          -2.902          -7.579           12.334
   92 (vir)     1          10.446          -2.610          -2.530          -7.149           12.456
   93 (vir)     1          10.546          -2.367          -2.170          -6.379           12.389
   94 (vir)     1          10.571          -2.181          -2.405          -6.572           12.557
   95 (vir)     1          11.045          -2.341          -2.606          -7.020           13.117
   96 (vir)     1          11.233          -1.778          -1.600          -5.262           13.117
   97 (vir)     1          11.399          -2.923          -1.447          -5.170           12.199
   98 (vir)     1          11.972          -2.422          -2.461          -6.970           14.059
   99 (vir)     1          12.218          -2.771          -2.595          -7.423           14.275
  100 (vir)     1          12.329          -2.840          -2.139          -6.663           14.014
  101 (vir)     1          12.675          -3.800          -1.874          -6.733           13.735
  102 (vir)     1          12.982          -2.970          -2.009          -6.709           14.712
  103 (vir)     1          13.018          -2.775          -2.676          -7.762           15.329
  104 (vir)     1          13.107          -2.678          -2.291          -7.023           15.161
  105 (vir)     1          13.257          -4.918          -1.865          -6.450           12.923
  106 (vir)     1          13.572          -2.683          -2.261          -7.094           15.722
  107 (vir)     1          13.823          -3.874          -3.904         -10.219           16.262
  108 (vir)     1          14.170          -3.324          -3.159          -8.699           16.387
  109 (vir)     1          14.435          -4.263          -3.847         -10.612           16.937
  110 (vir)     1          14.522          -2.981          -2.731          -8.016           16.826
  111 (vir)     1          14.832          -3.609          -3.301          -9.299           17.220
  112 (vir)     1          15.243          -3.608          -3.051          -9.016           17.601
  113 (vir)     1          15.449          -3.460          -3.039          -8.964           17.913
  114 (vir)     1          15.625          -4.275          -1.793          -6.752           16.310
  115 (vir)     1          15.790          -2.710          -1.877          -6.809           18.012
  116 (vir)     1          15.890          -4.845          -4.257         -11.755           18.542
  117 (vir)     1          16.589          -3.364          -2.714          -8.432           18.942
  118 (vir)     1          16.864          -3.967          -1.776          -6.686           17.806
  119 (vir)     1          16.927          -3.557          -1.579          -6.265           18.056
  120 (vir)     1          17.132          -3.213          -2.295          -7.771           19.395
  121 (vir)     1          17.479          -3.505          -2.971          -8.856           19.860
  122 (vir)     1          18.239          -3.175          -2.169          -7.450           20.345
  123 (vir)     1          18.308          -4.350          -2.136          -7.659           19.480
  124 (vir)     1          18.652          -3.107          -1.957          -7.211           20.799
  125 (vir)     1          18.873          -4.122          -2.041          -7.570           20.280
  126 (vir)     1          19.418          -3.164          -1.927          -7.476           21.803
  127 (vir)     1          19.456          -2.708          -1.780          -6.539           21.508
  128 (vir)     1          19.938          -3.420          -2.156          -7.763           22.125
  129 (vir)     1          20.087          -4.225          -2.042          -7.596           21.415
  130 (vir)     1          20.280          -3.165          -1.951          -7.168           22.332
  131 (vir)     1          20.374          -3.233          -1.912          -7.098           22.326
  132 (vir)     1          20.510          -3.241          -2.073          -7.636           22.833
  133 (vir)     1          20.715          -4.959          -2.187          -8.164           21.732
  134 (vir)     1          21.094          -3.717          -2.080          -8.037           23.334
  135 (vir)     1          21.495          -1.575          -1.971          -7.788           25.738
  136 (vir)     1          21.603          -3.402          -2.379          -8.049           23.871
  137 (vir)     1          21.829          -4.863          -1.784          -7.636           22.818
  138 (vir)     1          21.892          -3.971          -2.506          -8.747           24.161
  139 (vir)     1          22.328          -4.117          -2.612          -9.050           24.648
  140 (vir)     1          22.878          -3.952          -2.505          -8.690           25.112
  141 (vir)     1          23.665          -3.899          -2.047          -8.175           25.894
  142 (vir)     1          23.707          -4.609          -2.125          -8.051           25.024
  143 (vir)     1          24.099          -3.543          -1.614          -7.042           25.984
  144 (vir)     1          24.351          -5.024          -1.542          -7.006           24.791
  145 (vir)     1          24.624          -3.968          -2.080          -8.158           26.735
  146 (vir)     1          25.266          -4.278          -2.455          -8.805           27.338
  147 (vir)     1          25.328          -5.246          -2.075          -8.190           26.197
  148 (vir)     1          25.599          -4.234          -2.167          -8.260           27.458
  149 (vir)     1          26.141          -5.243          -2.459          -8.975           27.415
  150 (vir)     1          26.710          -4.830          -2.011          -8.293           28.162
  151 (vir)     1          26.733          -4.921          -2.006          -8.284           28.090
  152 (vir)     1          27.063          -6.213          -2.432          -8.993           27.410
  153 (vir)     1          27.127          -4.750          -2.200          -8.451           28.629
  154 (vir)     1          27.359          -4.241          -2.095          -8.400           29.422
  155 (vir)     1          27.787          -4.045          -1.924          -8.000           29.818
  156 (vir)     1          28.205          -2.160          -2.236          -8.825           32.634
  157 (vir)     1          28.861          -4.942          -2.140          -8.393           30.172
  158 (vir)     1          28.986          -7.574          -2.527          -9.087           27.973
  159 (vir)     1          29.374          -4.705          -2.298          -8.864           31.235
  160 (vir)     1          29.524          -4.541          -1.955          -8.460           31.488
  161 (vir)     1          30.250          -1.231          -2.696          -9.851           36.174
  162 (vir)     1          30.848          -4.620          -2.189          -8.757           32.796
  163 (vir)     1          31.712          -5.007          -2.336          -9.161           33.530
  164 (vir)     1          32.968          -5.014          -1.980          -8.532           34.505
  165 (vir)     1          33.093          -5.020          -2.337          -9.276           35.012
  166 (vir)     1          33.894           0.671          -2.251          -9.242           41.556
  167 (vir)     1          34.750          -5.951          -2.631         -10.125           36.294
  168 (vir)     1          35.109          -6.850          -2.509          -9.789           35.539
  169 (vir)     1          35.577          -7.410          -2.617          -9.993           35.543
  170 (vir)     1          37.007          -7.253          -3.174         -11.420           37.999
  171 (vir)     1          37.468          -7.859          -3.492         -11.594           37.710
  172 (vir)     1          37.898          -6.281          -2.483          -9.876           39.010
  173 (vir)     1          38.280          -7.059          -2.612         -10.347           38.956
  174 (vir)     1          38.684         -11.868          -3.112         -11.643           35.347
  175 (vir)     1          39.075         -10.332          -3.149         -11.594           37.189
  176 (vir)     1          39.239          -8.356          -2.622         -10.660           38.920
  177 (vir)     1          39.611          -8.115          -2.984         -11.191           39.703
  178 (vir)     1          40.755          -8.408          -2.848         -11.057           40.557
  179 (vir)     1          40.910         -11.683          -3.173         -11.583           37.637
  180 (vir)     1          41.160          -7.808          -3.103         -11.352           41.601
  181 (vir)     1          42.722          -9.557          -3.277         -12.462           42.350
  182 (vir)     1          42.801           3.883          -3.331         -12.572           55.924
  183 (vir)     1          43.160          -9.597          -2.663         -11.100           42.000
  184 (vir)     1          43.923          -9.509          -3.033         -11.699           43.081
  185 (vir)     1          44.231           4.311          -3.202         -12.267           57.608
  186 (vir)     1          44.575         -10.874          -3.425         -12.784           43.059
  187 (vir)     1          45.337          -9.867          -2.782         -11.499           44.187
  188 (vir)     1          45.618         -10.579          -2.655         -11.160           43.543
  189 (vir)     1          45.823          -8.860          -3.272         -12.563           46.254
  190 (vir)     1          46.413         -12.079          -3.301         -12.525           43.559
  191 (vir)     1          46.765         -11.874          -3.444         -13.150           44.597
  192 (vir)     1          47.320         -11.279          -3.326         -12.766           45.480
  193 (vir)     1          48.104         -11.410          -2.841         -12.109           45.962
  194 (vir)     1          48.974         -12.365          -3.504         -13.554           46.659
  195 (vir)     1          49.308         -11.855          -2.828         -12.205           46.829
  196 (vir)     1          49.675           3.652          -2.927         -12.703           63.103
  197 (vir)     1          50.573         -12.111          -3.196         -12.961           48.227
  198 (vir)     1          50.896           6.553          -3.185         -13.328           67.593
  199 (vir)     1          51.621          -7.138          -3.687         -13.870           54.665
  200 (vir)     1          51.820           4.324          -3.250         -13.269           66.163
  201 (vir)     1          52.008           4.476          -2.881         -12.408           66.012
  202 (vir)     1          52.337         -12.835          -3.025         -12.780           49.257
  203 (vir)     1          52.639          -4.613          -3.288         -13.691           58.429
  204 (vir)     1          53.162          -3.344          -3.653         -14.262           60.427
  205 (vir)     1          53.435          -1.977          -2.794         -12.534           61.198
  206 (vir)     1          54.402           4.448          -2.825         -12.650           68.676
  207 (vir)     1          54.502         -10.445          -2.748         -12.743           54.052
  208 (vir)     1          55.558           4.634          -2.721         -12.367           69.838
  209 (vir)     1          55.714         -12.221          -2.857         -12.837           53.473
  210 (vir)     1          55.806          -0.728          -2.932         -12.950           65.096
  211 (vir)     1          56.441           3.689          -3.077         -13.276           70.329
  212 (vir)     1          56.909           4.370          -3.154         -13.622           71.748
  213 (vir)     1          57.266           5.178          -3.151         -13.698           72.991
  214 (vir)     1          58.194           4.561          -2.839         -13.138           73.055
  215 (vir)     1          58.244           5.088          -2.824         -13.030           73.539
  216 (vir)     1          58.460           4.371          -2.784         -13.018           73.065
  217 (vir)     1          58.597           4.657          -2.784         -13.126           73.596
  218 (vir)     1          59.055         -10.839          -2.767         -13.168           58.617
  219 (vir)     1          59.185         -10.607          -3.002         -13.397           58.973
  220 (vir)     1          59.638           2.529          -2.936         -13.418           72.649
  221 (vir)     1          60.158           3.717          -2.674         -13.139           74.341
  222 (vir)     1          60.468         -11.582          -2.918         -13.457           59.424
  223 (vir)     1          60.688           5.449          -3.054         -13.917           77.000
  224 (vir)     1          61.217           0.972          -3.087         -13.735           72.838
  225 (vir)     1          61.374           4.407          -2.774         -13.162           76.169
  226 (vir)     1          62.017           1.766          -2.805         -13.371           74.350
  227 (vir)     1          62.256           4.745          -2.746         -13.309           77.563
  228 (vir)     1          62.817           4.374          -2.585         -13.654           78.260
  229 (vir)     1          63.066           4.880          -2.892         -13.978           79.032
  230 (vir)     1          64.086           5.258          -2.598         -13.327           80.074
  231 (vir)     1          64.219           4.579          -2.480         -13.087           79.405
  232 (vir)     1          64.897           2.482          -2.755         -13.560           78.184
  233 (vir)     1          65.062           3.926          -2.549         -13.160           79.599
  234 (vir)     1          65.299           4.097          -2.573         -13.401           80.224
  235 (vir)     1          65.385           3.205          -2.398         -13.127           79.318
  236 (vir)     1          65.636           4.704          -2.893         -13.970           81.417
  237 (vir)     1          66.697           5.628          -2.680         -13.622           83.267
  238 (vir)     1          66.915           4.660          -2.476         -13.084           82.184
  239 (vir)     1          67.709           4.739          -2.602         -13.814           83.660
  240 (vir)     1          67.757           3.999          -2.377         -13.351           82.731
  241 (vir)     1          68.132           3.706          -2.421         -13.687           83.104
  242 (vir)     1          68.747           4.094          -2.399         -13.120           83.562
  243 (vir)     1          69.022           4.494          -2.612         -13.550           84.455
  244 (vir)     1          70.241           4.529          -2.570         -13.682           85.882
  245 (vir)     1          71.307           4.010          -2.139         -13.198           86.377
  246 (vir)     1          71.391           5.034          -2.356         -13.453           87.522
  247 (vir)     1          71.876           5.121          -2.657         -13.974           88.314
  248 (vir)     1          72.136           4.089          -2.231         -13.555           87.549
  249 (vir)     1          72.943           4.374          -2.525         -13.708           88.500
  250 (vir)     1          73.350           5.468          -2.763         -14.570           90.625
  251 (vir)     1          73.808           4.374          -2.268         -13.682           89.596
  252 (vir)     1          74.352           5.226          -2.695         -14.358           91.240
  253 (vir)     1          74.739           4.905          -2.153         -13.506           90.997
  254 (vir)     1          75.154           4.273          -2.471         -13.938           90.894
  255 (vir)     1          75.567           4.755          -2.162         -13.469           91.629
  256 (vir)     1          75.754           5.171          -2.823         -14.659           92.761
  257 (vir)     1          76.660           5.260          -2.184         -13.974           93.709
  258 (vir)     1          76.973           5.148          -2.491         -14.155           93.785
  259 (vir)     1          77.307           4.561          -2.899         -15.235           94.205
  260 (vir)     1          77.489           5.329          -2.316         -14.215           94.717
  261 (vir)     1          78.086           4.618          -2.445         -14.078           94.337
  262 (vir)     1          78.171           4.663          -2.535         -14.423           94.722
  263 (vir)     1          79.131           4.897          -2.487         -14.301           95.842
  264 (vir)     1          79.585           4.783          -2.416         -14.515           96.467
  265 (vir)     1          80.444           4.734          -2.465         -14.614           97.327
  266 (vir)     1          81.453           4.018          -2.459         -14.530           97.542
  267 (vir)     1          81.822           3.951          -2.546         -14.822           98.049
  268 (vir)     1          81.925           3.770          -2.528         -14.439           97.607
  269 (vir)     1          82.429           4.490          -2.586         -14.612           98.945
  270 (vir)     1          82.826           3.867          -2.429         -14.595           98.859
  271 (vir)     1          82.937           4.566          -2.909         -15.563          100.156
  272 (vir)     1          83.399           3.993          -2.418         -14.646           99.620
  273 (vir)     1          84.185           5.007          -2.568         -15.160          101.784
  274 (vir)     1          85.167           4.141          -2.353         -14.438          101.393
  275 (vir)     1          85.382           4.148          -2.405         -14.902          102.027
  276 (vir)     1          85.917           3.459          -2.142         -14.123          101.357
  277 (vir)     1          86.008           4.873          -2.376         -15.128          103.634
  278 (vir)     1          86.061           4.201          -2.414         -14.678          102.527
  279 (vir)     1          86.835           4.155          -2.330         -14.157          102.816
  280 (vir)     1          87.328           4.273          -2.402         -14.906          104.105
  281 (vir)     1          87.599           4.435          -2.468         -14.915          104.481
  282 (vir)     1          89.007           4.698          -2.623         -15.552          106.634
  283 (vir)     1          89.286           3.951          -2.546         -15.686          106.377
  284 (vir)     1          90.047           3.936          -2.247         -14.452          106.188
  285 (vir)     1          90.957           4.088          -2.511         -15.409          107.943
  286 (vir)     1          91.184           3.511          -2.462         -15.525          107.758
  287 (vir)     1          91.523           3.681          -2.570         -15.001          107.634
  288 (vir)     1          92.421           3.625          -2.504         -15.486          109.028
  289 (vir)     1          93.022           3.560          -2.433         -15.243          109.392
  290 (vir)     1          93.925           4.246          -2.419         -15.157          110.909
  291 (vir)     1          96.080           3.929          -2.373         -15.149          112.785
  292 (vir)     1          96.662           3.111          -2.370         -15.450          112.853
  293 (vir)     1          97.245           3.334          -2.366         -15.835          114.048
  294 (vir)     1          97.413           3.742          -2.489         -15.446          114.111
  295 (vir)     1          97.997           3.731          -2.183         -14.857          114.401
  296 (vir)     1          98.479           3.686          -2.328         -15.061          114.897
  297 (vir)     1          99.430           2.484          -1.699         -13.237          113.453
  298 (vir)     1         100.059           3.135          -2.054         -14.461          115.601
  299 (vir)     1         101.544           3.044          -2.126         -14.572          117.033
  300 (vir)     1         101.759           3.593          -2.495         -15.625          118.481
  301 (vir)     1         103.681           3.635          -2.358         -15.426          120.384
  302 (vir)     1         105.782           3.357          -2.408         -15.853          122.584
  303 (vir)     1         106.323           3.484          -1.964         -14.437          122.281
  304 (vir)     1         109.388           3.039          -2.586         -16.599          126.441
  305 (vir)     1         110.078           3.031          -2.264         -15.375          126.220
  306 (vir)     1         113.429           2.546          -2.193         -15.589          129.372
  307 (vir)     1         116.878           3.044          -2.248         -16.117          133.791
  308 (vir)     1         117.822           3.007          -2.462         -16.854          135.221
  309 (vir)     1         120.067           2.544          -2.458         -16.622          136.775
  310 (vir)     1         121.051           2.775          -2.396         -16.594          138.024
  311 (vir)     1         122.211           2.681          -2.289         -16.445          139.048
  312 (vir)     1         122.642           2.610          -2.140         -15.970          139.083
  313 (vir)     1         126.960           2.323          -2.304         -16.506          143.485
  314 (vir)     1         130.034           2.496          -2.420         -17.042          147.153
  315 (vir)     1         131.753           2.753          -2.609         -17.750          149.647
  316 (vir)     1         133.062           2.357          -2.460         -17.176          150.134
  317 (vir)     1         137.534           2.471          -2.256         -16.873          154.623
  318 (vir)     1         138.222           2.390          -2.124         -16.496          154.984
  319 (vir)     1         140.885           2.507          -2.098         -16.874          158.167
  320 (vir)     1         143.111           2.434          -2.030         -16.409          159.925
  321 (vir)     1         153.910           2.648          -1.727         -15.876          170.707
  322 (vir)     1         161.987           2.709          -1.518         -15.257          178.435
  323 (vir)     1         163.347           2.646          -1.576         -15.605          180.023
  324 (vir)     1         163.935           2.522          -1.637         -15.855          180.676
  325 (vir)     1         167.055           2.329          -1.375         -14.910          182.918
  326 (vir)     1         209.878           4.930          -1.276         -16.249          229.781
  327 (vir)     1         224.491           5.333          -1.311         -17.375          245.888
  328 (vir)     1         228.775           5.676          -1.247         -17.433          250.636
  329 (vir)     1         237.465           6.157          -1.065         -16.874          259.432
  330 (vir)     1         239.707           8.762          -0.757         -14.350          262.062
  331 (vir)     1         240.946           7.709          -0.825         -15.123          262.953
  332 (vir)     1         241.537           9.638          -0.712         -14.150          264.614
  333 (vir)     1         242.539          11.109          -0.679         -13.690          266.660
  334 (vir)     1         243.466          11.731          -0.628         -13.667          268.235
  335 (vir)     1         245.470           6.926          -0.948         -16.256          267.704
 
