 
  kpoint:       1             coordinate:     0.0000    0.0000    0.0000                  spin:  1
 
    n           k   ϵ_nk^DFT (eV)     Σ^c_nk (eV)     Σ^x_nk (eV)    v_nk^xc (eV)   ϵ_nk^G0W0 (eV)
 
    1 (occ)     1         -26.780           9.139         -31.573         -19.664          -29.550
    2 (occ)     1         -21.360           7.280         -25.620         -15.840          -23.860
    3 (occ)     1         -18.762           6.021         -24.819         -15.910          -21.650
    4 (occ)     1         -18.319           5.914         -24.669         -15.872          -21.202
    5 (occ)     1         -15.646           4.268         -23.405         -16.051          -18.733
    6 (occ)     1         -14.844           4.111         -23.255         -16.046          -17.942
    7 (occ)     1         -13.663           3.178         -22.511         -16.188          -16.809
    8 (occ)     1         -12.237           2.952         -21.480         -15.347          -15.418
    9 (occ)     1         -11.549           2.932         -22.260         -16.330          -14.547
   10 (occ)     1         -10.863           2.366         -20.935         -15.311          -14.121
   11 (occ)     1         -10.287           2.297         -20.390         -15.074          -13.306
   12 (occ)     1         -10.186           3.047         -20.563         -14.978          -12.724
   13 (occ)     1          -9.383           2.705         -23.369         -17.458          -12.589
   14 (occ)     1          -8.713           1.785         -20.847         -15.955          -11.820
   15 (occ)     1          -8.206           1.825         -21.286         -16.328          -11.339
   16 (occ)     1          -8.195           2.323         -19.800         -14.969          -10.703
   17 (occ)     1          -6.348           0.376         -15.846         -13.152           -8.665
   18 (occ)     1          -5.625           0.686         -18.093         -15.029           -8.003
   19 (vir)     1          -1.345          -2.222          -7.651         -12.485            1.266
   20 (vir)     1          -0.699          -2.317          -7.828         -12.730            1.886
   21 (vir)     1          -0.529          -0.955          -1.688          -4.271            1.099
   22 (vir)     1          -0.161          -0.851          -1.365          -3.690            1.314
   23 (vir)     1           0.182          -0.646          -0.858          -2.717            1.395
   24 (vir)     1           0.583          -0.777          -1.148          -3.286            1.944
   25 (vir)     1           0.723          -0.596          -0.721          -2.428            1.834
   26 (vir)     1           0.857          -0.674          -0.948          -2.893            2.128
   27 (vir)     1           1.074          -0.678          -0.881          -2.860            2.374
   28 (vir)     1           1.376          -0.530          -0.561          -2.147            2.432
   29 (vir)     1           1.475          -0.519          -0.528          -2.082            2.510
   30 (vir)     1           1.652          -0.673          -0.907          -2.807            2.879
   31 (vir)     1           1.834          -0.544          -0.674          -2.404            3.021
   32 (vir)     1           2.453          -0.497          -0.586          -2.038            3.409
   33 (vir)     1           2.509          -0.445          -0.475          -1.808            3.398
   34 (vir)     1           2.575          -0.606          -0.849          -2.630            3.750
   35 (vir)     1           2.698          -0.594          -0.782          -2.603            3.925
   36 (vir)     1           2.807          -0.511          -0.606          -2.235            3.925
   37 (vir)     1           2.887          -1.158          -2.535          -5.282            4.476
   38 (vir)     1           2.965          -3.586          -4.426          -9.728            4.682
   39 (vir)     1           3.179          -0.709          -0.915          -2.837            4.392
   40 (vir)     1           3.255          -0.682          -0.885          -2.762            4.450
   41 (vir)     1           3.313          -0.458          -0.378          -1.845            4.321
   42 (vir)     1           3.435          -0.865          -1.340          -3.501            4.731
   43 (vir)     1           3.618          -1.102          -1.840          -4.463            5.138
   44 (vir)     1           3.896          -1.114          -1.905          -4.626            5.504
   45 (vir)     1           4.092          -1.087          -1.136          -3.150            5.019
   46 (vir)     1           4.529          -1.647          -2.540          -6.075            6.417
   47 (vir)     1           4.847          -1.786          -3.033          -6.817            6.845
   48 (vir)     1           5.166          -1.783          -3.003          -6.753            7.134
   49 (vir)     1           5.545          -1.479          -2.231          -5.562            7.397
   50 (vir)     1           5.617          -1.459          -1.840          -5.237            7.554
   51 (vir)     1           5.673          -1.534          -2.384          -5.762            7.517
   52 (vir)     1           5.995          -1.336          -1.580          -4.709            7.789
   53 (vir)     1           6.189          -1.740          -2.635          -6.586            8.400
   54 (vir)     1           6.338          -1.282          -1.319          -4.425            8.162
   55 (vir)     1           6.500          -1.660          -2.534          -6.379            8.685
   56 (vir)     1           6.929          -1.432          -1.460          -4.739            8.776
   57 (vir)     1           6.953          -2.112          -3.355          -7.737            9.223
   58 (vir)     1           7.159          -0.606          -0.563          -2.616            8.606
   59 (vir)     1           7.416          -0.802          -0.982          -3.343            8.974
   60 (vir)     1           7.664          -1.505          -1.237          -4.578            9.500
   61 (vir)     1           8.134          -2.818          -4.872         -10.441           10.885
   62 (vir)     1           8.200          -1.638          -1.163          -4.579            9.978
   63 (vir)     1           8.558          -1.120          -1.402          -4.295           10.331
   64 (vir)     1           8.636          -1.006          -0.841          -3.586           10.375
   65 (vir)     1           8.755          -2.097          -3.416          -7.856           11.098
   66 (vir)     1           9.152          -1.899          -1.489          -5.252           11.017
   67 (vir)     1           9.293          -2.529          -3.168          -8.026           11.622
   68 (vir)     1           9.368          -0.960          -0.766          -3.290           10.931
   69 (vir)     1           9.464          -2.810          -1.309          -5.245           10.591
   70 (vir)     1           9.592          -2.604          -2.646          -7.358           11.699
   71 (vir)     1          10.048          -2.175          -2.685          -7.166           12.353
   72 (vir)     1          10.578          -0.912          -1.776          -5.782           13.671
   73 (vir)     1          10.897          -2.531          -3.083          -8.096           13.379
   74 (vir)     1          11.285          -2.167          -2.218          -6.534           13.434
   75 (vir)     1          11.561          -2.056          -1.972          -5.918           13.451
   76 (vir)     1          11.790          -2.317          -2.464          -6.989           13.998
   77 (vir)     1          12.056          -1.648          -1.652          -5.274           14.031
   78 (vir)     1          12.649          -2.319          -2.434          -7.010           14.906
   79 (vir)     1          12.975          -2.246          -2.480          -7.060           15.309
   80 (vir)     1          13.751          -2.843          -3.284          -8.770           16.395
   81 (vir)     1          13.882          -3.003          -1.597          -6.478           15.760
   82 (vir)     1          14.387          -3.452          -3.286          -9.201           16.850
   83 (vir)     1          14.544          -1.827          -1.317          -6.173           17.573
   84 (vir)     1          14.722          -4.153          -1.725          -7.015           15.858
   85 (vir)     1          15.008          -3.463          -2.690          -8.354           17.209
   86 (vir)     1          15.162          -4.150          -3.599         -10.233           17.646
   87 (vir)     1          15.164          -4.051          -2.229          -7.933           16.817
   88 (vir)     1          15.297          -3.942          -3.418          -9.746           17.683
   89 (vir)     1          15.347          -3.802          -3.137          -9.267           17.674
   90 (vir)     1          15.639          -3.242          -2.797          -8.392           17.991
   91 (vir)     1          15.900          -2.894          -1.887          -7.188           18.307
   92 (vir)     1          16.030          -3.447          -2.956          -8.956           18.584
   93 (vir)     1          16.930          -3.154          -2.314          -7.863           19.325
   94 (vir)     1          17.062          -3.514          -2.971          -9.020           19.597
   95 (vir)     1          17.886          -2.950          -2.605          -8.115           20.446
   96 (vir)     1          18.383          -4.843          -3.830         -11.306           21.016
   97 (vir)     1          18.992          -3.188          -2.402          -8.186           21.589
   98 (vir)     1          19.293          -3.177          -2.201          -7.916           21.831
   99 (vir)     1          20.120          -3.112          -1.950          -7.457           22.514
  100 (vir)     1          20.271          -3.639          -2.601          -8.720           22.751
  101 (vir)     1          20.513          -2.811          -1.560          -6.729           22.871
  102 (vir)     1          20.844          -3.173          -2.020          -7.488           23.139
  103 (vir)     1          21.111          -3.656          -2.046          -7.909           23.318
  104 (vir)     1          21.254          -3.068          -1.745          -6.967           23.408
  105 (vir)     1          21.338          -2.684          -1.603          -6.513           23.564
  106 (vir)     1          21.580          -3.350          -1.709          -7.357           23.879
  107 (vir)     1          22.262          -3.987          -1.428          -6.821           23.669
  108 (vir)     1          22.573          -3.884          -2.310          -8.775           25.153
  109 (vir)     1          22.583          -4.467          -1.026          -6.340           23.431
  110 (vir)     1          22.669          -4.303          -0.974          -6.162           23.554
  111 (vir)     1          23.980          -4.212          -1.921          -8.160           26.006
  112 (vir)     1          24.771          -4.953          -2.057          -8.684           26.444
  113 (vir)     1          24.948          -3.852          -2.399          -8.800           27.498
  114 (vir)     1          25.598          -3.863          -1.992          -8.309           28.052
  115 (vir)     1          26.565          -3.682          -2.121          -8.116           28.878
  116 (vir)     1          26.795          -3.958          -1.787          -7.609           28.659
  117 (vir)     1          26.965          -4.155          -2.120          -8.582           29.273
  118 (vir)     1          26.971          -2.072          -3.249         -10.175           31.825
  119 (vir)     1          27.250          -3.706          -1.831          -7.574           29.288
  120 (vir)     1          27.626          -4.128          -2.170          -8.581           29.910
  121 (vir)     1          27.845           2.011          -3.278         -10.496           37.073
  122 (vir)     1          28.239          -4.034          -1.812          -7.794           30.187
  123 (vir)     1          28.403          -3.953          -2.389          -9.543           31.604
  124 (vir)     1          28.889          -3.751          -2.060          -8.099           31.177
  125 (vir)     1          29.424          -4.340          -1.882          -8.250           31.452
  126 (vir)     1          30.444          -6.973          -1.986          -8.938           30.422
  127 (vir)     1          30.508          -5.780          -1.703          -8.329           31.354
  128 (vir)     1          30.943          -5.094          -2.235          -9.163           32.777
  129 (vir)     1          30.997          -4.703          -2.102          -8.601           32.793
  130 (vir)     1          31.110          -5.135          -2.015          -8.725           32.685
  131 (vir)     1          31.715          -6.975          -2.126          -9.280           31.893
  132 (vir)     1          31.890          -4.938          -1.778          -7.953           33.127
  133 (vir)     1          33.438           2.204          -2.534         -10.123           43.232
  134 (vir)     1          34.054          -5.311          -2.146          -9.071           35.669
  135 (vir)     1          34.435          -7.148          -2.231          -9.300           34.356
  136 (vir)     1          34.875          -5.785          -1.838          -8.471           35.724
  137 (vir)     1          36.831          -5.411          -2.546          -9.560           38.434
  138 (vir)     1          37.188          -5.906          -1.647          -8.571           38.205
  139 (vir)     1          37.510          -6.203          -1.686          -8.781           38.402
  140 (vir)     1          38.224          -6.402          -1.348          -8.129           38.602
  141 (vir)     1          39.410          -8.154          -3.351         -11.694           39.598
  142 (vir)     1          39.418          -7.339          -2.065          -9.754           39.768
  143 (vir)     1          40.370          -7.870          -2.957         -11.049           40.592
  144 (vir)     1          41.075          -8.743          -3.480         -12.177           41.029
  145 (vir)     1          42.007          -8.527          -2.574         -10.580           41.486
  146 (vir)     1          42.551          -8.587          -2.209          -9.828           41.584
  147 (vir)     1          44.236          -9.109          -3.246         -12.544           44.424
  148 (vir)     1          44.390          -8.142          -2.605         -11.091           44.733
  149 (vir)     1          44.691          -7.862          -2.749         -10.865           44.945
  150 (vir)     1          46.093          -9.240          -2.616         -10.675           44.911
  151 (vir)     1          47.372         -11.056          -3.286         -12.220           45.250
  152 (vir)     1          49.123          -8.755          -2.787         -11.061           48.642
  153 (vir)     1          49.437          -9.846          -3.508         -13.496           49.580
  154 (vir)     1          49.955          -8.937          -2.806         -11.590           49.802
  155 (vir)     1          50.364          -9.055          -2.716         -11.153           49.747
  156 (vir)     1          50.864          -5.113          -2.513         -11.177           54.415
  157 (vir)     1          50.876          -9.389          -3.172         -12.474           50.789
  158 (vir)     1          51.672         -10.318          -2.593         -11.345           50.107
  159 (vir)     1          52.442          -9.308          -2.837         -12.102           52.399
  160 (vir)     1          53.201           4.344          -2.759         -11.803           66.589
  161 (vir)     1          53.459          -8.779          -2.082         -10.588           53.187
  162 (vir)     1          54.480           6.018          -2.943         -12.293           69.848
  163 (vir)     1          54.808           4.131          -2.633         -12.160           68.466
  164 (vir)     1          56.440           3.258          -2.638         -12.316           69.376
  165 (vir)     1          57.180           3.566          -2.695         -12.437           70.487
  166 (vir)     1          57.217           4.800          -3.225         -13.355           72.147
  167 (vir)     1          58.287           4.268          -2.681         -12.115           71.988
  168 (vir)     1          59.948           4.189          -3.175         -13.301           74.264
  169 (vir)     1          60.200           3.261          -2.719         -12.767           73.508
  170 (vir)     1          60.667           3.306          -2.515         -12.642           74.100
  171 (vir)     1          61.580           5.213          -3.034         -13.382           77.141
  172 (vir)     1          62.339           3.836          -3.350         -14.179           77.004
  173 (vir)     1          62.427           4.641          -2.898         -13.249           77.420
  174 (vir)     1          62.703           4.983          -2.772         -13.257           78.172
  175 (vir)     1          62.797           2.845          -3.043         -13.982           76.582
  176 (vir)     1          63.549           1.068          -3.025         -14.232           75.825
  177 (vir)     1          64.400           3.476          -2.829         -13.139           78.186
  178 (vir)     1          65.275           4.587          -2.562         -12.745           80.044
  179 (vir)     1          65.965           3.360          -2.176         -11.714           78.863
  180 (vir)     1          66.444           3.054          -2.323         -12.438           79.612
  181 (vir)     1          67.105           4.009          -2.481         -13.409           82.043
  182 (vir)     1          67.554           3.129          -2.406         -13.154           81.431
  183 (vir)     1          68.497           4.242          -2.700         -13.905           83.944
  184 (vir)     1          68.929           3.142          -2.376         -12.499           82.195
  185 (vir)     1          69.252           4.326          -2.533         -13.758           84.803
  186 (vir)     1          69.542           4.328          -2.935         -14.227           85.162
  187 (vir)     1          70.275           3.795          -2.145         -13.215           85.141
  188 (vir)     1          70.647           4.543          -2.689         -13.782           86.284
  189 (vir)     1          71.286           4.113          -2.189         -13.447           86.657
  190 (vir)     1          72.082           3.634          -2.215         -12.509           86.010
  191 (vir)     1          72.296           5.361          -1.815         -12.991           88.833
  192 (vir)     1          72.516           4.785          -2.491         -13.955           88.765
  193 (vir)     1          73.266           4.748          -1.952         -13.193           89.256
  194 (vir)     1          73.917           3.857          -1.943         -12.551           88.382
  195 (vir)     1          74.396           3.760          -2.239         -12.600           88.517
  196 (vir)     1          74.735           4.047          -2.285         -13.132           89.628
  197 (vir)     1          75.728           3.581          -2.091         -13.145           90.363
  198 (vir)     1          75.949           3.758          -2.302         -13.283           90.687
  199 (vir)     1          77.794           3.275          -1.998         -12.574           91.644
  200 (vir)     1          77.810           3.150          -2.177         -13.261           92.044
  201 (vir)     1          78.422           3.016          -2.105         -13.137           92.471
  202 (vir)     1          78.491           3.824          -2.575         -13.879           93.619
  203 (vir)     1          80.558           3.729          -2.804         -14.287           95.771
  204 (vir)     1          81.959           3.550          -2.488         -13.840           96.860
  205 (vir)     1          82.932           4.046          -2.391         -14.200           98.788
  206 (vir)     1          84.592           3.077          -2.215         -13.369           98.823
  207 (vir)     1          85.617           3.566          -2.695         -14.617          101.104
  208 (vir)     1          88.689           3.014          -2.131         -13.501          103.072
  209 (vir)     1          89.624           2.955          -2.675         -15.012          104.916
  210 (vir)     1          90.527           3.071          -2.354         -14.312          105.556
  211 (vir)     1          91.506           2.946          -2.476         -14.645          106.621
  212 (vir)     1          92.274           2.071          -1.893         -13.220          105.672
  213 (vir)     1          92.528           2.239          -1.907         -13.276          106.135
  214 (vir)     1          92.794           3.092          -2.532         -14.794          108.148
  215 (vir)     1          93.766           3.075          -2.612         -15.021          109.249
  216 (vir)     1          94.292           3.065          -2.588         -14.605          109.374
  217 (vir)     1         100.746           3.125          -2.411         -15.106          116.566
  218 (vir)     1         103.211           2.432          -1.960         -14.019          117.703
  219 (vir)     1         104.351           2.596          -2.054         -14.313          119.206
  220 (vir)     1         104.761           2.806          -2.257         -14.888          120.198
  221 (vir)     1         106.260           1.413          -1.677         -13.346          119.343
  222 (vir)     1         110.640           2.319          -2.078         -14.496          125.377
  223 (vir)     1         111.156           1.562          -1.555         -13.359          124.522
  224 (vir)     1         115.675           2.295          -2.178         -14.894          130.686
  225 (vir)     1         126.473           1.184          -2.057         -16.048          141.648
  226 (vir)     1         126.813           1.797          -1.875         -14.708          141.444
  227 (vir)     1         129.363           1.868          -1.859         -14.674          144.046
  228 (vir)     1         129.908           3.263          -3.907         -19.959          149.224
  229 (vir)     1         131.654           2.234          -2.348         -16.373          147.913
  230 (vir)     1         136.981           3.524          -3.193         -18.745          156.057
  231 (vir)     1         140.622           4.157          -2.900         -18.211          160.090
  232 (vir)     1         153.683           2.776          -1.907         -16.285          170.836
  233 (vir)     1         156.977           2.787          -1.780         -15.947          173.931
  234 (vir)     1         162.326           2.608          -1.706         -15.980          179.208
  235 (vir)     1         164.197           2.573          -1.656         -15.874          180.988
  236 (vir)     1         166.334           2.485          -1.611         -15.768          182.975
  237 (vir)     1         166.796           2.457          -1.613         -15.871          183.511
  238 (vir)     1         179.074           1.146          -2.132         -17.002          195.090
  239 (vir)     1         181.154           1.674          -4.448         -21.590          199.971
  240 (vir)     1         181.615           1.586          -5.216         -23.272          201.257
  241 (vir)     1         183.238           1.691          -5.073         -23.310          203.166
  242 (vir)     1         192.856           1.877          -4.368         -22.708          213.072
  243 (vir)     1         194.182           1.859          -4.433         -22.846          214.455
  244 (vir)     1         204.079           5.727          -1.168         -13.208          221.847
  245 (vir)     1         235.246           6.283          -1.295         -14.728          254.962
  246 (vir)     1         236.092           1.169          -3.092         -21.755          255.923
  247 (vir)     1         238.122           1.098          -3.132         -21.876          257.964
  248 (vir)     1         239.829           2.716          -1.831         -16.959          257.674
  249 (vir)     1         240.351           1.057          -3.215         -22.113          260.306
  250 (vir)     1         240.877           1.238          -2.854         -21.003          260.265
  251 (vir)     1         241.597           1.887          -2.356         -18.873          260.001
  252 (vir)     1         242.965           3.169          -1.916         -17.285          261.502
  253 (vir)     1         244.399           2.818          -0.973         -13.951          260.195
  254 (vir)     1         244.849           3.545          -1.796         -16.984          263.582
  255 (vir)     1         246.438           2.739          -1.980         -17.502          264.699
  256 (vir)     1         247.997           2.178          -2.279         -18.619          266.515
  257 (vir)     1         281.363           4.784          -2.499         -19.029          302.677
 
