 
  kpoint:       1             coordinate:     0.0000    0.0000    0.0000                  spin:  1
 
    n           k   ϵ_nk^DFT (eV)     Σ^c_nk (eV)     Σ^x_nk (eV)    v_nk^xc (eV)   ϵ_nk^G0W0 (eV)
 
    1 (occ)     1         -12.562           2.231         -18.500         -11.968          -16.863
    2 (occ)     1          -8.477           0.856         -17.264         -12.297          -12.589
    3 (occ)     1          -8.477           0.851         -17.242         -12.297          -12.571
    4 (vir)     1          -2.919          -1.854          -2.483          -7.642            0.386
    5 (vir)     1           0.187          -0.353          -0.596          -2.338            1.576
    6 (vir)     1           1.233          -0.289          -0.552          -2.096            2.488
    7 (vir)     1           1.233          -0.295          -0.551          -2.096            2.483
    8 (vir)     1           2.269          -0.571          -0.332          -2.162            3.528
    9 (vir)     1           2.270          -0.519          -1.078          -3.581            4.254
   10 (vir)     1           2.270          -0.516          -1.080          -3.581            4.255
   11 (vir)     1           3.056          -0.858          -1.066          -3.921            5.053
   12 (vir)     1           3.356          -0.414          -0.329          -2.429            5.042
   13 (vir)     1           3.356          -0.417          -0.330          -2.429            5.037
   14 (vir)     1           4.302          -0.564          -0.864          -2.900            5.773
   15 (vir)     1           5.138          -0.794          -1.640          -4.649            7.353
   16 (vir)     1           5.138          -0.801          -1.645          -4.649            7.340
   17 (vir)     1           6.113          -0.275          -0.142          -2.062            7.759
   18 (vir)     1           6.656          -0.583          -1.105          -3.704            8.672
   19 (vir)     1           6.656          -0.579          -1.109          -3.704            8.672
   20 (vir)     1           7.009          -0.589          -0.417          -3.099            9.102
   21 (vir)     1           7.576          -0.501          -0.268          -2.726            9.533
   22 (vir)     1           7.576          -0.511          -0.269          -2.726            9.521
   23 (vir)     1           7.588          -1.153          -0.435          -3.261            9.261
   24 (vir)     1           7.875          -0.263          -0.210          -2.561            9.962
   25 (vir)     1           7.875          -0.292          -0.212          -2.561            9.931
   26 (vir)     1           8.131          -0.774          -0.302          -3.087           10.141
   27 (vir)     1           8.534          -0.646          -0.869          -3.992           11.011
   28 (vir)     1           8.534          -0.647          -0.862          -3.992           11.017
   29 (vir)     1           9.657          -0.831          -0.970          -3.783           11.639
   30 (vir)     1          13.860          -1.104          -0.914          -4.789           16.632
   31 (vir)     1          13.939          -1.787          -1.991          -6.971           17.132
   32 (vir)     1          13.939          -1.843          -1.997          -6.971           17.070
   33 (vir)     1          14.555          -2.744          -2.747          -8.840           17.904
   34 (vir)     1          19.674          -2.298          -1.563          -6.799           22.611
   35 (vir)     1          19.675          -2.148          -1.561          -6.799           22.765
   36 (vir)     1          23.638          -3.362          -2.281          -8.996           26.992
   37 (vir)     1          23.638          -3.387          -2.283          -8.996           26.964
   38 (vir)     1          27.138          -8.206          -2.146          -9.228           26.013
   39 (vir)     1          27.138          -8.031          -2.146          -9.228           26.188
   40 (vir)     1          27.164          -5.785          -0.765          -7.373           27.986
   41 (vir)     1          32.595           2.056          -1.957          -9.882           42.576
   42 (vir)     1          42.127           3.450          -1.978         -10.329           53.928
   43 (vir)     1          43.837           0.224          -2.180         -10.711           52.591
   44 (vir)     1          43.837           0.183          -2.177         -10.711           52.554
   45 (vir)     1          51.587           3.068          -2.257         -10.996           63.395
   46 (vir)     1          51.824           2.129          -1.771         -10.881           63.063
   47 (vir)     1          51.825           2.613          -1.775         -10.881           63.544
   48 (vir)     1          55.279           2.887          -2.078         -11.980           68.068
   49 (vir)     1          55.280           2.561          -2.092         -11.980           67.728
   50 (vir)     1          65.048           0.569          -2.407         -12.668           75.877
   51 (vir)     1          82.232           1.550          -1.880         -12.994           94.897
   52 (vir)     1          82.233           1.751          -1.895         -12.994           95.083
   53 (vir)     1         139.391           3.422          -0.628          -9.802          151.987
   54 (vir)     1         151.233           1.905          -1.813         -16.145          167.470
   55 (vir)     1         154.777           1.980          -1.735         -15.931          170.953
   56 (vir)     1         154.777           2.031          -1.742         -15.931          170.998
 
