 
  kpoint:       1             coordinate:     0.0000    0.0000    0.0000                  spin:  1
 
    n           k   ϵ_nk^DFT (eV)     Σ^c_nk (eV)     Σ^x_nk (eV)    v_nk^xc (eV)   ϵ_nk^G0W0 (eV)
 
    1 (occ)     1         -21.264           7.110         -25.322         -15.568          -23.908
    2 (occ)     1         -17.363           5.623         -24.145         -15.524          -20.360
    3 (occ)     1         -17.327           5.357         -23.571         -15.155          -20.386
    4 (occ)     1         -13.479           3.523         -21.692         -14.923          -16.725
    5 (occ)     1         -12.866           3.212         -21.200         -14.704          -16.150
    6 (occ)     1         -12.590           2.824         -20.389         -14.377          -15.778
    7 (occ)     1         -10.783           3.085         -18.971         -13.677          -12.992
    8 (occ)     1          -9.539           1.911         -20.568         -15.316          -12.880
    9 (occ)     1          -9.025           1.762         -20.407         -15.574          -12.096
   10 (occ)     1          -8.671           1.458         -19.639         -15.110          -11.742
   11 (occ)     1          -8.578           1.521         -19.744         -15.039          -11.762
   12 (occ)     1          -7.405           0.954         -16.794         -13.199          -10.046
   13 (occ)     1          -5.382           0.070         -15.764         -13.065           -8.011
   14 (vir)     1          -1.463          -2.132          -7.367         -12.319            1.356
   15 (vir)     1          -0.229          -0.727          -1.055          -3.227            1.216
   16 (vir)     1           0.248          -0.553          -0.753          -2.480            1.423
   17 (vir)     1           0.251          -0.560          -0.806          -2.561            1.445
   18 (vir)     1           0.554          -0.565          -0.670          -2.462            1.781
   19 (vir)     1           0.720          -2.591          -5.496         -10.659            3.292
   20 (vir)     1           0.844          -0.660          -0.865          -2.839            2.158
   21 (vir)     1           0.898          -0.611          -0.744          -2.614            2.157
   22 (vir)     1           1.082          -0.603          -0.729          -2.668            2.418
   23 (vir)     1           1.410          -0.464          -0.518          -2.051            2.478
   24 (vir)     1           1.523          -0.463          -0.497          -1.986            2.550
   25 (vir)     1           2.098          -0.404          -0.398          -1.784            3.080
   26 (vir)     1           2.123          -0.372          -0.329          -1.667            3.090
   27 (vir)     1           2.605          -0.338          -0.362          -1.549            3.455
   28 (vir)     1           2.652          -0.556          -0.680          -2.443            3.858
   29 (vir)     1           2.816          -0.669          -0.957          -2.637            3.828
   30 (vir)     1           2.928          -0.459          -0.573          -2.204            4.100
   31 (vir)     1           3.204          -0.821          -1.355          -3.552            4.581
   32 (vir)     1           3.430          -0.333          -0.155          -1.533            4.476
   33 (vir)     1           3.586          -1.202          -2.187          -5.235            5.431
   34 (vir)     1           3.641          -1.060          -1.904          -4.655            5.333
   35 (vir)     1           3.815          -1.341          -2.571          -5.849            5.753
   36 (vir)     1           3.833          -1.318          -2.514          -5.759            5.760
   37 (vir)     1           4.002          -0.880          -1.318          -3.697            5.502
   38 (vir)     1           4.320          -1.480          -2.391          -5.935            6.384
   39 (vir)     1           4.397          -1.502          -2.351          -5.730            6.274
   40 (vir)     1           4.548          -0.997          -1.573          -4.132            6.110
   41 (vir)     1           4.890          -1.127          -2.399          -5.212            6.575
   42 (vir)     1           5.345          -1.360          -2.375          -5.711            7.322
   43 (vir)     1           6.065          -1.386          -1.860          -5.176            7.994
   44 (vir)     1           6.069          -1.373          -1.920          -5.245            8.020
   45 (vir)     1           6.262          -0.795          -0.594          -3.118            7.991
   46 (vir)     1           6.384          -1.393          -1.611          -4.999            8.379
   47 (vir)     1           6.539          -1.452          -1.970          -5.317            8.433
   48 (vir)     1           6.737          -1.366          -1.856          -5.274            8.788
   49 (vir)     1           6.987          -1.226          -1.010          -3.964            8.715
   50 (vir)     1           7.691          -1.323          -1.172          -4.385            9.581
   51 (vir)     1           7.826          -1.052          -0.956          -3.851            9.669
   52 (vir)     1           8.050          -0.968          -0.841          -3.520            9.760
   53 (vir)     1           8.197          -1.972          -1.464          -5.323           10.084
   54 (vir)     1           8.526          -3.084          -1.442          -5.500            9.500
   55 (vir)     1           9.152          -1.767          -2.242          -6.085           11.228
   56 (vir)     1           9.862          -2.260          -2.471          -6.929           12.060
   57 (vir)     1           9.956          -1.578          -1.890          -5.317           11.805
   58 (vir)     1          10.289          -2.245          -3.471          -8.376           12.949
   59 (vir)     1          10.487          -1.465          -1.561          -5.055           12.517
   60 (vir)     1          10.557          -1.696          -1.646          -5.301           12.516
   61 (vir)     1          10.822          -2.059          -2.303          -6.352           12.812
   62 (vir)     1          10.981          -1.665          -1.634          -5.259           12.941
   63 (vir)     1          11.324          -1.234          -1.354          -5.385           14.121
   64 (vir)     1          11.338          -2.655          -3.087          -8.268           13.864
   65 (vir)     1          11.933          -1.817          -1.554          -5.398           13.961
   66 (vir)     1          12.139          -1.165          -0.915          -3.929           13.988
   67 (vir)     1          12.241          -2.507          -2.380          -7.113           14.467
   68 (vir)     1          12.621          -1.430          -0.858          -4.252           14.585
   69 (vir)     1          13.309          -2.608          -2.062          -6.953           15.592
   70 (vir)     1          13.671          -2.533          -2.261          -7.002           15.878
   71 (vir)     1          13.764          -3.153          -3.508          -9.377           16.479
   72 (vir)     1          13.814          -1.656          -0.970          -4.707           15.895
   73 (vir)     1          14.704          -2.585          -2.488          -7.615           17.247
   74 (vir)     1          15.020          -4.007          -3.553         -10.151           17.612
   75 (vir)     1          15.451          -2.101          -1.362          -6.383           18.371
   76 (vir)     1          15.815          -3.513          -2.920          -8.962           18.344
   77 (vir)     1          16.155          -3.701          -2.557          -8.629           18.527
   78 (vir)     1          16.268          -4.075          -3.688         -10.564           19.069
   79 (vir)     1          16.487          -3.896          -3.223          -9.787           19.155
   80 (vir)     1          17.783          -3.215          -1.698          -7.223           20.093
   81 (vir)     1          18.092          -3.772          -1.968          -7.718           20.069
   82 (vir)     1          18.567          -3.936          -3.109          -9.600           21.122
   83 (vir)     1          19.057          -1.663          -1.229          -6.331           22.496
   84 (vir)     1          19.403          -2.915          -2.242          -7.703           21.950
   85 (vir)     1          20.177          -3.794          -1.333          -6.413           21.462
   86 (vir)     1          20.273          -3.333          -1.558          -6.929           22.311
   87 (vir)     1          20.344          -3.020          -2.065          -7.521           22.780
   88 (vir)     1          21.466          -4.729          -0.988          -6.067           21.817
   89 (vir)     1          21.576          -3.268          -1.138          -6.353           23.524
   90 (vir)     1          21.609          -3.333          -1.451          -6.811           23.636
   91 (vir)     1          22.113          -4.098          -2.759          -9.396           24.652
   92 (vir)     1          22.152          -3.652          -1.835          -7.359           24.024
   93 (vir)     1          22.889          -2.762          -1.919          -8.556           26.764
   94 (vir)     1          23.821          -3.788          -1.839          -7.730           25.924
   95 (vir)     1          24.995          -1.982          -1.240          -6.469           28.242
   96 (vir)     1          25.195          -4.030          -2.066          -8.369           27.468
   97 (vir)     1          25.444          -3.399          -0.845          -5.993           27.193
   98 (vir)     1          26.121          -1.065          -1.531          -7.380           30.906
   99 (vir)     1          26.157          -1.869          -0.958          -6.461           29.791
  100 (vir)     1          27.400           0.062          -2.309          -8.461           33.614
  101 (vir)     1          28.327          -7.260          -2.103          -9.580           28.544
  102 (vir)     1          28.456          -3.447          -1.368          -6.878           30.519
  103 (vir)     1          29.012          -4.442          -1.919          -8.219           30.870
  104 (vir)     1          29.492          -3.511          -1.141          -6.467           31.307
  105 (vir)     1          29.636          -5.891          -2.246          -9.026           30.525
  106 (vir)     1          30.036          -1.815          -2.387          -9.152           34.986
  107 (vir)     1          30.110          -3.879          -1.668          -7.587           32.150
  108 (vir)     1          30.585          -0.630          -1.584          -8.086           36.459
  109 (vir)     1          31.004          -4.635          -2.130          -8.618           32.857
  110 (vir)     1          31.320          -5.007          -1.700          -7.889           32.502
  111 (vir)     1          32.233          -5.371          -2.138          -9.197           33.921
  112 (vir)     1          33.144          -4.601          -3.143         -10.723           36.124
  113 (vir)     1          34.206          -5.015          -1.189          -7.056           35.058
  114 (vir)     1          34.309          -5.925          -1.558          -8.140           34.966
  115 (vir)     1          34.716           3.634          -2.554          -9.951           45.747
  116 (vir)     1          36.265          -6.324          -1.873          -8.894           36.961
  117 (vir)     1          37.256          -6.477          -2.207         -10.073           38.644
  118 (vir)     1          37.733          -1.572          -2.298          -9.291           43.154
  119 (vir)     1          37.800          -6.270          -2.092          -9.554           38.993
  120 (vir)     1          38.431          -6.649          -2.222         -10.043           39.602
  121 (vir)     1          38.995          -6.387          -1.713          -8.626           39.521
  122 (vir)     1          42.848         -10.133          -1.726          -8.928           39.917
  123 (vir)     1          44.428          -9.209          -2.096         -10.150           43.273
  124 (vir)     1          44.444          -9.315          -2.164         -10.130           43.095
  125 (vir)     1          45.393           2.530          -1.846          -9.349           55.426
  126 (vir)     1          45.535         -12.063          -2.756         -11.264           41.981
  127 (vir)     1          45.560         -11.425          -3.135         -12.243           43.243
  128 (vir)     1          45.982          -3.369          -1.789          -9.517           50.341
  129 (vir)     1          46.248         -11.466          -2.794         -11.425           43.413
  130 (vir)     1          48.072          -8.991          -2.415         -10.811           47.477
  131 (vir)     1          49.046          -9.101          -3.022         -11.993           48.916
  132 (vir)     1          50.668           3.834          -2.949         -12.631           64.184
  133 (vir)     1          51.694          -1.961          -2.637         -12.171           59.268
  134 (vir)     1          53.281          -0.660          -3.069         -12.773           62.325
  135 (vir)     1          54.482           4.623          -2.644         -11.797           68.257
  136 (vir)     1          54.888           4.775          -2.535         -12.071           69.199
  137 (vir)     1          56.332           4.115          -1.995         -10.663           69.114
  138 (vir)     1          56.962           3.400          -2.720         -12.589           70.231
  139 (vir)     1          57.704           4.132          -1.991         -11.301           71.146
  140 (vir)     1          58.152           2.332          -2.811         -13.061           70.733
  141 (vir)     1          58.484           2.577          -2.440         -11.890           70.511
  142 (vir)     1          58.538           1.307          -2.864         -13.040           70.021
  143 (vir)     1          59.448           2.757          -2.563         -12.486           72.128
  144 (vir)     1          60.104           5.693          -2.720         -13.125           76.201
  145 (vir)     1          62.730          -3.490          -2.606         -13.301           69.935
  146 (vir)     1          63.393           1.893          -2.913         -13.742           76.114
  147 (vir)     1          63.522           3.372          -2.402         -12.338           76.830
  148 (vir)     1          64.633           1.478          -2.293         -12.173           75.990
  149 (vir)     1          64.708           4.045          -2.383         -12.889           79.259
  150 (vir)     1          65.075           3.066          -2.316         -12.253           78.078
  151 (vir)     1          65.867           2.841          -2.196         -12.069           78.581
  152 (vir)     1          67.075           3.313          -1.937         -12.118           80.569
  153 (vir)     1          67.383           4.071          -2.748         -14.049           82.755
  154 (vir)     1          68.167           4.437          -2.356         -13.373           83.621
  155 (vir)     1          69.612           3.813          -1.995         -11.979           83.408
  156 (vir)     1          70.635           4.744          -2.400         -13.673           86.651
  157 (vir)     1          71.044           4.536          -2.170         -13.393           86.802
  158 (vir)     1          71.435           3.900          -2.240         -13.120           86.215
  159 (vir)     1          72.042           3.190          -2.125         -12.960           86.067
  160 (vir)     1          72.086           4.572          -1.919         -12.966           87.704
  161 (vir)     1          72.302           3.981          -2.240         -13.186           87.230
  162 (vir)     1          72.645           3.645          -2.321         -13.216           87.186
  163 (vir)     1          75.350           4.083          -2.003         -13.155           90.584
  164 (vir)     1          75.435           2.963          -2.543         -13.587           89.442
  165 (vir)     1          75.986           3.088          -2.031         -13.159           90.202
  166 (vir)     1          76.068           3.987          -2.266         -13.496           91.285
  167 (vir)     1          77.941           3.014          -2.170         -13.424           92.208
  168 (vir)     1          79.064           3.347          -2.780         -14.556           94.186
  169 (vir)     1          79.179           3.719          -2.544         -14.394           94.748
  170 (vir)     1          81.829           2.455          -1.761         -12.060           94.583
  171 (vir)     1          83.675           3.133          -2.131         -13.422           98.099
  172 (vir)     1          86.170           3.242          -2.035         -13.479          100.856
  173 (vir)     1          86.414           1.671          -2.010         -13.154           99.230
  174 (vir)     1          86.867           3.079          -1.764         -12.697          100.878
  175 (vir)     1          89.427           2.652          -2.150         -13.779          103.707
  176 (vir)     1          90.167           1.621          -1.924         -13.196          103.060
  177 (vir)     1          91.030           2.590          -2.373         -14.494          105.741
  178 (vir)     1          92.200           2.133          -2.171         -13.940          106.102
  179 (vir)     1          93.077           2.858          -2.393         -14.556          108.098
  180 (vir)     1          98.409           2.483          -2.604         -15.342          113.629
  181 (vir)     1          99.988           2.850          -2.317         -14.817          115.338
  182 (vir)     1         105.236           2.419          -2.277         -15.054          120.432
  183 (vir)     1         108.160           2.257          -2.067         -14.505          122.856
  184 (vir)     1         113.712           2.073          -1.989         -14.407          128.202
  185 (vir)     1         117.740           1.333          -2.032         -15.296          132.337
  186 (vir)     1         118.719           2.110          -2.424         -16.240          134.646
  187 (vir)     1         122.540           1.920          -1.950         -14.753          137.263
  188 (vir)     1         137.550           1.269          -1.513         -14.619          151.925
  189 (vir)     1         156.255           2.256          -1.740         -15.872          172.642
  190 (vir)     1         163.062           2.346          -1.648         -15.789          179.549
  191 (vir)     1         163.264           2.548          -1.691         -16.063          180.184
  192 (vir)     1         163.689           2.733          -1.631         -15.743          180.534
  193 (vir)     1         165.005           2.633          -1.609         -15.743          181.772
  194 (vir)     1         165.362           2.554          -1.612         -15.823          182.127
  195 (vir)     1         202.966           6.344          -0.919         -12.339          220.730
  196 (vir)     1         239.312          -3.172          -0.858         -13.323          248.605
  197 (vir)     1         241.246          -1.920          -0.879         -13.453          251.900
  198 (vir)     1         243.933          -0.386          -0.875         -13.548          256.221
  199 (vir)     1         244.438           1.594          -0.878         -13.584          258.737
 
