 
  kpoint:       1             coordinate:     0.0000    0.0000    0.0000                  spin:  1
 
    n           k   ϵ_nk^DFT (eV)     Σ^c_nk (eV)     Σ^x_nk (eV)    v_nk^xc (eV)   ϵ_nk^G0W0 (eV)
 
    1 (occ)     1         -27.367           8.847         -31.759         -19.983          -30.296
    2 (occ)     1         -14.232           3.577         -25.359         -17.846          -18.169
    3 (occ)     1         -10.664           1.116         -22.454         -17.310          -14.692
    4 (occ)     1         -10.664           1.117         -22.443         -17.310          -14.680
    5 (occ)     1          -9.293           1.337         -20.364         -15.023          -13.297
    6 (vir)     1          -3.280          -1.726          -8.065         -14.305            1.235
    7 (vir)     1          -3.280          -1.723          -8.066         -14.305            1.236
    8 (vir)     1           0.733          -0.247          -0.602          -2.318            2.203
    9 (vir)     1           1.075          -0.296          -0.460          -2.136            2.455
   10 (vir)     1           1.075          -0.296          -0.460          -2.136            2.455
   11 (vir)     1           2.415          -0.078          -0.114          -1.042            3.266
   12 (vir)     1           2.571          -0.096          -0.206          -1.281            3.551
   13 (vir)     1           2.571          -0.096          -0.206          -1.281            3.551
   14 (vir)     1           3.594          -0.069          -0.047          -0.931            4.409
   15 (vir)     1           3.594          -0.067          -0.047          -0.931            4.410
   16 (vir)     1           4.688          -1.185          -3.167          -7.486            7.821
   17 (vir)     1           7.432          -2.526          -5.312         -11.639           11.233
   18 (vir)     1          11.740          -1.992          -3.413          -8.819           15.155
   19 (vir)     1          12.994          -1.842          -1.794          -6.424           15.782
   20 (vir)     1          12.994          -1.842          -1.794          -6.424           15.781
   21 (vir)     1          15.529          -1.298          -2.279          -7.487           19.439
   22 (vir)     1          16.166          -0.520          -0.985          -4.860           19.521
   23 (vir)     1          16.166          -0.521          -0.985          -4.860           19.520
   24 (vir)     1          17.127          -0.150          -0.282          -3.651           20.346
   25 (vir)     1          17.127          -0.197          -0.281          -3.651           20.301
   26 (vir)     1          17.794          -2.907          -3.333         -10.095           21.648
   27 (vir)     1          18.115          -3.829          -2.257          -9.158           21.187
   28 (vir)     1          18.115          -3.810          -2.251          -9.158           21.211
   29 (vir)     1          20.498          -3.833          -2.633          -9.505           23.537
   30 (vir)     1          20.498          -3.832          -2.632          -9.505           23.539
   31 (vir)     1          22.647           0.275          -3.068         -10.604           30.458
   32 (vir)     1          22.647           0.275          -3.068         -10.604           30.458
   33 (vir)     1          31.143           2.345          -4.870         -13.761           42.379
   34 (vir)     1          31.143           2.363          -4.876         -13.761           42.392
   35 (vir)     1          42.800           1.386          -4.793         -13.999           53.392
   36 (vir)     1          43.745           1.255          -4.233         -13.585           54.352
   37 (vir)     1          43.745           1.254          -4.230         -13.585           54.354
   38 (vir)     1          50.122           1.486          -3.223         -12.994           61.378
   39 (vir)     1          59.221           1.518          -4.756         -16.324           72.307
   40 (vir)     1          62.898           1.941          -3.751         -15.022           76.110
   41 (vir)     1          62.898           1.967          -3.759         -15.022           76.128
   42 (vir)     1         108.012           2.353          -2.196         -12.157          120.326
   43 (vir)     1         123.429           2.762          -3.296         -18.244          141.139
   44 (vir)     1         123.429           2.839          -3.284         -18.244          141.228
   45 (vir)     1         128.110           2.458          -2.949         -16.949          144.568
   46 (vir)     1         170.665           1.377          -4.466         -20.584          188.161
   47 (vir)     1         173.813           0.990          -5.091         -22.883          192.596
   48 (vir)     1         173.816           0.985          -5.089         -22.881          192.593
   49 (vir)     1         178.960           1.201          -5.125         -23.137          198.173
   50 (vir)     1         178.960           1.203          -5.147         -23.137          198.153
   51 (vir)     1         200.485           1.221          -2.954         -17.541          216.293
   52 (vir)     1         225.221           0.610          -3.442         -20.713          243.103
   53 (vir)     1         225.221           0.605          -3.440         -20.713          243.100
   54 (vir)     1         225.362           0.394          -3.281         -20.400          242.875
   55 (vir)     1         225.362           0.396          -3.280         -20.400          242.879
   56 (vir)     1         226.421           0.779          -3.486         -21.005          244.718
   57 (vir)     1         226.421           0.781          -3.496         -21.005          244.711
   58 (vir)     1         234.506           0.941          -3.130         -20.047          252.365
 
