 
  kpoint:       1             coordinate:     0.0000    0.0000    0.0000                  spin:  1
 
    n           k   ϵ_nk^DFT (eV)     Σ^c_nk (eV)     Σ^x_nk (eV)    v_nk^xc (eV)   ϵ_nk^G0W0 (eV)
 
    1 (occ)     1         -27.196           9.298         -30.354         -18.673          -29.580
    2 (occ)     1         -26.261           9.484         -31.510         -19.708          -28.579
    3 (occ)     1         -24.754           8.098         -29.139         -18.452          -27.343
    4 (occ)     1         -23.342           7.467         -28.324         -18.124          -26.074
    5 (occ)     1         -20.043           6.086         -25.301         -16.324          -22.934
    6 (occ)     1         -17.412           4.163         -23.731         -16.406          -20.574
    7 (occ)     1         -16.685           4.091         -24.475         -17.274          -19.794
    8 (occ)     1         -15.059           3.207         -22.677         -16.182          -18.348
    9 (occ)     1         -14.025           3.131         -22.925         -16.870          -16.949
   10 (occ)     1         -13.057           2.308         -21.836         -16.077          -16.508
   11 (occ)     1         -12.031           3.132         -20.538         -14.858          -14.578
   12 (occ)     1         -11.708           2.837         -22.871         -16.849          -14.893
   13 (occ)     1         -11.114           3.299         -24.148         -17.634          -14.329
   14 (occ)     1         -10.424           2.660         -23.218         -17.368          -13.615
   15 (occ)     1         -10.244           3.336         -24.946         -18.558          -13.296
   16 (occ)     1         -10.116           2.609         -20.889         -15.831          -12.565
   17 (occ)     1          -9.279           1.846         -19.812         -15.298          -11.948
   18 (occ)     1          -7.130           1.874         -22.282         -17.884           -9.655
   19 (occ)     1          -7.102           3.203         -24.886         -18.865           -9.919
   20 (occ)     1          -6.372           0.787         -18.882         -15.757           -8.710
   21 (occ)     1          -6.273           3.115         -24.996         -19.146           -9.007
   22 (vir)     1          -2.422          -2.258          -9.287         -14.321            0.355
   23 (vir)     1          -1.141          -2.735          -9.789         -15.383            1.718
   24 (vir)     1          -0.953          -1.072          -1.772          -4.538            0.741
   25 (vir)     1          -0.154          -0.893          -1.415          -3.833            1.370
   26 (vir)     1          -0.036          -0.797          -1.241          -3.452            1.378
   27 (vir)     1           0.365          -0.578          -0.550          -2.220            1.456
   28 (vir)     1           0.541          -0.910          -1.506          -3.990            2.115
   29 (vir)     1           0.817          -0.755          -1.118          -3.240            2.185
   30 (vir)     1           1.003          -0.624          -0.852          -2.774            2.300
   31 (vir)     1           1.080          -1.571          -2.679          -5.907            2.736
   32 (vir)     1           1.340          -0.710          -1.333          -3.224            2.522
   33 (vir)     1           1.645          -2.185          -4.092          -8.164            3.532
   34 (vir)     1           1.661          -0.726          -1.149          -3.215            3.001
   35 (vir)     1           1.839          -0.651          -0.964          -2.930            3.154
   36 (vir)     1           2.345          -0.962          -1.660          -4.021            3.743
   37 (vir)     1           2.505          -0.474          -0.466          -1.976            3.541
   38 (vir)     1           2.522          -0.378          -0.382          -1.696            3.458
   39 (vir)     1           2.564          -0.473          -0.494          -1.926            3.522
   40 (vir)     1           2.612          -0.501          -0.562          -2.169            3.718
   41 (vir)     1           2.924          -0.918          -1.516          -3.762            4.252
   42 (vir)     1           2.944          -1.317          -2.459          -5.439            4.607
   43 (vir)     1           2.974          -0.722          -0.806          -2.658            4.105
   44 (vir)     1           3.092          -0.731          -1.019          -3.079            4.421
   45 (vir)     1           3.303          -1.314          -2.616          -5.686            5.059
   46 (vir)     1           3.588          -1.701          -3.330          -7.055            5.613
   47 (vir)     1           3.964          -1.241          -2.114          -5.023            5.632
   48 (vir)     1           4.266          -1.528          -2.934          -6.378            6.181
   49 (vir)     1           4.472          -2.505          -5.382         -10.313            6.898
   50 (vir)     1           4.531          -0.753          -0.831          -2.938            5.885
   51 (vir)     1           4.945          -1.560          -2.745          -6.174            6.814
   52 (vir)     1           5.139          -0.968          -0.948          -3.380            6.603
   53 (vir)     1           5.331          -1.425          -2.350          -5.629            7.185
   54 (vir)     1           5.430          -1.655          -2.497          -6.113            7.391
   55 (vir)     1           5.680          -0.983          -1.313          -3.863            7.248
   56 (vir)     1           5.787          -0.819          -0.786          -3.045            7.227
   57 (vir)     1           6.080          -1.361          -2.485          -5.696            7.930
   58 (vir)     1           6.134          -0.761          -0.804          -2.990            7.558
   59 (vir)     1           6.347          -2.539          -4.861         -10.031            8.979
   60 (vir)     1           6.739          -2.338          -4.021          -8.822            9.202
   61 (vir)     1           6.885          -1.182          -1.223          -4.193            8.672
   62 (vir)     1           7.151          -1.222          -1.693          -4.661            8.897
   63 (vir)     1           7.378          -1.250          -1.026          -4.017            9.120
   64 (vir)     1           7.823          -1.549          -1.850          -5.297            9.720
   65 (vir)     1           7.856          -1.741          -1.592          -5.208            9.731
   66 (vir)     1           8.021          -2.170          -3.286          -7.630           10.196
   67 (vir)     1           8.366          -2.313          -3.566          -8.190           10.677
   68 (vir)     1           8.396          -1.289          -1.006          -3.880            9.981
   69 (vir)     1           8.838          -1.419          -1.788          -5.245           10.876
   70 (vir)     1           8.897          -1.198          -0.951          -3.719           10.467
   71 (vir)     1           9.776          -2.734          -3.779          -8.959           12.223
   72 (vir)     1          10.240          -1.652          -2.382          -6.980           13.186
   73 (vir)     1          10.290          -2.137          -2.623          -6.992           12.522
   74 (vir)     1          10.659          -1.813          -1.922          -5.891           12.815
   75 (vir)     1          11.056          -1.031          -0.915          -3.784           12.894
   76 (vir)     1          11.079          -2.009          -2.140          -6.430           13.360
   77 (vir)     1          11.844          -2.371          -2.830          -7.624           14.267
   78 (vir)     1          11.888          -2.096          -2.458          -6.914           14.247
   79 (vir)     1          12.035          -4.430          -6.068         -13.589           15.125
   80 (vir)     1          12.412          -2.745          -3.035          -8.401           15.033
   81 (vir)     1          13.043          -2.387          -2.773          -7.488           15.371
   82 (vir)     1          13.321          -3.203          -3.107          -8.780           15.791
   83 (vir)     1          13.417          -2.918          -2.115          -7.283           15.666
   84 (vir)     1          13.823          -3.830          -4.023         -10.632           16.601
   85 (vir)     1          13.970          -2.578          -1.972          -6.902           16.321
   86 (vir)     1          14.059          -3.202          -1.839          -7.009           16.027
   87 (vir)     1          14.093          -2.871          -2.748          -8.057           16.532
   88 (vir)     1          14.715          -2.876          -2.636          -8.048           17.251
   89 (vir)     1          14.878          -2.992          -2.642          -8.048           17.292
   90 (vir)     1          14.893          -2.809          -1.768          -6.882           17.198
   91 (vir)     1          15.633          -2.911          -2.691          -8.269           18.299
   92 (vir)     1          16.154          -2.352          -2.159          -7.038           18.681
   93 (vir)     1          16.520          -4.196          -4.078         -11.317           19.563
   94 (vir)     1          17.418          -3.638          -3.643         -10.219           20.357
   95 (vir)     1          17.679          -3.014          -1.650          -6.846           19.861
   96 (vir)     1          18.265          -3.047          -2.483          -8.200           20.936
   97 (vir)     1          18.337          -3.142          -2.683          -8.527           21.039
   98 (vir)     1          18.766          -3.970          -2.887          -9.181           21.089
   99 (vir)     1          19.403          -3.115          -2.202          -7.901           21.988
  100 (vir)     1          19.595          -3.973          -3.151          -9.745           22.216
  101 (vir)     1          20.050          -3.166          -2.159          -7.925           22.651
  102 (vir)     1          20.085          -2.566          -2.204          -7.419           22.734
  103 (vir)     1          20.804          -3.619          -3.252          -9.705           23.638
  104 (vir)     1          21.353          -3.887          -1.830          -7.856           23.492
  105 (vir)     1          21.744          -3.986          -3.026          -9.789           24.521
  106 (vir)     1          21.774          -3.201          -1.651          -7.178           24.100
  107 (vir)     1          21.938          -3.032          -1.865          -7.334           24.376
  108 (vir)     1          22.372          -3.570          -2.261          -8.392           24.932
  109 (vir)     1          22.897          -3.173          -1.556          -6.995           25.163
  110 (vir)     1          22.945          -4.153          -3.362         -10.479           25.909
  111 (vir)     1          23.745          -3.139          -2.455          -8.386           26.537
  112 (vir)     1          24.085          -3.743          -2.259          -8.362           26.445
  113 (vir)     1          24.151          -3.196          -2.536          -8.602           27.021
  114 (vir)     1          24.369          -3.934          -1.856          -7.947           26.527
  115 (vir)     1          24.965          -3.432          -2.345          -8.470           27.658
  116 (vir)     1          25.267          -3.811          -2.433          -8.627           27.650
  117 (vir)     1          25.275          -3.595          -2.703          -9.102           28.080
  118 (vir)     1          25.745          -3.532          -2.482          -8.838           28.569
  119 (vir)     1          26.060          -0.327          -3.265          -9.994           32.463
  120 (vir)     1          27.237          -4.166          -3.107         -10.218           30.182
  121 (vir)     1          27.243          -3.950          -1.909          -8.080           29.464
  122 (vir)     1          27.700          -4.013          -2.148          -8.385           29.924
  123 (vir)     1          29.057          -6.072          -3.154         -10.614           30.445
  124 (vir)     1          29.404          -3.461          -2.151          -8.107           31.898
  125 (vir)     1          30.663          -4.337          -2.151          -8.590           32.766
  126 (vir)     1          30.736          -5.591          -2.895          -9.990           32.240
  127 (vir)     1          32.364          -6.843          -2.923         -10.583           33.182
  128 (vir)     1          34.171          -5.618          -2.925         -10.523           36.151
  129 (vir)     1          34.255          -6.131          -2.945         -10.970           36.149
  130 (vir)     1          34.603          -8.289          -2.847         -11.571           35.038
  131 (vir)     1          35.029          -5.908          -3.310         -11.441           37.252
  132 (vir)     1          35.980          -5.936          -2.984         -10.893           37.953
  133 (vir)     1          37.989          -6.277          -2.652         -10.276           39.337
  134 (vir)     1          38.133          -6.274          -3.574         -11.867           40.153
  135 (vir)     1          39.540          -7.306          -3.831         -12.112           40.516
  136 (vir)     1          39.549          -6.354          -1.940          -8.940           40.196
  137 (vir)     1          39.720          -6.746          -2.941         -10.979           41.012
  138 (vir)     1          40.518          -7.069          -2.700         -10.620           41.369
  139 (vir)     1          41.496          -7.681          -3.083         -11.585           42.316
  140 (vir)     1          42.450          -8.902          -3.670         -12.255           42.133
  141 (vir)     1          42.502          -8.663          -3.269         -12.379           42.949
  142 (vir)     1          42.804          -8.655          -3.611         -12.360           42.898
  143 (vir)     1          43.815          -8.190          -3.213         -11.767           44.180
  144 (vir)     1          45.115         -10.287          -3.696         -12.981           44.113
  145 (vir)     1          45.814         -10.427          -3.274         -12.538           44.652
  146 (vir)     1          45.919         -11.391          -3.808         -13.450           44.170
  147 (vir)     1          46.672          -8.868          -3.658         -12.709           46.855
  148 (vir)     1          46.953         -11.027          -3.619         -12.972           45.279
  149 (vir)     1          47.492         -11.280          -3.183         -12.947           45.976
  150 (vir)     1          48.034         -10.948          -3.942         -13.650           46.794
  151 (vir)     1          48.832         -10.385          -3.501         -12.629           47.574
  152 (vir)     1          49.206          -8.087          -3.579         -12.859           50.399
  153 (vir)     1          49.722         -10.998          -3.582         -13.134           48.275
  154 (vir)     1          50.301           5.795          -4.179         -14.025           65.941
  155 (vir)     1          50.955          -9.061          -3.717         -13.599           51.776
  156 (vir)     1          51.984           5.695          -3.585         -13.168           67.262
  157 (vir)     1          52.372           5.375          -3.354         -13.311           67.704
  158 (vir)     1          53.525          -8.832          -3.619         -13.585           54.659
  159 (vir)     1          53.674         -10.919          -3.439         -12.919           52.235
  160 (vir)     1          54.615         -12.332          -3.304         -13.160           52.139
  161 (vir)     1          55.512           5.214          -3.252         -12.883           70.356
  162 (vir)     1          55.846          -8.550          -2.899         -12.233           56.630
  163 (vir)     1          57.139         -11.195          -3.231         -13.374           56.087
  164 (vir)     1          57.648         -11.876          -3.428         -13.634           55.978
  165 (vir)     1          57.842          -6.415          -3.501         -13.101           61.026
  166 (vir)     1          58.286           4.069          -3.480         -14.051           72.926
  167 (vir)     1          58.392          -9.598          -3.014         -12.974           58.754
  168 (vir)     1          58.756          -8.842          -3.240         -13.003           59.677
  169 (vir)     1          59.236           5.080          -2.957         -13.433           74.792
  170 (vir)     1          59.721           5.585          -3.173         -13.368           75.500
  171 (vir)     1          59.823           4.103          -3.239         -13.730           74.416
  172 (vir)     1          60.332           5.344          -3.169         -13.861           76.368
  173 (vir)     1          61.693           3.579          -3.048         -13.589           75.813
  174 (vir)     1          62.257           5.447          -3.341         -13.870           78.233
  175 (vir)     1          62.992           4.576          -3.307         -13.945           78.207
  176 (vir)     1          64.310           4.549          -3.186         -14.270           79.943
  177 (vir)     1          64.827           3.968          -2.956         -13.545           79.384
  178 (vir)     1          65.225           3.491          -2.896         -13.467           79.287
  179 (vir)     1          66.514           4.945          -3.106         -13.918           82.271
  180 (vir)     1          67.197           5.093          -3.158         -14.265           83.396
  181 (vir)     1          67.618           4.846          -2.980         -13.960           83.445
  182 (vir)     1          67.906           4.078          -2.645         -13.988           83.328
  183 (vir)     1          69.192           4.742          -3.132         -14.269           85.071
  184 (vir)     1          69.321           3.989          -2.586         -13.542           84.266
  185 (vir)     1          69.736           3.690          -2.348         -12.840           83.917
  186 (vir)     1          71.135           4.852          -2.869         -13.833           86.951
  187 (vir)     1          71.606           4.209          -2.790         -13.907           86.932
  188 (vir)     1          72.186           4.299          -2.190         -13.456           87.751
  189 (vir)     1          73.637           4.677          -3.189         -14.997           90.122
  190 (vir)     1          74.013           4.016          -2.492         -13.835           89.371
  191 (vir)     1          75.355           4.920          -2.601         -13.849           91.524
  192 (vir)     1          75.522           4.088          -2.486         -13.146           90.269
  193 (vir)     1          76.111           4.200          -3.466         -15.336           92.182
  194 (vir)     1          76.608           3.969          -2.878         -14.480           92.179
  195 (vir)     1          77.397           4.646          -2.828         -14.497           93.712
  196 (vir)     1          77.859           4.806          -3.188         -15.261           94.737
  197 (vir)     1          78.900           4.634          -3.429         -15.722           95.828
  198 (vir)     1          79.565           3.430          -3.094         -15.333           95.234
  199 (vir)     1          80.430           4.727          -2.692         -14.599           97.064
  200 (vir)     1          81.294           4.157          -2.724         -14.260           96.987
  201 (vir)     1          82.352           3.104          -2.604         -14.514           97.367
  202 (vir)     1          83.041           3.794          -2.860         -14.424           98.398
  203 (vir)     1          84.366           4.018          -2.551         -14.278          100.112
  204 (vir)     1          84.785           3.735          -2.509         -14.283          100.294
  205 (vir)     1          86.128           4.488          -2.835         -15.631          103.412
  206 (vir)     1          86.377           3.364          -2.475         -14.229          101.495
  207 (vir)     1          86.877           4.171          -2.595         -14.528          102.980
  208 (vir)     1          87.445           4.087          -2.584         -14.722          103.670
  209 (vir)     1          89.393           3.829          -2.603         -14.670          105.290
  210 (vir)     1          89.692           2.658          -2.336         -13.989          104.003
  211 (vir)     1          90.210           3.175          -2.723         -14.980          105.642
  212 (vir)     1          90.612           2.982          -2.792         -15.485          106.287
  213 (vir)     1          91.694           3.714          -3.035         -15.805          108.178
  214 (vir)     1          92.920           3.928          -2.924         -15.627          109.550
  215 (vir)     1          95.888           2.658          -2.944         -15.301          110.903
  216 (vir)     1          97.349           2.575          -2.129         -13.613          111.409
  217 (vir)     1         100.374           3.611          -2.718         -15.966          117.233
  218 (vir)     1         101.891           2.796          -2.488         -14.903          117.102
  219 (vir)     1         105.753           3.761          -2.877         -16.601          123.237
  220 (vir)     1         109.669           3.150          -2.722         -16.160          126.257
  221 (vir)     1         113.786           2.532          -2.560         -15.724          129.482
  222 (vir)     1         115.059           2.482          -3.102         -16.926          131.365
  223 (vir)     1         122.724           2.986          -2.893         -17.537          140.355
  224 (vir)     1         127.116           2.733          -2.759         -17.331          144.422
  225 (vir)     1         128.808           3.879          -3.439         -18.896          148.144
  226 (vir)     1         130.707           3.801          -3.565         -19.302          150.245
  227 (vir)     1         131.131           2.833          -2.804         -17.304          148.465
  228 (vir)     1         132.720           3.174          -3.788         -19.597          151.702
  229 (vir)     1         133.803           3.287          -3.829         -19.864          153.125
  230 (vir)     1         136.189           4.314          -3.346         -18.812          155.969
  231 (vir)     1         139.620           3.692          -3.300         -18.876          158.888
  232 (vir)     1         140.807           2.280          -2.716         -17.378          157.749
  233 (vir)     1         152.146           2.560          -1.829         -15.869          168.746
  234 (vir)     1         161.686           2.478          -1.653         -15.676          178.187
  235 (vir)     1         163.312           2.482          -1.568         -15.295          179.521
  236 (vir)     1         164.504           2.403          -1.586         -15.612          180.933
  237 (vir)     1         179.109           1.383          -5.190         -23.133          198.435
  238 (vir)     1         179.501           1.394          -5.143         -23.054          198.806
  239 (vir)     1         179.813           1.353          -5.166         -23.081          199.081
  240 (vir)     1         181.916           1.361          -5.057         -23.034          201.253
  241 (vir)     1         183.503           1.716          -4.933         -23.018          203.305
  242 (vir)     1         184.489           1.696          -4.904         -22.983          204.265
  243 (vir)     1         184.688           1.848          -4.994         -22.971          204.512
  244 (vir)     1         188.817           1.706          -4.957         -23.069          208.635
  245 (vir)     1         190.262           1.571          -5.031         -23.232          210.033
  246 (vir)     1         192.299           1.565          -4.886         -23.057          212.035
  247 (vir)     1         204.919           4.726          -1.833         -15.539          223.352
  248 (vir)     1         229.117           4.877          -2.088         -17.034          248.941
  249 (vir)     1         232.213           4.658          -2.107         -17.210          251.974
  250 (vir)     1         234.221           4.903          -1.946         -16.730          253.907
  251 (vir)     1         236.176           0.896          -3.636         -21.596          255.033
  252 (vir)     1         236.752           4.677          -1.742         -16.047          255.735
  253 (vir)     1         238.677           0.940          -3.619         -21.777          257.776
  254 (vir)     1         239.020           0.900          -3.640         -21.836          258.116
  255 (vir)     1         239.639           0.904          -3.429         -21.157          258.271
  256 (vir)     1         240.372           0.916          -3.729         -22.029          259.588
  257 (vir)     1         240.818           1.067          -3.045         -20.004          258.844
  258 (vir)     1         240.912           0.923          -3.477         -21.345          259.702
  259 (vir)     1         242.533           0.846          -3.689         -22.037          261.727
  260 (vir)     1         242.565           1.985          -2.296         -17.797          260.052
  261 (vir)     1         243.692           1.048          -3.040         -20.079          261.779
  262 (vir)     1         244.422           0.959          -3.560         -21.587          263.409
  263 (vir)     1         244.495           1.106          -3.762         -22.257          264.096
  264 (vir)     1         245.542           1.601          -3.396         -21.157          264.903
  265 (vir)     1         247.066           0.705          -3.729         -22.185          266.226
  266 (vir)     1         251.603           1.816          -2.742         -19.432          270.109
  267 (vir)     1         260.633           4.090          -2.304         -17.922          280.341
  268 (vir)     1         279.011           4.356          -2.692         -19.440          300.115
 
