 
  kpoint:       1             coordinate:     0.0000    0.0000    0.0000                  spin:  1
 
    n           k   ϵ_nk^DFT (eV)     Σ^c_nk (eV)     Σ^x_nk (eV)    v_nk^xc (eV)   ϵ_nk^G0W0 (eV)
 
    1 (occ)     1         -26.341           9.158         -29.151         -17.819          -28.516
    2 (occ)     1         -25.741           8.890         -29.301         -18.167          -27.984
    3 (occ)     1         -25.240           8.552         -29.079         -18.121          -27.647
    4 (occ)     1         -22.979           6.911         -27.557         -17.577          -26.048
    5 (occ)     1         -22.744           7.601         -28.110         -18.019          -25.234
    6 (occ)     1         -21.974           7.051         -27.592         -17.775          -24.740
    7 (occ)     1         -18.935           5.707         -25.310         -16.691          -21.847
    8 (occ)     1         -16.843           4.260         -23.878         -16.622          -19.838
    9 (occ)     1         -16.460           4.035         -24.219         -16.997          -19.646
   10 (occ)     1         -15.578           3.617         -23.657         -16.684          -18.934
   11 (occ)     1         -14.995           3.204         -23.013         -16.677          -18.127
   12 (occ)     1         -13.666           2.963         -22.883         -16.857          -16.729
   13 (occ)     1         -13.533           2.725         -22.855         -16.943          -16.720
   14 (occ)     1         -12.797           2.558         -22.542         -16.633          -16.148
   15 (occ)     1         -12.061           2.900         -22.743         -16.949          -14.955
   16 (occ)     1         -11.812           4.007         -20.237         -14.567          -13.476
   17 (occ)     1         -11.406           2.297         -22.560         -17.327          -14.342
   18 (occ)     1         -10.633           3.236         -20.929         -15.654          -12.673
   19 (occ)     1         -10.577           3.079         -21.322         -16.073          -12.748
   20 (occ)     1         -10.001           3.936         -25.921         -19.106          -12.880
   21 (occ)     1          -9.629           2.605         -20.544         -15.531          -12.037
   22 (occ)     1          -7.819           2.079         -19.596         -15.345           -9.991
   23 (occ)     1          -7.620           2.962         -21.842         -16.386          -10.114
   24 (occ)     1          -7.081           1.460         -19.449         -15.805           -9.265
   25 (occ)     1          -7.042           2.045         -21.525         -17.041           -9.481
   26 (occ)     1          -6.327           2.586         -22.437         -17.155           -9.023
   27 (occ)     1          -5.995           3.139         -24.362         -18.641           -8.577
   28 (occ)     1          -5.289           0.357         -17.805         -15.368           -7.369
   29 (vir)     1          -1.414          -2.551          -9.051         -13.983            0.966
   30 (vir)     1          -1.299          -2.610          -9.446         -14.496            1.142
   31 (vir)     1          -0.999          -1.257          -2.445          -5.387            0.686
   32 (vir)     1          -0.562          -1.015          -1.537          -4.019            0.906
   33 (vir)     1          -0.205          -2.826          -7.519         -12.606            2.057
   34 (vir)     1          -0.094          -1.217          -2.427          -5.259            1.521
   35 (vir)     1           0.278          -0.908          -1.136          -3.368            1.602
   36 (vir)     1           0.426          -0.726          -0.996          -2.878            1.581
   37 (vir)     1           0.483          -0.810          -1.071          -3.124            1.726
   38 (vir)     1           0.750          -1.042          -1.597          -4.140            2.250
   39 (vir)     1           0.960          -0.647          -0.849          -2.575            2.039
   40 (vir)     1           1.227          -0.822          -1.153          -3.277            2.528
   41 (vir)     1           1.349          -0.710          -0.841          -2.728            2.527
   42 (vir)     1           1.469          -0.571          -0.740          -2.337            2.496
   43 (vir)     1           1.668          -0.827          -0.952          -3.062            2.951
   44 (vir)     1           1.882          -0.707          -0.899          -2.730            3.007
   45 (vir)     1           2.045          -0.853          -1.167          -3.268            3.294
   46 (vir)     1           2.100          -0.663          -0.753          -2.511            3.195
   47 (vir)     1           2.322          -0.844          -1.194          -3.329            3.613
   48 (vir)     1           2.583          -2.041          -3.234          -6.813            4.120
   49 (vir)     1           2.613          -0.626          -0.565          -2.273            3.695
   50 (vir)     1           2.696          -0.956          -1.402          -3.516            3.854
   51 (vir)     1           2.820          -1.244          -2.119          -4.897            4.354
   52 (vir)     1           2.985          -2.059          -3.254          -6.849            4.520
   53 (vir)     1           3.129          -1.158          -1.808          -4.318            4.482
   54 (vir)     1           3.183          -1.697          -2.495          -5.628            4.619
   55 (vir)     1           3.240          -1.151          -1.983          -4.506            4.612
   56 (vir)     1           3.323          -1.112          -1.863          -4.383            4.730
   57 (vir)     1           3.484          -1.339          -2.081          -4.938            5.002
   58 (vir)     1           3.689          -1.313          -2.260          -5.059            5.175
   59 (vir)     1           3.719          -0.723          -0.879          -2.759            4.876
   60 (vir)     1           3.816          -1.288          -2.089          -4.917            5.356
   61 (vir)     1           3.936          -1.581          -2.920          -6.273            5.708
   62 (vir)     1           4.050          -1.681          -3.078          -6.526            5.816
   63 (vir)     1           4.239          -1.436          -2.318          -5.363            5.848
   64 (vir)     1           4.344          -0.976          -1.368          -3.697            5.697
   65 (vir)     1           4.427          -0.786          -0.826          -2.776            5.591
   66 (vir)     1           4.526          -1.256          -1.785          -4.526            6.012
   67 (vir)     1           4.882          -1.656          -2.616          -6.007            6.616
   68 (vir)     1           5.089          -1.591          -2.682          -5.963            6.779
   69 (vir)     1           5.207          -0.874          -0.958          -3.112            6.488
   70 (vir)     1           5.380          -1.459          -2.560          -5.667            7.028
   71 (vir)     1           5.467          -1.150          -1.251          -3.910            6.976
   72 (vir)     1           5.691          -1.084          -1.003          -3.458            7.062
   73 (vir)     1           5.888          -1.464          -1.987          -5.143            7.579
   74 (vir)     1           5.996          -1.751          -2.676          -6.252            7.822
   75 (vir)     1           6.239          -1.470          -1.829          -5.098            8.038
   76 (vir)     1           6.263          -1.475          -1.941          -5.018            7.866
   77 (vir)     1           6.499          -2.321          -3.576          -7.931            8.533
   78 (vir)     1           6.598          -2.065          -2.922          -6.925            8.536
   79 (vir)     1           6.862          -1.358          -1.729          -4.793            8.568
   80 (vir)     1           7.056          -1.762          -2.188          -5.837            8.943
   81 (vir)     1           7.206          -1.613          -1.886          -5.238            8.944
   82 (vir)     1           7.297          -1.597          -1.777          -5.144            9.067
   83 (vir)     1           7.399          -2.805          -4.544          -9.617            9.667
   84 (vir)     1           7.503          -1.711          -1.891          -5.355            9.256
   85 (vir)     1           7.705          -2.952          -4.331          -9.548            9.971
   86 (vir)     1           8.003          -1.840          -2.620          -6.432            9.974
   87 (vir)     1           8.192          -1.657          -1.904          -5.439           10.070
   88 (vir)     1           8.588          -2.616          -3.730          -8.561           10.803
   89 (vir)     1           8.955          -1.808          -1.600          -4.997           10.543
   90 (vir)     1           9.041          -2.362          -2.857          -7.154           10.977
   91 (vir)     1           9.244          -2.460          -2.759          -7.306           11.331
   92 (vir)     1           9.374          -1.889          -2.279          -6.121           11.327
   93 (vir)     1           9.662          -2.550          -2.992          -7.574           11.693
   94 (vir)     1           9.722          -2.602          -2.730          -7.260           11.649
   95 (vir)     1          10.000          -2.681          -2.733          -7.414           12.000
   96 (vir)     1          10.283          -2.683          -2.900          -7.690           12.390
   97 (vir)     1          10.474          -3.327          -4.080          -9.812           12.879
   98 (vir)     1          10.694          -2.450          -2.910          -7.437           12.772
   99 (vir)     1          11.238          -2.411          -2.631          -7.211           13.407
  100 (vir)     1          11.332          -2.709          -2.824          -7.785           13.584
  101 (vir)     1          11.462          -2.482          -2.519          -7.127           13.587
  102 (vir)     1          11.688          -2.229          -2.151          -6.437           13.744
  103 (vir)     1          11.722          -2.742          -1.916          -6.478           13.541
  104 (vir)     1          12.255          -2.380          -2.260          -6.655           14.270
  105 (vir)     1          12.370          -2.672          -2.507          -7.379           14.570
  106 (vir)     1          12.493          -2.890          -2.813          -7.966           14.755
  107 (vir)     1          12.645          -2.708          -2.744          -7.641           14.835
  108 (vir)     1          12.721          -2.736          -2.610          -7.448           14.823
  109 (vir)     1          12.873          -2.374          -2.191          -6.738           15.046
  110 (vir)     1          13.113          -2.718          -2.099          -6.826           15.122
  111 (vir)     1          13.546          -2.928          -2.565          -7.740           15.793
  112 (vir)     1          13.805          -2.916          -2.425          -7.350           15.814
  113 (vir)     1          13.931          -2.811          -2.128          -7.024           16.017
  114 (vir)     1          14.194          -3.078          -2.709          -8.119           16.525
  115 (vir)     1          14.464          -3.487          -3.149          -8.976           16.804
  116 (vir)     1          14.758          -3.932          -2.159          -7.299           15.966
  117 (vir)     1          15.148          -5.256          -4.876         -12.830           17.846
  118 (vir)     1          15.552          -3.633          -3.098          -9.017           17.838
  119 (vir)     1          15.793          -4.596          -4.322         -11.568           18.443
  120 (vir)     1          15.932          -4.458          -3.989         -11.050           18.535
  121 (vir)     1          16.345          -3.260          -2.293          -7.655           18.447
  122 (vir)     1          16.675          -3.383          -2.487          -8.165           18.970
  123 (vir)     1          16.848          -2.872          -2.415          -7.595           19.155
  124 (vir)     1          17.086          -2.512          -2.052          -6.788           19.309
  125 (vir)     1          17.227          -2.784          -2.249          -7.252           19.445
  126 (vir)     1          17.628          -1.964          -1.395          -5.312           19.580
  127 (vir)     1          17.931          -3.451          -2.416          -8.021           20.086
  128 (vir)     1          18.030          -3.247          -2.403          -7.873           20.252
  129 (vir)     1          18.344          -3.537          -2.335          -7.961           20.432
  130 (vir)     1          18.790          -2.726          -1.799          -6.737           21.002
  131 (vir)     1          18.935          -3.534          -2.054          -7.560           20.906
  132 (vir)     1          19.335          -3.142          -2.179          -7.520           21.534
  133 (vir)     1          19.859          -3.481          -2.397          -8.163           22.143
  134 (vir)     1          20.164          -3.664          -1.928          -7.381           21.952
  135 (vir)     1          20.507          -4.060          -2.479          -8.606           22.573
  136 (vir)     1          20.672          -3.682          -2.749          -8.842           23.083
  137 (vir)     1          20.868          -3.415          -2.172          -7.728           23.009
  138 (vir)     1          20.929          -3.857          -2.552          -8.826           23.346
  139 (vir)     1          21.221          -3.677          -2.114          -7.918           23.348
  140 (vir)     1          21.461          -3.684          -2.107          -7.781           23.451
  141 (vir)     1          21.567          -3.444          -2.575          -8.527           24.076
  142 (vir)     1          21.779          -3.389          -2.369          -8.137           24.158
  143 (vir)     1          22.161          -3.797          -2.454          -8.532           24.441
  144 (vir)     1          22.255          -4.222          -2.349          -8.497           24.182
  145 (vir)     1          22.746          -3.459          -2.300          -8.188           25.175
  146 (vir)     1          22.850          -4.125          -2.679          -9.166           25.212
  147 (vir)     1          23.121          -4.142          -2.609          -9.155           25.525
  148 (vir)     1          23.664          -3.663          -2.293          -8.201           25.908
  149 (vir)     1          23.904          -4.142          -3.159          -9.820           26.422
  150 (vir)     1          24.127          -3.981          -2.196          -8.228           26.177
  151 (vir)     1          24.438          -3.552          -1.873          -7.619           26.633
  152 (vir)     1          24.575          -3.714          -1.857          -7.579           26.584
  153 (vir)     1          25.106          -4.424          -2.971          -9.897           27.608
  154 (vir)     1          25.374          -4.526          -2.332          -8.682           27.198
  155 (vir)     1          25.746          -4.533          -2.715          -9.517           28.014
  156 (vir)     1          26.064          -4.050          -2.385          -8.601           28.230
  157 (vir)     1          26.250          -4.397          -2.363          -8.648           28.138
  158 (vir)     1          26.801          -4.735          -2.923          -9.832           28.974
  159 (vir)     1          26.977          -4.540          -2.269          -8.682           28.851
  160 (vir)     1          27.256          -4.814          -2.271          -8.688           28.860
  161 (vir)     1          27.506          -5.222          -2.890          -9.578           28.973
  162 (vir)     1          28.377          -4.133          -2.017          -8.127           30.355
  163 (vir)     1          28.510           1.899          -3.184         -10.333           37.558
  164 (vir)     1          28.811          -4.079          -2.178          -8.308           30.862
  165 (vir)     1          28.908          -4.506          -2.143          -8.494           30.754
  166 (vir)     1          29.113          -3.963          -1.986          -8.047           31.211
  167 (vir)     1          30.075          -7.854          -2.663          -9.801           29.360
  168 (vir)     1          30.780          -4.911          -2.506          -9.253           32.616
  169 (vir)     1          31.242          -5.156          -2.460          -9.159           32.785
  170 (vir)     1          31.487          -5.124          -2.410          -8.994           32.947
  171 (vir)     1          31.830          -4.031          -2.018          -8.011           33.792
  172 (vir)     1          32.356          -4.693          -2.338          -9.107           34.432
  173 (vir)     1          34.123          -5.706          -2.793         -10.004           35.627
  174 (vir)     1          34.864          -6.946          -2.534          -9.954           35.338
  175 (vir)     1          35.102          -6.280          -2.937         -10.528           36.414
  176 (vir)     1          35.586          -6.670          -3.121         -11.041           36.837
  177 (vir)     1          35.927          -6.873          -2.969         -10.646           36.731
  178 (vir)     1          36.808          -7.024          -3.310         -11.408           37.883
  179 (vir)     1          37.397          -7.125          -2.784         -10.526           38.015
  180 (vir)     1          38.084          -7.232          -2.811         -10.728           38.770
  181 (vir)     1          38.439          -6.697          -2.636         -10.339           39.445
  182 (vir)     1          39.154          -7.797          -3.565         -11.735           39.526
  183 (vir)     1          39.194          -7.197          -2.962         -11.145           40.179
  184 (vir)     1          40.002          -7.759          -3.153         -11.488           40.577
  185 (vir)     1          40.351          -8.952          -3.257         -11.703           39.845
  186 (vir)     1          41.014           1.844          -3.626         -12.444           51.676
  187 (vir)     1          41.240           4.597          -3.905         -12.630           54.563
  188 (vir)     1          41.962          -8.191          -3.143         -11.487           42.114
  189 (vir)     1          42.143          -8.785          -3.510         -12.304           42.153
  190 (vir)     1          42.584          -8.290          -2.621         -10.552           42.225
  191 (vir)     1          43.363         -10.484          -3.459         -12.797           42.217
  192 (vir)     1          44.051          -9.115          -3.070         -11.581           43.446
  193 (vir)     1          44.330          -8.718          -3.004         -11.701           44.308
  194 (vir)     1          45.233         -10.142          -3.250         -12.505           44.345
  195 (vir)     1          45.475         -10.490          -3.187         -12.281           44.078
  196 (vir)     1          46.195         -11.145          -3.543         -13.069           44.576
  197 (vir)     1          46.388          -9.600          -3.547         -12.592           45.833
  198 (vir)     1          46.705         -10.902          -3.448         -12.992           45.347
  199 (vir)     1          47.413         -10.430          -3.481         -12.838           46.340
  200 (vir)     1          47.535         -10.975          -3.458         -12.856           45.958
  201 (vir)     1          48.144         -11.578          -3.474         -12.891           45.983
  202 (vir)     1          48.667         -11.624          -3.555         -13.286           46.773
  203 (vir)     1          48.969          -9.557          -3.284         -12.735           48.863
  204 (vir)     1          49.340         -10.928          -3.088         -12.492           47.817
  205 (vir)     1          49.487          -8.632          -3.298         -12.903           50.461
  206 (vir)     1          50.323         -11.445          -3.121         -12.616           48.373
  207 (vir)     1          50.584          -8.766          -3.728         -13.365           51.455
  208 (vir)     1          51.111          -9.168          -3.445         -13.102           51.600
  209 (vir)     1          51.437         -11.213          -3.107         -12.448           49.565
  210 (vir)     1          51.523          -9.279          -3.769         -13.879           52.354
  211 (vir)     1          52.042          -9.703          -3.607         -13.274           52.006
  212 (vir)     1          52.402          -8.977          -3.332         -12.984           53.076
  213 (vir)     1          52.486         -11.459          -3.442         -13.048           50.633
  214 (vir)     1          53.143          -7.786          -3.041         -12.595           54.911
  215 (vir)     1          53.461         -10.695          -2.971         -12.521           52.316
  216 (vir)     1          54.136         -12.768          -3.051         -12.882           51.199
  217 (vir)     1          54.573         -12.122          -3.182         -12.895           52.164
  218 (vir)     1          55.085         -11.850          -3.250         -13.273           53.257
  219 (vir)     1          55.545         -11.286          -3.190         -13.271           54.340
  220 (vir)     1          56.230           5.597          -3.551         -13.637           71.914
  221 (vir)     1          56.448           5.566          -3.395         -13.618           72.237
  222 (vir)     1          56.629           5.524          -3.434         -13.521           72.240
  223 (vir)     1          56.860           5.410          -3.142         -13.066           72.193
  224 (vir)     1          56.958           5.654          -3.134         -13.143           72.620
  225 (vir)     1          57.240           4.894          -3.172         -13.326           72.287
  226 (vir)     1          57.403           5.562          -3.146         -13.092           72.912
  227 (vir)     1          57.902           5.194          -3.285         -13.436           73.247
  228 (vir)     1          58.248           4.846          -3.245         -13.409           73.258
  229 (vir)     1          58.902           5.296          -3.024         -12.975           74.149
  230 (vir)     1          59.316           4.588          -2.914         -13.042           74.032
  231 (vir)     1          59.369          -9.381          -3.360         -13.730           60.358
  232 (vir)     1          60.118           5.638          -3.441         -14.250           76.565
  233 (vir)     1          60.264           3.697          -3.183         -13.259           74.038
  234 (vir)     1          60.791           4.981          -2.955         -13.334           76.152
  235 (vir)     1          60.909           4.588          -2.983         -13.297           75.811
  236 (vir)     1          61.202           4.520          -3.094         -13.545           76.173
  237 (vir)     1          61.959           4.818          -3.192         -13.928           77.514
  238 (vir)     1          62.203           4.244          -2.897         -13.147           76.697
  239 (vir)     1          62.853           4.049          -3.004         -13.439           77.337
  240 (vir)     1          63.617           4.631          -2.909         -13.492           78.830
  241 (vir)     1          63.805           4.579          -3.027         -13.551           78.908
  242 (vir)     1          63.910           4.941          -2.822         -13.244           79.273
  243 (vir)     1          64.710           4.375          -2.987         -13.601           79.698
  244 (vir)     1          64.933           3.193          -2.795         -13.448           78.779
  245 (vir)     1          65.158           4.591          -3.364         -14.031           80.415
  246 (vir)     1          65.825           4.637          -2.852         -13.078           80.687
  247 (vir)     1          66.019           4.888          -3.109         -13.722           81.520
  248 (vir)     1          66.536           4.448          -2.898         -13.653           81.739
  249 (vir)     1          67.205           4.950          -2.980         -13.707           82.881
  250 (vir)     1          67.654           4.252          -2.867         -13.662           82.701
  251 (vir)     1          67.826           3.736          -2.638         -13.536           82.460
  252 (vir)     1          68.523           3.802          -2.757         -13.551           83.119
  253 (vir)     1          69.028           4.106          -2.708         -13.364           83.790
  254 (vir)     1          69.397           5.083          -3.034         -14.138           85.585
  255 (vir)     1          70.544           4.164          -2.829         -13.746           85.625
  256 (vir)     1          70.664           4.109          -2.753         -13.802           85.821
  257 (vir)     1          71.218           4.264          -3.067         -14.561           86.976
  258 (vir)     1          71.563           4.304          -3.049         -14.385           87.203
  259 (vir)     1          71.636           4.388          -2.760         -14.032           87.296
  260 (vir)     1          72.058           4.551          -2.549         -13.639           87.699
  261 (vir)     1          72.958           4.433          -2.650         -13.808           88.550
  262 (vir)     1          73.284           4.504          -2.820         -13.966           88.934
  263 (vir)     1          74.036           3.895          -2.956         -14.340           89.315
  264 (vir)     1          74.131           4.343          -2.919         -14.245           89.801
  265 (vir)     1          74.805           4.403          -2.909         -14.182           90.481
  266 (vir)     1          75.000           4.968          -2.744         -13.803           91.026
  267 (vir)     1          75.238           4.148          -2.642         -13.907           90.651
  268 (vir)     1          75.724           4.077          -2.830         -14.116           91.086
  269 (vir)     1          75.992           5.099          -2.764         -14.393           92.720
  270 (vir)     1          76.504           4.109          -2.712         -14.220           92.121
  271 (vir)     1          77.102           4.665          -2.891         -14.543           93.419
  272 (vir)     1          77.392           4.349          -2.788         -14.251           93.204
  273 (vir)     1          77.610           4.146          -2.746         -14.129           93.139
  274 (vir)     1          78.317           4.028          -2.647         -14.027           93.725
  275 (vir)     1          79.005           4.380          -2.713         -14.202           94.875
  276 (vir)     1          79.289           4.239          -2.784         -14.603           95.347
  277 (vir)     1          79.476           4.591          -2.846         -14.778           95.999
  278 (vir)     1          80.960           4.576          -2.829         -14.845           97.552
  279 (vir)     1          81.089           4.793          -2.822         -14.905           97.965
  280 (vir)     1          81.765           3.872          -2.933         -14.974           97.677
  281 (vir)     1          81.887           4.460          -2.979         -15.149           98.517
  282 (vir)     1          82.613           4.542          -2.952         -15.199           99.402
  283 (vir)     1          83.138           3.468          -2.440         -13.940           98.106
  284 (vir)     1          83.462           4.003          -2.776         -14.816           99.504
  285 (vir)     1          83.689           3.502          -2.667         -14.604           99.128
  286 (vir)     1          83.823           3.582          -2.710         -14.705           99.399
  287 (vir)     1          85.361           3.897          -2.632         -14.280          100.906
  288 (vir)     1          85.829           3.335          -2.714         -14.786          101.236
  289 (vir)     1          86.283           4.449          -2.702         -14.946          102.976
  290 (vir)     1          86.456           4.226          -2.707         -14.751          102.726
  291 (vir)     1          86.920           4.599          -2.900         -15.518          104.138
  292 (vir)     1          87.175           4.596          -2.919         -15.527          104.380
  293 (vir)     1          87.222           3.388          -2.750         -15.120          102.979
  294 (vir)     1          87.966           3.651          -2.640         -14.878          103.855
  295 (vir)     1          88.799           4.311          -2.697         -14.794          105.207
  296 (vir)     1          88.867           4.176          -2.788         -15.353          105.608
  297 (vir)     1          89.599           3.834          -3.122         -15.640          105.951
  298 (vir)     1          89.946           3.940          -2.635         -14.966          106.218
  299 (vir)     1          90.898           3.293          -2.788         -15.828          107.230
  300 (vir)     1          92.040           3.365          -2.676         -15.160          107.889
  301 (vir)     1          92.550           3.318          -2.319         -14.033          107.582
  302 (vir)     1          93.068           3.721          -2.677         -15.190          109.303
  303 (vir)     1          93.944           3.611          -2.549         -14.906          109.913
  304 (vir)     1          95.118           3.246          -2.413         -14.771          110.721
  305 (vir)     1          95.677           4.002          -2.762         -15.557          112.474
  306 (vir)     1          96.430           3.021          -2.671         -15.512          112.292
  307 (vir)     1          96.774           3.080          -2.715         -15.338          112.477
  308 (vir)     1          97.656           2.738          -2.157         -13.988          112.224
  309 (vir)     1          98.358           3.052          -2.442         -14.612          113.579
  310 (vir)     1          99.211           3.022          -2.548         -15.228          114.913
  311 (vir)     1         101.321           2.953          -2.487         -14.863          116.649
  312 (vir)     1         101.697           2.795          -2.510         -14.981          116.963
  313 (vir)     1         102.896           3.021          -2.584         -15.160          118.493
  314 (vir)     1         104.376           3.120          -2.734         -15.681          120.443
  315 (vir)     1         106.717           2.745          -2.714         -15.634          122.381
  316 (vir)     1         107.026           2.649          -2.312         -14.593          121.955
  317 (vir)     1         110.350           2.810          -2.653         -15.912          126.419
  318 (vir)     1         112.138           3.006          -2.611         -15.994          128.528
  319 (vir)     1         113.791           2.861          -2.527         -15.800          129.925
  320 (vir)     1         114.469           2.606          -2.806         -16.443          130.712
  321 (vir)     1         116.596           2.547          -2.912         -16.740          132.971
  322 (vir)     1         119.644           3.005          -2.828         -17.127          136.949
  323 (vir)     1         120.238           2.335          -2.695         -16.339          136.217
  324 (vir)     1         123.416           2.528          -2.724         -16.824          140.043
  325 (vir)     1         126.257           2.404          -2.657         -16.804          142.808
  326 (vir)     1         128.498           2.548          -2.698         -17.165          145.514
  327 (vir)     1         128.658           2.633          -2.813         -17.438          145.916
  328 (vir)     1         130.463           2.359          -2.675         -16.990          147.138
  329 (vir)     1         131.839           3.861          -3.479         -19.211          151.431
  330 (vir)     1         132.631           2.162          -2.542         -16.623          148.875
  331 (vir)     1         134.082           2.694          -3.210         -18.484          152.051
  332 (vir)     1         136.572           2.581          -3.052         -17.945          154.046
  333 (vir)     1         138.769           2.677          -2.832         -17.626          156.241
  334 (vir)     1         139.564           2.641          -2.821         -17.653          157.037
  335 (vir)     1         140.802           2.728          -2.759         -17.702          158.472
  336 (vir)     1         141.460           2.489          -2.493         -17.099          158.556
  337 (vir)     1         153.879           2.642          -1.779         -15.709          170.452
  338 (vir)     1         161.596           2.673          -1.577         -15.227          177.919
  339 (vir)     1         163.127           2.562          -1.594         -15.369          179.464
  340 (vir)     1         163.742           2.672          -1.585         -15.534          180.364
  341 (vir)     1         165.035           2.076          -1.552         -15.038          180.597
  342 (vir)     1         180.355           1.423          -5.182         -23.100          199.695
  343 (vir)     1         183.111           1.407          -5.012         -22.951          202.457
  344 (vir)     1         185.997           1.726          -4.861         -22.938          205.800
  345 (vir)     1         188.907           1.764          -5.012         -23.112          208.771
  346 (vir)     1         193.083           1.628          -4.906         -23.088          212.894
  347 (vir)     1         211.618           5.248          -1.913         -16.283          231.236
  348 (vir)     1         225.809           5.773          -2.133         -17.442          246.891
  349 (vir)     1         231.075           5.753          -2.113         -17.639          252.354
  350 (vir)     1         231.454           5.783          -1.943         -16.788          252.082
  351 (vir)     1         237.019           4.460          -2.140         -17.363          256.702
  352 (vir)     1         239.810           1.224          -3.117         -20.249          258.166
  353 (vir)     1         239.920           4.913          -1.618         -15.694          258.909
  354 (vir)     1         240.589          12.950          -1.081         -14.028          266.485
  355 (vir)     1         240.870           0.982          -3.593         -21.691          259.950
  356 (vir)     1         241.810           6.312          -1.643         -15.950          262.429
  357 (vir)     1         242.433          11.787          -1.147         -14.298          267.371
  358 (vir)     1         243.659           1.205          -3.362         -21.146          262.647
  359 (vir)     1         244.544           1.810          -2.550         -18.814          262.618
  360 (vir)     1         245.297           1.333          -2.749         -19.468          263.348
  361 (vir)     1         246.081           1.066          -3.757         -22.296          265.686
  362 (vir)     1         248.173           0.837          -3.672         -22.076          267.414
  363 (vir)     1         254.505           1.878          -2.671         -19.316          273.028
  364 (vir)     1         289.016           4.727          -2.727         -20.032          311.047
 
