 
  kpoint:       1             coordinate:     0.0000    0.0000    0.0000                  spin:  1
 
    n           k   ϵ_nk^DFT (eV)     Σ^c_nk (eV)     Σ^x_nk (eV)    v_nk^xc (eV)   ϵ_nk^G0W0 (eV)
 
    1 (occ)     1         -19.259           5.785         -24.173         -14.922          -22.725
    2 (occ)     1         -16.698           4.641         -23.294         -14.906          -20.446
    3 (occ)     1         -14.252           3.511         -22.105         -14.687          -18.159
    4 (occ)     1         -11.106           1.910         -19.396         -13.674          -14.917
    5 (occ)     1         -10.555           1.755         -19.415         -13.962          -14.252
    6 (occ)     1          -9.642           1.503         -19.465         -14.356          -13.248
    7 (occ)     1          -9.147           1.337         -19.237         -14.088          -12.959
    8 (occ)     1          -8.054           1.094         -18.979         -14.338          -11.601
    9 (occ)     1          -7.983           1.120         -19.306         -14.777          -11.391
   10 (occ)     1          -7.747           1.009         -18.813         -14.042          -11.510
   11 (vir)     1          -0.312          -0.677          -1.207          -3.495            1.299
   12 (vir)     1           0.270          -0.544          -0.888          -2.842            1.679
   13 (vir)     1           0.317          -0.541          -0.798          -2.728            1.706
   14 (vir)     1           0.421          -0.538          -0.847          -2.757            1.793
   15 (vir)     1           1.028          -0.529          -0.833          -2.745            2.410
   16 (vir)     1           1.292          -0.411          -0.538          -2.103            2.446
   17 (vir)     1           1.355          -0.402          -0.436          -2.019            2.536
   18 (vir)     1           1.379          -0.442          -0.685          -2.342            2.594
   19 (vir)     1           1.401          -0.349          -0.395          -1.790            2.447
   20 (vir)     1           2.239          -0.521          -0.796          -2.674            3.595
   21 (vir)     1           2.243          -0.438          -0.638          -2.273            3.440
   22 (vir)     1           2.581          -0.379          -0.402          -1.973            3.774
   23 (vir)     1           2.859          -0.638          -1.021          -3.332            4.531
   24 (vir)     1           3.061          -0.313          -0.270          -1.718            4.196
   25 (vir)     1           3.211          -0.688          -1.176          -3.244            4.591
   26 (vir)     1           3.774          -1.007          -2.020          -5.040            5.788
   27 (vir)     1           3.952          -1.270          -2.711          -6.282            6.252
   28 (vir)     1           4.191          -0.719          -1.138          -3.529            5.863
   29 (vir)     1           4.329          -0.895          -1.495          -4.092            6.031
   30 (vir)     1           4.523          -1.473          -3.195          -6.988            6.843
   31 (vir)     1           4.629          -1.174          -2.130          -5.434            6.759
   32 (vir)     1           4.733          -1.548          -3.220          -7.298            7.263
   33 (vir)     1           4.756          -0.526          -0.406          -2.365            6.189
   34 (vir)     1           4.774          -1.122          -2.376          -5.631            6.907
   35 (vir)     1           4.971          -0.811          -1.291          -3.813            6.682
   36 (vir)     1           5.663          -1.776          -3.441          -8.013            8.458
   37 (vir)     1           5.824          -0.870          -1.171          -3.833            7.617
   38 (vir)     1           5.955          -1.060          -1.494          -4.641            8.042
   39 (vir)     1           6.219          -1.006          -1.373          -4.402            8.242
   40 (vir)     1           6.297          -0.984          -1.250          -4.219            8.282
   41 (vir)     1           6.569          -0.763          -0.910          -3.485            8.381
   42 (vir)     1           6.932          -1.118          -1.459          -4.774            9.128
   43 (vir)     1           6.981          -0.606          -0.469          -2.859            8.765
   44 (vir)     1           7.656          -1.231          -1.994          -5.510            9.940
   45 (vir)     1           7.970          -1.184          -1.860          -5.307           10.233
   46 (vir)     1           8.431          -1.318          -2.031          -5.743           10.826
   47 (vir)     1           8.787          -0.811          -0.597          -3.437           10.815
   48 (vir)     1           9.288          -1.405          -2.152          -6.019           11.750
   49 (vir)     1           9.342          -0.780          -0.456          -3.322           11.429
   50 (vir)     1          10.506          -0.863          -0.377          -3.348           12.614
   51 (vir)     1          11.163          -1.643          -1.536          -5.576           13.560
   52 (vir)     1          11.419          -1.286          -1.786          -5.681           14.027
   53 (vir)     1          11.842          -1.245          -0.902          -4.574           14.269
   54 (vir)     1          12.223          -3.009          -3.070          -8.868           15.012
   55 (vir)     1          12.362          -3.062          -3.064          -8.988           15.224
   56 (vir)     1          12.567          -1.459          -1.293          -5.307           15.122
   57 (vir)     1          12.577          -1.846          -2.227          -6.666           15.169
   58 (vir)     1          13.022          -1.397          -0.994          -4.753           15.384
   59 (vir)     1          13.151          -2.024          -2.139          -6.898           15.886
   60 (vir)     1          13.607          -1.645          -1.695          -5.965           16.232
   61 (vir)     1          13.744          -2.557          -2.836          -8.301           16.652
   62 (vir)     1          13.901          -2.987          -3.007          -9.051           16.959
   63 (vir)     1          14.286          -3.184          -3.190          -9.439           17.352
   64 (vir)     1          14.941          -1.856          -1.161          -5.619           17.543
   65 (vir)     1          15.971          -2.505          -2.051          -7.491           18.907
   66 (vir)     1          16.369          -3.095          -2.843          -8.869           19.300
   67 (vir)     1          16.415          -1.471          -0.915          -4.952           18.981
   68 (vir)     1          17.438          -1.545          -1.611          -5.891           20.172
   69 (vir)     1          17.616          -2.281          -1.638          -6.616           20.314
   70 (vir)     1          18.407          -1.790          -1.256          -5.773           21.135
   71 (vir)     1          18.512          -2.411          -1.168          -6.331           21.263
   72 (vir)     1          18.942          -2.402          -1.427          -6.527           21.641
   73 (vir)     1          20.025          -2.569          -1.461          -6.786           22.781
   74 (vir)     1          20.369          -2.899          -1.859          -7.692           23.304
   75 (vir)     1          21.913          -2.642          -1.724          -7.228           24.775
   76 (vir)     1          22.002          -2.792          -1.625          -7.093           24.678
   77 (vir)     1          22.228          -3.120          -1.795          -7.824           25.137
   78 (vir)     1          22.283          -2.375          -1.312          -6.425           25.020
   79 (vir)     1          22.966          -2.649          -1.379          -6.893           25.831
   80 (vir)     1          23.734          -2.774          -1.253          -6.652           26.358
   81 (vir)     1          24.380          -3.059          -2.356          -8.337           27.302
   82 (vir)     1          24.682          -2.811          -1.924          -7.584           27.530
   83 (vir)     1          25.866          -3.117          -1.356          -6.817           28.210
   84 (vir)     1          26.033          -3.174          -1.416          -7.269           28.713
   85 (vir)     1          26.092          -2.921          -1.673          -7.328           28.826
   86 (vir)     1          28.906          -3.291          -1.745          -7.566           31.436
   87 (vir)     1          28.934          -3.898          -2.183          -8.670           31.523
   88 (vir)     1          28.975          -3.594          -2.183          -8.470           31.668
   89 (vir)     1          31.658          -3.587          -0.921          -6.565           33.715
   90 (vir)     1          31.829          -4.505          -1.860          -7.998           33.462
   91 (vir)     1          33.127          -4.230          -1.849          -8.286           35.335
   92 (vir)     1          34.338          -4.888          -2.445          -9.381           36.387
   93 (vir)     1          34.751          -5.401          -2.845         -10.285           36.789
   94 (vir)     1          35.548          -4.840          -1.650          -8.240           37.298
   95 (vir)     1          35.769          -5.428          -1.572          -8.075           36.844
   96 (vir)     1          36.235          -5.102          -2.126          -9.311           38.318
   97 (vir)     1          36.899          -5.235          -2.251          -9.438           38.849
   98 (vir)     1          38.473          -5.948          -2.268         -10.040           40.297
   99 (vir)     1          39.433          -6.517          -1.829          -9.152           40.240
  100 (vir)     1          41.525          -7.418          -2.470         -10.693           42.329
  101 (vir)     1          42.288          -7.160          -1.505          -9.018           42.641
  102 (vir)     1          42.402          -8.498          -2.377         -11.316           42.843
  103 (vir)     1          44.529          -9.414          -2.863         -12.282           44.534
  104 (vir)     1          45.578          -9.265          -2.702         -11.321           44.932
  105 (vir)     1          47.102          -9.250          -2.257         -10.503           46.099
  106 (vir)     1          48.014         -11.172          -3.136         -12.548           46.254
  107 (vir)     1          49.424         -11.096          -2.728         -11.730           47.330
  108 (vir)     1          50.335         -10.636          -2.123         -10.572           48.148
  109 (vir)     1          50.584         -12.131          -2.655         -12.027           47.825
  110 (vir)     1          53.455          -5.642          -2.509         -12.164           57.467
  111 (vir)     1          53.995          -4.694          -2.681         -12.183           58.803
  112 (vir)     1          54.486          -9.199          -2.561         -12.198           54.924
  113 (vir)     1          55.728          -9.348          -2.529         -12.492           56.343
  114 (vir)     1          56.450           5.027          -2.791         -12.964           71.650
  115 (vir)     1          57.701           5.339          -2.405         -12.769           73.404
  116 (vir)     1          58.337           4.685          -2.242         -12.066           72.845
  117 (vir)     1          58.401           3.822          -1.993         -11.113           71.344
  118 (vir)     1          59.801           4.235          -2.500         -12.404           73.940
  119 (vir)     1          63.092         -11.834          -2.254         -13.332           62.337
  120 (vir)     1          63.689           3.549          -2.541         -12.752           77.449
  121 (vir)     1          64.656           4.115          -2.546         -13.261           79.486
  122 (vir)     1          64.658           4.260          -2.550         -13.286           79.655
  123 (vir)     1          64.724           3.913          -2.550         -13.148           79.235
  124 (vir)     1          65.572           4.418          -2.447         -13.138           80.680
  125 (vir)     1          67.379           3.949          -2.698         -13.683           82.312
  126 (vir)     1          69.155           3.636          -2.281         -12.865           83.375
  127 (vir)     1          69.334           3.794          -2.037         -12.642           83.733
  128 (vir)     1          69.563           3.595          -2.438         -13.314           84.033
  129 (vir)     1          71.163           4.024          -2.320         -13.549           86.416
  130 (vir)     1          71.978           4.152          -2.187         -13.535           87.478
  131 (vir)     1          73.823           3.922          -2.144         -13.346           88.946
  132 (vir)     1          74.055           3.596          -2.223         -13.307           88.735
  133 (vir)     1          75.368           3.233          -2.187         -13.371           89.786
  134 (vir)     1          75.567           3.800          -2.062         -13.442           90.746
  135 (vir)     1          76.112           3.158          -1.968         -12.659           89.961
  136 (vir)     1          77.730           3.331          -2.322         -13.703           92.442
  137 (vir)     1          79.252           3.694          -2.154         -13.895           94.687
  138 (vir)     1          79.594           3.266          -2.527         -14.635           94.967
  139 (vir)     1          82.123           2.831          -2.210         -13.676           96.420
  140 (vir)     1          83.216           3.178          -2.109         -13.738           98.023
  141 (vir)     1          87.372           2.778          -2.331         -14.041          101.861
  142 (vir)     1          97.215           2.451          -2.302         -14.680          112.044
  143 (vir)     1          99.689           2.275          -2.267         -14.930          114.626
  144 (vir)     1         102.492           2.222          -2.167         -14.941          117.488
  145 (vir)     1         105.302           2.156          -1.973         -14.273          119.757
  146 (vir)     1         112.741           1.885          -1.897         -14.340          127.069
  147 (vir)     1         114.437           1.940          -1.910         -14.564          129.031
  148 (vir)     1         114.816           1.974          -1.832         -14.324          129.281
  149 (vir)     1         156.434           2.583          -1.665         -15.721          173.074
  150 (vir)     1         162.479           2.490          -1.640         -15.881          179.210
  151 (vir)     1         162.971           2.529          -1.633         -15.896          179.762
  152 (vir)     1         163.223           2.481          -1.633         -15.900          179.970
  153 (vir)     1         163.579           2.517          -1.643         -15.953          180.406
  154 (vir)     1         163.691           2.544          -1.628         -15.889          180.496
  155 (vir)     1         164.917           2.636          -1.690         -16.243          182.106
  156 (vir)     1         165.733           2.649          -1.650         -16.066          182.797
  157 (vir)     1         206.156           6.983          -0.932         -12.515          224.722
  158 (vir)     1         239.184           0.676          -0.882         -13.385          252.363
  159 (vir)     1         240.986           2.809          -0.896         -13.486          256.385
 
