 
  kpoint:       1             coordinate:     0.0000    0.0000    0.0000                  spin:  1
 
    n           k   ϵ_nk^DFT (eV)     Σ^c_nk (eV)     Σ^x_nk (eV)    v_nk^xc (eV)   ϵ_nk^G0W0 (eV)
 
    1 (occ)     1         -18.493           5.302         -23.838         -14.832          -22.197
    2 (occ)     1         -15.025           3.729         -22.475         -14.707          -19.065
    3 (occ)     1         -10.503           1.579         -19.254         -13.720          -14.459
    4 (occ)     1         -10.503           1.579         -19.254         -13.719          -14.459
    5 (occ)     1          -8.824           1.195         -19.324         -14.680          -12.273
    6 (occ)     1          -8.152           0.958         -18.936         -14.050          -12.079
    7 (occ)     1          -8.151           0.958         -18.935         -14.050          -12.079
    8 (vir)     1          -0.246          -0.590          -1.079          -3.303            1.387
    9 (vir)     1           0.308          -0.490          -0.801          -2.731            1.747
   10 (vir)     1           0.636          -0.424          -0.702          -2.421            1.931
   11 (vir)     1           0.636          -0.424          -0.702          -2.421            1.931
   12 (vir)     1           1.439          -0.310          -0.378          -1.773            2.523
   13 (vir)     1           1.515          -0.392          -0.649          -2.339            2.812
   14 (vir)     1           1.515          -0.392          -0.649          -2.339            2.812
   15 (vir)     1           1.629          -0.266          -0.288          -1.613            2.688
   16 (vir)     1           1.629          -0.265          -0.288          -1.613            2.688
   17 (vir)     1           3.274          -0.375          -0.538          -2.211            4.572
   18 (vir)     1           3.407          -0.666          -1.258          -3.434            4.917
   19 (vir)     1           3.666          -0.910          -1.926          -5.040            5.870
   20 (vir)     1           3.667          -0.910          -1.925          -5.039            5.871
   21 (vir)     1           4.038          -0.302          -0.252          -1.865            5.349
   22 (vir)     1           4.039          -0.302          -0.252          -1.865            5.349
   23 (vir)     1           4.413          -1.015          -2.066          -5.296            6.627
   24 (vir)     1           4.413          -1.015          -2.066          -5.296            6.628
   25 (vir)     1           4.452          -1.226          -2.709          -6.167            6.684
   26 (vir)     1           4.560          -0.676          -1.306          -3.653            6.231
   27 (vir)     1           4.560          -0.676          -1.306          -3.653            6.231
   28 (vir)     1           5.294          -1.380          -2.948          -6.889            7.855
   29 (vir)     1           5.960          -0.942          -1.463          -4.509            8.063
   30 (vir)     1           6.477          -1.039          -1.482          -4.712            8.667
   31 (vir)     1           6.477          -1.039          -1.482          -4.712            8.667
   32 (vir)     1           7.339          -1.075          -1.946          -5.317            9.635
   33 (vir)     1           7.339          -1.075          -1.947          -5.317            9.634
   34 (vir)     1           7.379          -0.525          -0.211          -2.564            9.209
   35 (vir)     1           8.442          -1.061          -1.610          -5.210           10.981
   36 (vir)     1           8.442          -1.061          -1.610          -5.210           10.981
   37 (vir)     1          10.064          -0.778          -0.476          -3.439           12.249
   38 (vir)     1          10.064          -0.777          -0.476          -3.439           12.250
   39 (vir)     1          10.358          -0.751          -0.316          -3.130           12.422
   40 (vir)     1          11.528          -1.161          -0.772          -4.146           13.741
   41 (vir)     1          11.899          -3.793          -4.069         -11.062           15.099
   42 (vir)     1          12.335          -0.958          -0.967          -4.182           14.591
   43 (vir)     1          12.936          -1.938          -2.383          -7.068           15.683
   44 (vir)     1          12.937          -1.938          -2.383          -7.068           15.684
   45 (vir)     1          13.593          -3.185          -3.584         -10.053           16.877
   46 (vir)     1          13.714          -2.528          -2.828          -8.369           16.727
   47 (vir)     1          13.715          -2.528          -2.828          -8.370           16.728
   48 (vir)     1          13.867          -1.309          -0.774          -4.535           16.319
   49 (vir)     1          14.115          -1.225          -0.618          -4.071           16.343
   50 (vir)     1          17.471          -2.237          -0.965          -5.608           19.877
   51 (vir)     1          17.471          -2.241          -0.965          -5.608           19.874
   52 (vir)     1          17.837          -1.893          -1.084          -5.636           20.495
   53 (vir)     1          17.933          -3.168          -2.870          -8.963           20.858
   54 (vir)     1          19.286          -2.025          -1.565          -6.475           22.172
   55 (vir)     1          19.286          -2.024          -1.565          -6.476           22.173
   56 (vir)     1          21.926          -2.266          -1.214          -6.155           24.601
   57 (vir)     1          22.917          -2.895          -1.455          -7.098           25.665
   58 (vir)     1          22.918          -2.896          -1.455          -7.099           25.665
   59 (vir)     1          24.508          -0.066          -0.816          -5.401           29.027
   60 (vir)     1          24.575          -3.675          -2.407          -9.049           27.542
   61 (vir)     1          24.575          -3.673          -2.408          -9.049           27.543
   62 (vir)     1          27.132          -2.851          -0.509          -4.994           28.765
   63 (vir)     1          27.193          -3.080          -1.870          -7.327           29.571
   64 (vir)     1          27.195          -3.071          -1.870          -7.328           29.582
   65 (vir)     1          31.730          -4.025          -2.492          -8.969           34.181
   66 (vir)     1          31.730          -4.025          -2.495          -8.969           34.179
   67 (vir)     1          32.273          -5.415          -1.430          -7.590           33.018
   68 (vir)     1          32.274          -5.366          -1.432          -7.590           33.066
   69 (vir)     1          32.602          -4.082          -2.352          -8.531           34.698
   70 (vir)     1          36.712          -5.371          -2.110          -9.413           38.644
   71 (vir)     1          37.217          -6.519          -3.024         -11.084           38.758
   72 (vir)     1          37.218          -6.512          -3.024         -11.085           38.767
   73 (vir)     1          39.311          -8.151          -3.381         -12.474           40.253
   74 (vir)     1          42.647          -9.844          -3.102         -13.270           42.970
   75 (vir)     1          44.709          -7.893          -2.145         -10.211           44.882
   76 (vir)     1          44.709          -7.925          -2.143         -10.210           44.851
   77 (vir)     1          45.874         -10.029          -3.039         -11.924           44.729
   78 (vir)     1          45.876         -10.015          -3.040         -11.924           44.744
   79 (vir)     1          51.669           2.625          -2.429         -11.619           63.484
   80 (vir)     1          54.404          -3.317          -2.714         -12.618           60.992
   81 (vir)     1          54.406          -2.267          -2.714         -12.618           62.044
   82 (vir)     1          56.355         -11.310          -2.783         -13.964           56.225
   83 (vir)     1          58.044           4.172          -2.211         -11.894           71.898
   84 (vir)     1          58.046           4.150          -2.208         -11.894           71.882
   85 (vir)     1          61.328           3.100          -2.295         -11.763           73.895
   86 (vir)     1          63.513           3.731          -2.690         -13.484           78.038
   87 (vir)     1          63.515           3.731          -2.691         -13.485           78.041
   88 (vir)     1          64.492           3.691          -2.633         -13.288           78.838
   89 (vir)     1          64.492           3.704          -2.634         -13.288           78.851
   90 (vir)     1          67.005           3.592          -2.728         -13.599           81.467
   91 (vir)     1          67.608           3.686          -2.219         -12.798           81.873
   92 (vir)     1          69.589           3.224          -2.503         -13.491           83.801
   93 (vir)     1          69.593           3.205          -2.501         -13.491           83.788
   94 (vir)     1          72.710           2.851          -1.846         -12.163           85.879
   95 (vir)     1          73.361           3.885          -2.148         -13.582           88.680
   96 (vir)     1          73.362           3.872          -2.146         -13.582           88.670
   97 (vir)     1          78.084           3.006          -2.429         -14.188           92.849
   98 (vir)     1          78.086           2.995          -2.428         -14.188           92.841
   99 (vir)     1          82.315           2.766          -2.468         -13.925           96.537
  100 (vir)     1          97.123           2.279          -2.376         -14.735          111.761
  101 (vir)     1          97.128           2.287          -2.377         -14.735          111.773
  102 (vir)     1          98.514           1.997          -2.406         -15.074          113.180
  103 (vir)     1         110.590           1.836          -1.945         -14.067          124.548
  104 (vir)     1         110.594           1.827          -1.944         -14.068          124.545
  105 (vir)     1         154.903           2.511          -1.659         -15.417          171.173
  106 (vir)     1         162.537           2.401          -1.679         -15.873          179.132
  107 (vir)     1         162.539           2.402          -1.679         -15.873          179.134
  108 (vir)     1         163.238           2.427          -1.669         -15.873          179.869
  109 (vir)     1         163.242           2.429          -1.669         -15.872          179.875
  110 (vir)     1         165.230           2.560          -1.705         -16.157          182.243
  111 (vir)     1         197.300           4.585          -1.015         -12.557          213.427
  112 (vir)     1         238.375           2.498          -0.892         -13.345          253.326
 
