 
  kpoint:       1             coordinate:     0.0000    0.0000    0.0000                  spin:  1
 
    n           k   ϵ_nk^DFT (eV)     Σ^c_nk (eV)     Σ^x_nk (eV)    v_nk^xc (eV)   ϵ_nk^G0W0 (eV)
 
    1 (occ)     1         -25.406           9.138         -31.276         -19.509          -28.034
    2 (occ)     1         -18.545           5.141         -24.451         -15.526          -22.329
    3 (occ)     1         -14.915           3.585         -23.155         -15.491          -18.994
    4 (occ)     1         -12.639           2.286         -22.795         -16.576          -16.571
    5 (occ)     1         -11.446           2.097         -20.341         -14.318          -15.371
    6 (occ)     1          -9.759           1.866         -21.309         -15.752          -13.450
    7 (occ)     1          -9.276           1.294         -20.372         -15.375          -12.979
    8 (occ)     1          -8.805           1.396         -19.943         -14.658          -12.694
    9 (occ)     1          -7.906           1.787         -22.368         -16.920          -11.567
   10 (occ)     1          -6.134           2.371         -24.067         -18.020           -9.809
   11 (vir)     1          -0.517          -0.761          -1.635          -4.277            1.365
   12 (vir)     1           0.049          -0.622          -1.320          -3.574            1.680
   13 (vir)     1           0.468          -0.502          -0.843          -2.763            1.886
   14 (vir)     1           0.499          -0.482          -0.784          -2.668            1.901
   15 (vir)     1           1.117          -0.495          -0.912          -2.828            2.539
   16 (vir)     1           1.406          -0.370          -0.531          -2.078            2.583
   17 (vir)     1           1.467          -0.329          -0.481          -1.895            2.552
   18 (vir)     1           1.691          -0.349          -0.528          -2.147            2.962
   19 (vir)     1           1.722          -0.310          -0.661          -2.209            2.960
   20 (vir)     1           2.830          -0.797          -1.809          -4.356            4.580
   21 (vir)     1           3.002          -0.948          -2.273          -5.135            4.915
   22 (vir)     1           3.374          -0.626          -1.234          -3.398            4.912
   23 (vir)     1           3.581          -0.747          -1.469          -4.150            5.516
   24 (vir)     1           3.727          -0.738          -1.403          -3.884            5.471
   25 (vir)     1           3.855          -0.627          -1.117          -3.404            5.515
   26 (vir)     1           3.878          -0.500          -0.699          -2.828            5.506
   27 (vir)     1           4.261          -0.846          -1.593          -4.275            6.097
   28 (vir)     1           4.355          -1.406          -3.411          -7.136            6.672
   29 (vir)     1           4.412          -1.083          -2.234          -5.456            6.552
   30 (vir)     1           4.704          -0.899          -1.683          -4.388            6.510
   31 (vir)     1           4.810          -0.978          -2.047          -5.089            6.873
   32 (vir)     1           5.120          -1.471          -3.182          -7.219            7.686
   33 (vir)     1           6.197          -1.067          -1.682          -4.900            8.349
   34 (vir)     1           6.399          -0.946          -1.373          -4.429            8.510
   35 (vir)     1           7.046          -1.218          -1.945          -5.536            9.419
   36 (vir)     1           7.120          -0.820          -1.080          -3.998            9.218
   37 (vir)     1           7.765          -1.173          -1.718          -5.292           10.166
   38 (vir)     1           7.781          -0.962          -1.520          -4.774           10.073
   39 (vir)     1           7.961          -0.923          -1.607          -4.805           10.236
   40 (vir)     1           8.614          -1.167          -1.534          -5.244           11.157
   41 (vir)     1           9.526          -0.999          -0.950          -4.444           12.020
   42 (vir)     1           9.688          -2.318          -3.206          -8.379           12.544
   43 (vir)     1          10.168          -0.810          -0.426          -3.341           12.273
   44 (vir)     1          10.590          -1.540          -1.767          -5.877           13.160
   45 (vir)     1          11.576          -3.246          -3.487          -9.771           14.615
   46 (vir)     1          12.133          -1.292          -1.488          -5.173           14.526
   47 (vir)     1          12.383          -1.745          -2.351          -6.789           15.076
   48 (vir)     1          12.414          -1.976          -2.577          -7.392           15.252
   49 (vir)     1          13.458          -2.082          -2.342          -7.235           16.269
   50 (vir)     1          13.580          -1.895          -1.881          -6.480           16.284
   51 (vir)     1          13.835          -2.352          -2.535          -7.745           16.693
   52 (vir)     1          13.869          -1.667          -1.473          -5.756           16.486
   53 (vir)     1          13.935          -2.703          -3.137          -8.935           17.029
   54 (vir)     1          15.456          -2.057          -1.902          -6.883           18.380
   55 (vir)     1          16.701          -3.119          -2.871          -8.922           19.633
   56 (vir)     1          17.252          -1.898          -1.580          -6.551           20.326
   57 (vir)     1          17.916          -2.183          -1.520          -6.481           20.694
   58 (vir)     1          18.759          -2.141          -2.065          -7.251           21.804
   59 (vir)     1          19.232          -2.780          -1.882          -7.476           22.045
   60 (vir)     1          19.668          -1.650          -1.387          -5.772           22.404
   61 (vir)     1          21.212          -3.134          -2.428          -8.635           24.286
   62 (vir)     1          21.837          -2.398          -1.633          -6.917           24.724
   63 (vir)     1          22.020          -2.870          -1.606          -7.280           24.824
   64 (vir)     1          22.905          -2.666          -2.208          -7.946           25.978
   65 (vir)     1          23.029          -2.861          -2.665          -8.704           26.207
   66 (vir)     1          24.095          -3.111          -1.658          -7.407           26.732
   67 (vir)     1          25.044          -3.298          -1.720          -7.561           27.588
   68 (vir)     1          25.086          -3.333          -2.258          -8.519           28.013
   69 (vir)     1          27.440          -3.499          -2.360          -8.500           30.081
   70 (vir)     1          27.770          -3.771          -2.764          -9.178           30.413
   71 (vir)     1          28.632          -3.124          -1.594          -7.223           31.136
   72 (vir)     1          30.578          -3.684          -2.281          -8.634           33.248
   73 (vir)     1          30.709          -3.677          -2.394          -8.738           33.375
   74 (vir)     1          31.670          -3.601          -2.392          -8.516           34.193
   75 (vir)     1          33.005          -4.202          -2.622          -9.232           35.413
   76 (vir)     1          34.490          -4.895          -2.959         -10.454           37.089
   77 (vir)     1          34.869          -5.888          -4.213         -12.702           37.470
   78 (vir)     1          35.873          -4.896          -2.230          -9.187           37.935
   79 (vir)     1          36.945          -6.202          -2.802         -10.910           38.852
   80 (vir)     1          38.904          -7.610          -3.257         -11.974           40.011
   81 (vir)     1          41.789          -6.556          -2.430         -10.231           43.034
   82 (vir)     1          41.955          -7.913          -3.404         -12.050           42.688
   83 (vir)     1          44.172          -9.284          -2.898         -12.435           44.425
   84 (vir)     1          44.869          -8.212          -3.405         -11.696           44.949
   85 (vir)     1          46.244         -10.627          -3.947         -13.285           44.955
   86 (vir)     1          46.498          -9.709          -3.077         -12.058           45.769
   87 (vir)     1          47.624         -10.720          -3.374         -12.489           46.019
   88 (vir)     1          50.437         -10.820          -3.522         -12.942           49.037
   89 (vir)     1          51.454         -10.403          -3.308         -13.172           50.915
   90 (vir)     1          52.745         -11.357          -3.081         -12.921           51.227
   91 (vir)     1          53.026         -10.456          -2.773         -12.558           52.355
   92 (vir)     1          57.023           4.593          -3.385         -14.263           72.493
   93 (vir)     1          57.203          -2.452          -2.607         -12.409           64.554
   94 (vir)     1          58.191           5.397          -3.030         -14.274           74.832
   95 (vir)     1          58.940           3.874          -2.567         -12.301           72.547
   96 (vir)     1          59.901           3.751          -3.852         -14.489           74.289
   97 (vir)     1          62.809           3.604          -2.818         -13.300           76.896
   98 (vir)     1          64.198           3.654          -2.687         -13.526           78.691
   99 (vir)     1          64.697           3.539          -2.726         -13.292           78.802
  100 (vir)     1          65.177           3.918          -2.646         -13.087           79.536
  101 (vir)     1          65.790           3.581          -2.659         -13.214           79.926
  102 (vir)     1          68.245           3.321          -2.409         -12.996           82.154
  103 (vir)     1          68.571           3.320          -2.689         -13.663           82.865
  104 (vir)     1          70.697           3.143          -2.641         -13.621           84.820
  105 (vir)     1          71.590           3.699          -2.578         -13.673           86.384
  106 (vir)     1          71.963           3.406          -2.390         -13.354           86.333
  107 (vir)     1          72.875           3.766          -2.481         -14.123           88.283
  108 (vir)     1          73.395           3.485          -2.496         -13.807           88.191
  109 (vir)     1          79.018           2.966          -2.859         -14.454           93.578
  110 (vir)     1          79.291           3.197          -2.421         -14.232           94.299
  111 (vir)     1          79.580           2.925          -3.122         -15.200           94.583
  112 (vir)     1          84.437           2.580          -2.641         -14.306           98.681
  113 (vir)     1          92.021           2.574          -2.579         -14.567          106.582
  114 (vir)     1          96.283           2.276          -2.435         -14.945          111.069
  115 (vir)     1          99.382           1.882          -2.371         -15.032          113.924
  116 (vir)     1         106.332           1.995          -2.060         -14.343          120.610
  117 (vir)     1         113.489           1.725          -1.943         -14.266          127.537
  118 (vir)     1         129.276           3.324          -3.797         -20.060          148.864
  119 (vir)     1         132.667           4.502          -3.324         -19.424          153.270
  120 (vir)     1         136.417           4.821          -2.965         -18.529          156.802
  121 (vir)     1         151.848           3.121          -1.973         -16.419          169.415
  122 (vir)     1         157.227           2.573          -1.705         -15.673          173.769
  123 (vir)     1         162.472           2.270          -1.805         -16.186          179.123
  124 (vir)     1         163.585           2.305          -1.727         -16.026          180.189
  125 (vir)     1         163.627           2.325          -1.653         -15.819          180.118
  126 (vir)     1         164.229           2.489          -1.767         -16.280          181.230
  127 (vir)     1         178.926           1.479          -4.778         -22.498          198.124
  128 (vir)     1         181.345           1.562          -5.075         -23.456          201.287
  129 (vir)     1         183.374           1.500          -4.755         -23.107          203.225
  130 (vir)     1         187.917           2.201          -4.097         -22.122          208.143
  131 (vir)     1         191.595           1.732          -4.168         -22.807          211.967
  132 (vir)     1         195.384           2.892          -1.429         -14.289          211.136
  133 (vir)     1         236.282           2.112          -1.989         -17.781          254.186
  134 (vir)     1         236.976           1.193          -3.249         -21.742          256.662
  135 (vir)     1         237.330           1.224          -3.002         -21.407          256.959
  136 (vir)     1         237.609           1.105          -3.044         -21.790          257.460
  137 (vir)     1         238.231           1.534          -2.767         -20.623          257.621
  138 (vir)     1         239.161           1.705          -2.212         -18.589          257.243
  139 (vir)     1         242.434           1.100          -3.109         -22.183          262.609
  140 (vir)     1         244.120           1.327          -2.968         -21.462          263.941
  141 (vir)     1         264.890           3.999          -1.894         -18.251          285.247
 
