 
  kpoint:       1             coordinate:     0.0000    0.0000    0.0000                  spin:  1
 
    n           k   ϵ_nk^DFT (eV)     Σ^c_nk (eV)     Σ^x_nk (eV)    v_nk^xc (eV)   ϵ_nk^G0W0 (eV)
 
    1 (occ)     1         -32.770          10.209         -37.853         -23.381          -37.034
    2 (occ)     1         -15.252           3.971         -30.433         -21.837          -19.877
    3 (occ)     1         -12.929           3.628         -29.190         -21.482          -17.008
    4 (occ)     1         -12.929           3.635         -29.206         -21.482          -17.017
    5 (occ)     1          -6.721           0.501         -14.472         -10.500          -10.191
    6 (vir)     1          -2.032          -1.675          -4.889         -10.071            1.475
    7 (vir)     1          -2.032          -1.674          -4.888         -10.071            1.477
    8 (vir)     1           0.318          -0.491          -1.163          -3.467            2.131
    9 (vir)     1           2.820          -1.009          -1.511          -4.401            4.700
   10 (vir)     1           3.474          -1.251          -0.842          -4.126            5.508
   11 (vir)     1           3.474          -1.250          -0.842          -4.126            5.508
   12 (vir)     1           3.982          -0.826          -1.130          -3.986            6.012
   13 (vir)     1           4.016          -1.855          -0.380          -3.007            4.788
   14 (vir)     1           4.019          -1.855          -0.380          -3.004            4.788
   15 (vir)     1           4.893          -0.984          -1.094          -4.141            6.956
   16 (vir)     1           4.893          -0.986          -1.094          -4.141            6.953
   17 (vir)     1           6.812          -0.823          -1.157          -4.078            8.909
   18 (vir)     1           7.833          -0.223          -0.227          -2.737           10.121
   19 (vir)     1           7.836          -0.224          -0.226          -2.734           10.120
   20 (vir)     1           7.954          -0.715          -0.416          -3.044            9.867
   21 (vir)     1           7.954          -0.718          -0.415          -3.044            9.866
   22 (vir)     1           8.023          -1.044          -1.460          -4.933           10.452
   23 (vir)     1           8.099          -0.917          -0.115          -2.466            9.533
   24 (vir)     1           8.099          -0.918          -0.116          -2.466            9.531
   25 (vir)     1          10.113          -2.417          -3.910          -9.271           13.057
   26 (vir)     1          19.500          -2.262          -3.027          -9.494           23.705
   27 (vir)     1          19.569          -1.666          -2.173          -8.247           23.977
   28 (vir)     1          19.569          -1.669          -2.168          -8.246           23.979
   29 (vir)     1          20.753          -5.870          -1.606          -7.954           21.231
   30 (vir)     1          20.753          -5.793          -1.608          -7.954           21.306
   31 (vir)     1          23.199           1.816          -3.564         -11.170           32.621
   32 (vir)     1          23.199           1.817          -3.559         -11.170           32.626
   33 (vir)     1          25.030          -3.369          -2.685          -9.135           28.111
   34 (vir)     1          25.030          -3.354          -2.685          -9.135           28.126
   35 (vir)     1          25.584          -3.639          -3.167         -10.173           28.951
   36 (vir)     1          29.252          -2.656          -1.771          -8.719           33.544
   37 (vir)     1          29.253          -2.616          -1.768          -8.718           33.587
   38 (vir)     1          36.382           1.563          -2.656          -9.980           45.269
   39 (vir)     1          40.678          -0.032          -3.938         -13.292           50.000
   40 (vir)     1          43.334          -4.657          -1.346          -8.727           46.058
   41 (vir)     1          43.334          -4.660          -1.347          -8.727           46.054
   42 (vir)     1          44.451           0.935          -2.053         -10.351           53.684
   43 (vir)     1          46.228          -0.561          -1.803         -10.208           54.072
   44 (vir)     1          46.228          -0.553          -1.800         -10.208           54.083
   45 (vir)     1          54.391          -0.431          -2.149         -10.989           62.799
   46 (vir)     1          54.391          -0.474          -2.151         -10.989           62.754
   47 (vir)     1          66.265           0.974          -4.283         -14.783           77.739
   48 (vir)     1          66.265           0.976          -4.292         -14.783           77.732
   49 (vir)     1          80.635           1.643          -6.717         -18.798           94.360
   50 (vir)     1          80.635           1.665          -6.709         -18.798           94.390
   51 (vir)     1          83.630           2.722          -6.884         -19.542           99.010
   52 (vir)     1          93.260           3.365          -5.491         -18.396          109.528
   53 (vir)     1          93.260           3.207          -5.471         -18.396          109.392
   54 (vir)     1         125.033           1.892          -5.145         -21.697          143.477
   55 (vir)     1         125.033           1.889          -5.181         -21.697          143.437
   56 (vir)     1         130.976           1.964          -5.468         -22.929          150.401
   57 (vir)     1         148.187           5.791          -0.650          -9.396          162.724
   58 (vir)     1         198.526           0.669          -2.044         -14.922          212.072
 
