 
  kpoint:       1             coordinate:     0.0000    0.0000    0.0000                  spin:  1
 
    n           k   ϵ_nk^DFT (eV)     Σ^c_nk (eV)     Σ^x_nk (eV)    v_nk^xc (eV)   ϵ_nk^G0W0 (eV)
 
    1 (occ)     1         -19.259           5.782         -24.180         -14.922          -22.735
    2 (occ)     1         -16.698           4.640         -23.304         -14.906          -20.456
    3 (occ)     1         -14.252           3.506         -22.110         -14.687          -18.168
    4 (occ)     1         -11.106           1.907         -19.404         -13.674          -14.928
    5 (occ)     1         -10.555           1.750         -19.417         -13.962          -14.260
    6 (occ)     1          -9.642           1.503         -19.483         -14.356          -13.265
    7 (occ)     1          -9.147           1.336         -19.243         -14.088          -12.967
    8 (occ)     1          -8.054           1.092         -18.998         -14.338          -11.622
    9 (occ)     1          -7.983           1.112         -19.301         -14.777          -11.395
   10 (occ)     1          -7.747           1.004         -18.822         -14.042          -11.523
   11 (vir)     1          -0.312          -0.675          -1.208          -3.495            1.300
   12 (vir)     1           0.270          -0.543          -0.889          -2.842            1.679
   13 (vir)     1           0.317          -0.541          -0.800          -2.728            1.704
   14 (vir)     1           0.421          -0.533          -0.848          -2.757            1.797
   15 (vir)     1           1.028          -0.528          -0.834          -2.745            2.410
   16 (vir)     1           1.292          -0.407          -0.540          -2.103            2.448
   17 (vir)     1           1.355          -0.399          -0.438          -2.019            2.536
   18 (vir)     1           1.379          -0.439          -0.687          -2.342            2.595
   19 (vir)     1           1.401          -0.342          -0.396          -1.790            2.452
   20 (vir)     1           2.239          -0.519          -0.800          -2.674            3.594
   21 (vir)     1           2.243          -0.440          -0.641          -2.273            3.435
   22 (vir)     1           2.581          -0.374          -0.406          -1.973            3.774
   23 (vir)     1           2.859          -0.637          -1.025          -3.332            4.528
   24 (vir)     1           3.061          -0.307          -0.274          -1.718            4.197
   25 (vir)     1           3.211          -0.676          -1.179          -3.244            4.600
   26 (vir)     1           3.774          -1.001          -2.025          -5.040            5.789
   27 (vir)     1           3.952          -1.263          -2.713          -6.282            6.258
   28 (vir)     1           4.191          -0.717          -1.142          -3.529            5.861
   29 (vir)     1           4.329          -0.889          -1.498          -4.092            6.034
   30 (vir)     1           4.523          -1.476          -3.199          -6.988            6.836
   31 (vir)     1           4.629          -1.168          -2.133          -5.434            6.763
   32 (vir)     1           4.733          -1.547          -3.224          -7.298            7.261
   33 (vir)     1           4.756          -0.522          -0.415          -2.365            6.184
   34 (vir)     1           4.774          -1.117          -2.379          -5.631            6.909
   35 (vir)     1           4.971          -0.804          -1.295          -3.813            6.684
   36 (vir)     1           5.663          -1.779          -3.445          -8.013            8.451
   37 (vir)     1           5.824          -0.870          -1.176          -3.833            7.612
   38 (vir)     1           5.955          -1.062          -1.501          -4.641            8.033
   39 (vir)     1           6.219          -1.008          -1.380          -4.402            8.234
   40 (vir)     1           6.297          -0.984          -1.255          -4.219            8.277
   41 (vir)     1           6.569          -0.768          -0.915          -3.485            8.371
   42 (vir)     1           6.932          -1.121          -1.462          -4.774            9.122
   43 (vir)     1           6.981          -0.616          -0.477          -2.859            8.747
   44 (vir)     1           7.656          -1.236          -2.004          -5.510            9.927
   45 (vir)     1           7.970          -1.185          -1.867          -5.307           10.225
   46 (vir)     1           8.431          -1.321          -2.039          -5.743           10.815
   47 (vir)     1           8.787          -0.817          -0.611          -3.437           10.795
   48 (vir)     1           9.288          -1.409          -2.161          -6.019           11.738
   49 (vir)     1           9.342          -0.785          -0.470          -3.322           11.409
   50 (vir)     1          10.506          -0.863          -0.392          -3.348           12.598
   51 (vir)     1          11.163          -1.652          -1.552          -5.576           13.535
   52 (vir)     1          11.419          -1.295          -1.800          -5.681           14.004
   53 (vir)     1          11.842          -1.267          -0.918          -4.574           14.231
   54 (vir)     1          12.223          -3.024          -3.087          -8.868           14.979
   55 (vir)     1          12.362          -3.067          -3.073          -8.988           15.210
   56 (vir)     1          12.567          -1.474          -1.305          -5.307           15.095
   57 (vir)     1          12.577          -1.865          -2.245          -6.666           15.133
   58 (vir)     1          13.022          -1.405          -1.014          -4.753           15.356
   59 (vir)     1          13.151          -2.022          -2.157          -6.898           15.870
   60 (vir)     1          13.607          -1.678          -1.710          -5.965           16.184
   61 (vir)     1          13.744          -2.563          -2.851          -8.301           16.630
   62 (vir)     1          13.901          -2.997          -3.029          -9.051           16.927
   63 (vir)     1          14.286          -3.192          -3.203          -9.439           17.330
   64 (vir)     1          14.941          -1.850          -1.200          -5.619           17.510
   65 (vir)     1          15.971          -2.511          -2.086          -7.491           18.865
   66 (vir)     1          16.369          -3.104          -2.866          -8.869           19.268
   67 (vir)     1          16.415          -1.469          -0.957          -4.952           18.942
   68 (vir)     1          17.438          -1.559          -1.639          -5.891           20.130
   69 (vir)     1          17.616          -2.278          -1.670          -6.616           20.284
   70 (vir)     1          18.407          -1.810          -1.301          -5.773           21.069
   71 (vir)     1          18.512          -2.415          -1.217          -6.331           21.210
   72 (vir)     1          18.942          -2.414          -1.476          -6.527           21.580
   73 (vir)     1          20.025          -2.575          -1.498          -6.786           22.739
   74 (vir)     1          20.369          -2.896          -1.905          -7.692           23.260
   75 (vir)     1          21.913          -2.707          -1.771          -7.228           24.663
   76 (vir)     1          22.002          -2.810          -1.657          -7.093           24.628
   77 (vir)     1          22.228          -3.152          -1.840          -7.824           25.060
   78 (vir)     1          22.283          -2.395          -1.366          -6.425           24.946
   79 (vir)     1          22.966          -2.661          -1.444          -6.893           25.755
   80 (vir)     1          23.734          -2.784          -1.300          -6.652           26.301
   81 (vir)     1          24.380          -3.090          -2.398          -8.337           27.229
   82 (vir)     1          24.682          -2.822          -1.978          -7.584           27.465
   83 (vir)     1          25.866          -3.108          -1.395          -6.817           28.181
   84 (vir)     1          26.033          -3.209          -1.463          -7.269           28.630
   85 (vir)     1          26.092          -2.960          -1.736          -7.328           28.724
   86 (vir)     1          28.906          -3.298          -1.791          -7.566           31.384
   87 (vir)     1          28.934          -3.923          -2.226          -8.670           31.455
   88 (vir)     1          28.975          -3.563          -2.235          -8.470           31.647
   89 (vir)     1          31.658          -3.576          -1.000          -6.565           33.647
   90 (vir)     1          31.829          -4.416          -1.905          -7.998           33.506
   91 (vir)     1          33.127          -4.209          -1.914          -8.286           35.291
   92 (vir)     1          34.338          -4.863          -2.499          -9.381           36.357
   93 (vir)     1          34.751          -5.413          -2.894         -10.285           36.728
   94 (vir)     1          35.548          -4.784          -1.723          -8.240           37.281
   95 (vir)     1          35.769          -5.371          -1.633          -8.075           36.839
   96 (vir)     1          36.235          -5.112          -2.180          -9.311           38.254
   97 (vir)     1          36.899          -5.177          -2.307          -9.438           38.852
   98 (vir)     1          38.473          -5.986          -2.322         -10.040           40.206
   99 (vir)     1          39.433          -6.545          -1.879          -9.152           40.161
  100 (vir)     1          41.525          -7.459          -2.544         -10.693           42.215
  101 (vir)     1          42.288          -7.113          -1.565          -9.018           42.627
  102 (vir)     1          42.402          -8.509          -2.425         -11.316           42.784
  103 (vir)     1          44.529          -9.483          -2.890         -12.282           44.438
  104 (vir)     1          45.578          -9.243          -2.772         -11.321           44.884
  105 (vir)     1          47.102          -9.127          -2.337         -10.503           46.142
  106 (vir)     1          48.014         -11.211          -3.168         -12.548           46.182
  107 (vir)     1          49.424         -11.121          -2.764         -11.730           47.269
  108 (vir)     1          50.335         -10.468          -2.198         -10.572           48.241
  109 (vir)     1          50.584         -12.140          -2.701         -12.027           47.770
  110 (vir)     1          53.455          -5.829          -2.554         -12.164           57.235
  111 (vir)     1          53.995          -4.890          -2.743         -12.183           58.545
  112 (vir)     1          54.486          -9.275          -2.613         -12.198           54.797
  113 (vir)     1          55.728          -9.384          -2.577         -12.492           56.259
  114 (vir)     1          56.450           5.003          -2.819         -12.964           71.599
  115 (vir)     1          57.701          -1.754          -2.444         -12.769           66.272
  116 (vir)     1          58.337           4.538          -2.283         -12.066           72.659
  117 (vir)     1          58.401           3.861          -2.051         -11.113           71.325
  118 (vir)     1          59.801           4.387          -2.544         -12.404           74.049
  119 (vir)     1          63.092           5.948          -2.312         -13.332           80.061
  120 (vir)     1          63.689           3.649          -2.593         -12.752           77.497
  121 (vir)     1          64.656           4.119          -2.577         -13.261           79.459
  122 (vir)     1          64.658           4.273          -2.577         -13.286           79.640
  123 (vir)     1          64.724           3.967          -2.578         -13.148           79.261
  124 (vir)     1          65.572           4.525          -2.503         -13.138           80.731
  125 (vir)     1          67.379           4.094          -2.736         -13.683           82.419
  126 (vir)     1          69.155           3.700          -2.335         -12.865           83.385
  127 (vir)     1          69.334           3.863          -2.071         -12.642           83.768
  128 (vir)     1          69.563           3.613          -2.485         -13.314           84.004
  129 (vir)     1          71.163           4.116          -2.382         -13.549           86.447
  130 (vir)     1          71.978           4.285          -2.234         -13.535           87.563
  131 (vir)     1          73.823           3.956          -2.181         -13.346           88.943
  132 (vir)     1          74.055           3.573          -2.283         -13.307           88.652
  133 (vir)     1          75.368           3.212          -2.218         -13.371           89.733
  134 (vir)     1          75.567           3.773          -2.108         -13.442           90.674
  135 (vir)     1          76.112           3.251          -2.032         -12.659           89.990
  136 (vir)     1          77.730           3.354          -2.374         -13.703           92.414
  137 (vir)     1          79.252           3.618          -2.199         -13.895           94.566
  138 (vir)     1          79.594           3.444          -2.559         -14.635           95.113
  139 (vir)     1          82.123           2.964          -2.260         -13.676           96.504
  140 (vir)     1          83.216           3.319          -2.171         -13.738           98.101
  141 (vir)     1          87.372           2.927          -2.398         -14.041          101.943
  142 (vir)     1          97.215           2.557          -2.371         -14.680          112.081
  143 (vir)     1          99.689           2.383          -2.328         -14.930          114.674
  144 (vir)     1         102.492           2.247          -2.230         -14.941          117.450
  145 (vir)     1         105.302           2.232          -2.050         -14.273          119.756
  146 (vir)     1         112.741           1.903          -1.991         -14.340          126.993
  147 (vir)     1         114.437           2.027          -1.994         -14.564          129.035
  148 (vir)     1         114.816           2.161          -1.933         -14.324          129.367
  149 (vir)     1         156.434           2.579          -1.693         -15.721          173.041
  150 (vir)     1         162.479           2.484          -1.668         -15.881          179.177
  151 (vir)     1         162.971           2.502          -1.662         -15.896          179.706
  152 (vir)     1         163.223           2.455          -1.662         -15.900          179.916
  153 (vir)     1         163.579           2.584          -1.674         -15.953          180.443
  154 (vir)     1         163.691           2.523          -1.659         -15.889          180.443
  155 (vir)     1         164.917           2.617          -1.719         -16.243          182.058
  156 (vir)     1         165.733           2.658          -1.678         -16.066          182.778
  157 (vir)     1         206.156           7.491          -0.828         -12.515          225.334
  158 (vir)     1         239.184           0.643          -0.750         -13.385          252.462
  159 (vir)     1         240.986           2.854          -0.768         -13.486          256.558
 
