 
  kpoint:       1             coordinate:     0.0000    0.0000    0.0000                  spin:  1
 
    n           k   ϵ_nk^DFT (eV)     Σ^c_nk (eV)     Σ^x_nk (eV)    v_nk^xc (eV)   ϵ_nk^G0W0 (eV)
 
    1 (occ)     1         -33.960           8.791         -37.653         -23.105          -39.717
    2 (occ)     1         -27.639           7.972         -37.723         -24.062          -33.328
    3 (occ)     1         -15.279           1.502         -27.717         -22.417          -19.077
    4 (occ)     1         -12.792           4.620         -31.369         -22.120          -17.421
    5 (occ)     1         -12.792           4.623         -31.379         -22.120          -17.427
    6 (occ)     1          -9.401           3.711         -32.596         -23.925          -14.361
    7 (occ)     1          -9.401           3.714         -32.608         -23.925          -14.369
    8 (vir)     1          -5.671          -2.141         -15.486         -23.391            0.093
    9 (vir)     1           0.704          -0.405          -1.143          -3.791            2.947
   10 (vir)     1           2.193          -0.469          -1.133          -3.638            4.228
   11 (vir)     1          11.005          -0.694          -4.460          -9.945           15.796
   12 (vir)     1          11.005          -0.688          -4.462          -9.945           15.800
   13 (vir)     1          14.383          -2.132          -2.533          -8.462           18.180
   14 (vir)     1          15.777          -1.348          -3.691          -9.424           20.162
   15 (vir)     1          15.777          -1.349          -3.687          -9.424           20.165
   16 (vir)     1          17.436          -1.177          -2.273          -7.730           21.716
   17 (vir)     1          17.439          -1.177          -2.274          -7.728           21.715
   18 (vir)     1          20.434          -2.877          -3.343          -9.796           24.010
   19 (vir)     1          20.538          -1.576          -3.024          -9.056           24.994
   20 (vir)     1          20.538          -1.574          -3.025          -9.056           24.996
   21 (vir)     1          24.267          -2.319          -2.652          -9.073           28.369
   22 (vir)     1          25.915          -1.543          -2.329          -8.411           30.455
   23 (vir)     1          25.918          -1.550          -2.328          -8.409           30.448
   24 (vir)     1          28.980          -2.803          -2.646          -8.158           31.689
   25 (vir)     1          36.145          -0.135          -2.573         -10.288           43.725
   26 (vir)     1          38.333          -2.292          -1.811          -8.513           42.743
   27 (vir)     1          38.333          -2.287          -1.808          -8.513           42.751
   28 (vir)     1          38.682          -1.566          -1.360          -7.964           43.719
   29 (vir)     1          38.682          -1.565          -1.360          -7.964           43.721
   30 (vir)     1          44.612          -2.476          -1.637          -9.202           49.701
   31 (vir)     1          44.612          -2.474          -1.636          -9.202           49.705
   32 (vir)     1          44.729          -0.867          -1.145          -6.190           48.907
   33 (vir)     1          44.729          -0.870          -1.150          -6.190           48.898
   34 (vir)     1          49.718          -0.807          -3.917         -12.688           57.682
   35 (vir)     1          49.718          -0.804          -3.915         -12.688           57.687
   36 (vir)     1          54.554          -3.108          -1.725          -9.851           59.571
   37 (vir)     1          54.554          -3.110          -1.725          -9.851           59.570
   38 (vir)     1          56.314          -4.947          -2.057          -9.994           59.304
   39 (vir)     1          62.199          -3.149          -2.832         -11.218           67.436
   40 (vir)     1          62.199          -3.144          -2.829         -11.217           67.444
   41 (vir)     1          66.001           0.705          -7.087         -18.579           78.198
   42 (vir)     1          73.771          -9.330          -7.748         -19.095           75.787
   43 (vir)     1          73.771          -9.287          -7.754         -19.095           75.826
   44 (vir)     1          79.507          -6.423          -6.260         -18.935           85.759
   45 (vir)     1          79.507          -6.270          -6.268         -18.935           85.905
   46 (vir)     1          81.672           1.792          -3.780         -13.985           93.669
   47 (vir)     1          84.738          -8.856          -6.863         -19.838           88.858
   48 (vir)     1          84.738          -8.498          -6.865         -19.838           89.213
   49 (vir)     1          87.003           1.719          -6.140         -19.763          102.345
   50 (vir)     1          89.428           5.669          -6.896         -18.904          107.104
   51 (vir)     1          89.428          -8.877          -6.887         -18.903           92.566
   52 (vir)     1          97.173           2.821          -4.782         -20.754          115.966
   53 (vir)     1         101.068           3.212          -5.938         -21.140          119.481
   54 (vir)     1         101.068           3.134          -5.935         -21.140          119.406
   55 (vir)     1         108.367           3.412          -6.484         -23.133          128.428
   56 (vir)     1         108.367           3.349          -6.483         -23.133          128.366
   57 (vir)     1         135.245           2.967          -5.010         -22.863          156.064
   58 (vir)     1         408.203           1.311          -2.841         -22.085          428.759
 
