 
  kpoint:       1             coordinate:     0.0000    0.0000    0.0000                  spin:  1
 
    n           k   ϵ_nk^DFT (eV)     Σ^c_nk (eV)     Σ^x_nk (eV)    v_nk^xc (eV)   ϵ_nk^G0W0 (eV)
 
    1 (occ)     1         -26.341           9.145         -29.120         -17.819          -28.497
    2 (occ)     1         -25.741           8.886         -29.268         -18.167          -27.956
    3 (occ)     1         -25.240           8.548         -29.047         -18.121          -27.618
    4 (occ)     1         -22.979           7.181         -27.518         -17.577          -25.740
    5 (occ)     1         -22.744           7.540         -28.066         -18.019          -25.251
    6 (occ)     1         -21.974           6.268         -27.566         -17.775          -25.497
    7 (occ)     1         -18.935           5.528         -25.251         -16.691          -21.966
    8 (occ)     1         -16.843           4.167         -23.821         -16.622          -19.874
    9 (occ)     1         -16.460           3.849         -24.164         -16.997          -19.777
   10 (occ)     1         -15.578           4.782         -23.614         -16.684          -17.727
   11 (occ)     1         -14.995           3.107         -22.960         -16.677          -18.170
   12 (occ)     1         -13.666           3.452         -22.828         -16.857          -16.185
   13 (occ)     1         -13.533           3.279         -22.793         -16.943          -16.104
   14 (occ)     1         -12.797           2.523         -22.479         -16.633          -16.121
   15 (occ)     1         -12.061           2.883         -22.680         -16.949          -14.910
   16 (occ)     1         -11.812           3.896         -20.173         -14.567          -13.522
   17 (occ)     1         -11.406           2.242         -22.486         -17.327          -14.323
   18 (occ)     1         -10.633           3.139         -20.877         -15.654          -12.717
   19 (occ)     1         -10.577           2.916         -21.274         -16.073          -12.862
   20 (occ)     1         -10.001           3.980         -25.797         -19.106          -12.712
   21 (occ)     1          -9.629           2.533         -20.474         -15.531          -12.039
   22 (occ)     1          -7.819           2.071         -19.502         -15.345           -9.905
   23 (occ)     1          -7.620           2.966         -21.755         -16.386          -10.023
   24 (occ)     1          -7.081           1.467         -19.380         -15.805           -9.189
   25 (occ)     1          -7.042           2.324         -21.444         -17.041           -9.122
   26 (occ)     1          -6.327           2.751         -22.360         -17.155           -8.780
   27 (occ)     1          -5.995           3.155         -24.239         -18.641           -8.438
   28 (occ)     1          -5.289           0.364         -17.720         -15.368           -7.277
   29 (vir)     1          -1.414          -2.543          -8.992         -13.983            1.034
   30 (vir)     1          -1.299          -2.608          -9.374         -14.496            1.216
   31 (vir)     1          -0.999          -1.253          -2.426          -5.387            0.709
   32 (vir)     1          -0.562          -1.015          -1.526          -4.019            0.916
   33 (vir)     1          -0.205          -2.823          -7.455         -12.606            2.124
   34 (vir)     1          -0.094          -1.218          -2.404          -5.259            1.544
   35 (vir)     1           0.278          -0.913          -1.129          -3.368            1.604
   36 (vir)     1           0.426          -0.731          -0.987          -2.878            1.585
   37 (vir)     1           0.483          -0.815          -1.065          -3.124            1.727
   38 (vir)     1           0.750          -1.049          -1.587          -4.140            2.254
   39 (vir)     1           0.960          -0.657          -0.843          -2.575            2.035
   40 (vir)     1           1.227          -0.834          -1.145          -3.277            2.525
   41 (vir)     1           1.349          -0.717          -0.836          -2.728            2.525
   42 (vir)     1           1.469          -0.581          -0.731          -2.337            2.495
   43 (vir)     1           1.668          -0.834          -0.944          -3.062            2.951
   44 (vir)     1           1.882          -0.716          -0.889          -2.730            3.008
   45 (vir)     1           2.045          -0.864          -1.156          -3.268            3.294
   46 (vir)     1           2.100          -0.676          -0.748          -2.511            3.187
   47 (vir)     1           2.322          -0.854          -1.184          -3.329            3.612
   48 (vir)     1           2.583          -2.050          -3.196          -6.813            4.149
   49 (vir)     1           2.613          -0.637          -0.560          -2.273            3.689
   50 (vir)     1           2.696          -0.969          -1.393          -3.516            3.850
   51 (vir)     1           2.820          -1.256          -2.104          -4.897            4.357
   52 (vir)     1           2.985          -2.074          -3.211          -6.849            4.549
   53 (vir)     1           3.129          -1.175          -1.797          -4.318            4.476
   54 (vir)     1           3.183          -1.711          -2.465          -5.628            4.635
   55 (vir)     1           3.240          -1.163          -1.970          -4.506            4.613
   56 (vir)     1           3.323          -1.128          -1.850          -4.383            4.728
   57 (vir)     1           3.484          -1.357          -2.066          -4.938            4.998
   58 (vir)     1           3.689          -1.327          -2.251          -5.059            5.171
   59 (vir)     1           3.719          -0.737          -0.872          -2.759            4.870
   60 (vir)     1           3.816          -1.302          -2.069          -4.917            5.363
   61 (vir)     1           3.936          -1.592          -2.897          -6.273            5.720
   62 (vir)     1           4.050          -1.692          -3.055          -6.526            5.827
   63 (vir)     1           4.239          -1.448          -2.293          -5.363            5.861
   64 (vir)     1           4.344          -0.990          -1.355          -3.697            5.696
   65 (vir)     1           4.427          -0.802          -0.820          -2.776            5.580
   66 (vir)     1           4.526          -1.271          -1.769          -4.526            6.013
   67 (vir)     1           4.882          -1.676          -2.591          -6.007            6.621
   68 (vir)     1           5.089          -1.602          -2.658          -5.963            6.791
   69 (vir)     1           5.207          -0.886          -0.949          -3.112            6.485
   70 (vir)     1           5.380          -1.468          -2.540          -5.667            7.039
   71 (vir)     1           5.467          -1.167          -1.246          -3.910            6.964
   72 (vir)     1           5.691          -1.097          -0.995          -3.458            7.057
   73 (vir)     1           5.888          -1.479          -1.972          -5.143            7.580
   74 (vir)     1           5.996          -1.765          -2.646          -6.252            7.838
   75 (vir)     1           6.239          -1.485          -1.815          -5.098            8.037
   76 (vir)     1           6.263          -1.491          -1.914          -5.018            7.877
   77 (vir)     1           6.499          -2.340          -3.551          -7.931            8.539
   78 (vir)     1           6.598          -2.087          -2.888          -6.925            8.548
   79 (vir)     1           6.862          -1.374          -1.712          -4.793            8.568
   80 (vir)     1           7.056          -1.783          -2.169          -5.837            8.941
   81 (vir)     1           7.206          -1.624          -1.866          -5.238            8.954
   82 (vir)     1           7.297          -1.618          -1.762          -5.144            9.060
   83 (vir)     1           7.399          -2.820          -4.514          -9.617            9.683
   84 (vir)     1           7.503          -1.733          -1.864          -5.355            9.261
   85 (vir)     1           7.705          -2.964          -4.290          -9.548           10.000
   86 (vir)     1           8.003          -1.862          -2.599          -6.432            9.974
   87 (vir)     1           8.192          -1.683          -1.886          -5.439           10.062
   88 (vir)     1           8.588          -2.639          -3.689          -8.561           10.822
   89 (vir)     1           8.955          -1.834          -1.576          -4.997           10.541
   90 (vir)     1           9.041          -2.400          -2.831          -7.154           10.964
   91 (vir)     1           9.244          -2.490          -2.724          -7.306           11.336
   92 (vir)     1           9.374          -1.911          -2.245          -6.121           11.339
   93 (vir)     1           9.662          -2.575          -2.954          -7.574           11.706
   94 (vir)     1           9.722          -2.644          -2.699          -7.260           11.638
   95 (vir)     1          10.000          -2.725          -2.703          -7.414           11.987
   96 (vir)     1          10.283          -2.746          -2.875          -7.690           12.352
   97 (vir)     1          10.474          -3.354          -4.029          -9.812           12.903
   98 (vir)     1          10.694          -2.473          -2.875          -7.437           12.784
   99 (vir)     1          11.238          -2.433          -2.586          -7.211           13.431
  100 (vir)     1          11.332          -2.731          -2.767          -7.785           13.620
  101 (vir)     1          11.462          -2.497          -2.478          -7.127           13.614
  102 (vir)     1          11.688          -2.258          -2.115          -6.437           13.752
  103 (vir)     1          11.722          -2.813          -1.897          -6.478           13.489
  104 (vir)     1          12.255          -2.415          -2.222          -6.655           14.272
  105 (vir)     1          12.370          -2.718          -2.472          -7.379           14.559
  106 (vir)     1          12.493          -2.941          -2.779          -7.966           14.739
  107 (vir)     1          12.645          -2.752          -2.715          -7.641           14.819
  108 (vir)     1          12.721          -2.803          -2.576          -7.448           14.790
  109 (vir)     1          12.873          -2.422          -2.167          -6.738           15.022
  110 (vir)     1          13.113          -2.746          -2.061          -6.826           15.132
  111 (vir)     1          13.546          -2.974          -2.529          -7.740           15.783
  112 (vir)     1          13.805          -2.990          -2.391          -7.350           15.774
  113 (vir)     1          13.931          -2.846          -2.077          -7.024           16.032
  114 (vir)     1          14.194          -3.122          -2.668          -8.119           16.523
  115 (vir)     1          14.464          -3.515          -3.104          -8.976           16.821
  116 (vir)     1          14.758          -3.902          -2.128          -7.299           16.026
  117 (vir)     1          15.148          -5.395          -4.810         -12.830           17.774
  118 (vir)     1          15.552          -3.691          -3.053          -9.017           17.824
  119 (vir)     1          15.793          -4.608          -4.228         -11.568           18.525
  120 (vir)     1          15.932          -4.505          -3.928         -11.050           18.549
  121 (vir)     1          16.345          -3.376          -2.253          -7.655           18.372
  122 (vir)     1          16.675          -3.431          -2.438          -8.165           18.971
  123 (vir)     1          16.848          -2.906          -2.376          -7.595           19.160
  124 (vir)     1          17.086          -2.562          -2.021          -6.788           19.291
  125 (vir)     1          17.227          -2.802          -2.208          -7.252           19.469
  126 (vir)     1          17.628          -2.024          -1.378          -5.312           19.538
  127 (vir)     1          17.931          -3.470          -2.365          -8.021           20.117
  128 (vir)     1          18.030          -3.301          -2.373          -7.873           20.229
  129 (vir)     1          18.344          -3.563          -2.287          -7.961           20.455
  130 (vir)     1          18.790          -2.747          -1.768          -6.737           21.012
  131 (vir)     1          18.935          -3.566          -2.012          -7.560           20.917
  132 (vir)     1          19.335          -3.195          -2.126          -7.520           21.534
  133 (vir)     1          19.859          -3.534          -2.351          -8.163           22.136
  134 (vir)     1          20.164          -3.845          -1.884          -7.381           21.816
  135 (vir)     1          20.507          -4.106          -2.416          -8.606           22.590
  136 (vir)     1          20.672          -3.722          -2.698          -8.842           23.094
  137 (vir)     1          20.868          -3.457          -2.118          -7.728           23.021
  138 (vir)     1          20.929          -3.912          -2.492          -8.826           23.351
  139 (vir)     1          21.221          -3.748          -2.073          -7.918           23.318
  140 (vir)     1          21.461          -3.830          -2.065          -7.781           23.347
  141 (vir)     1          21.567          -3.467          -2.532          -8.527           24.096
  142 (vir)     1          21.779          -3.428          -2.311          -8.137           24.178
  143 (vir)     1          22.161          -3.828          -2.392          -8.532           24.473
  144 (vir)     1          22.255          -4.394          -2.305          -8.497           24.053
  145 (vir)     1          22.746          -3.478          -2.248          -8.188           25.208
  146 (vir)     1          22.850          -4.150          -2.607          -9.166           25.259
  147 (vir)     1          23.121          -4.170          -2.550          -9.155           25.556
  148 (vir)     1          23.664          -3.707          -2.250          -8.201           25.908
  149 (vir)     1          23.904          -4.169          -3.073          -9.820           26.482
  150 (vir)     1          24.127          -4.002          -2.146          -8.228           26.206
  151 (vir)     1          24.438          -3.588          -1.817          -7.619           26.653
  152 (vir)     1          24.575          -3.789          -1.823          -7.579           26.542
  153 (vir)     1          25.106          -4.475          -2.908          -9.897           27.621
  154 (vir)     1          25.374          -4.579          -2.286          -8.682           27.191
  155 (vir)     1          25.746          -4.566          -2.648          -9.517           28.048
  156 (vir)     1          26.064          -4.070          -2.325          -8.601           28.269
  157 (vir)     1          26.250          -4.438          -2.316          -8.648           28.144
  158 (vir)     1          26.801          -4.794          -2.864          -9.832           28.974
  159 (vir)     1          26.977          -4.614          -2.210          -8.682           28.836
  160 (vir)     1          27.256          -5.005          -2.225          -8.688           28.715
  161 (vir)     1          27.506          -5.530          -2.840          -9.578           28.715
  162 (vir)     1          28.377          -4.155          -1.952          -8.127           30.396
  163 (vir)     1          28.510           1.024          -3.127         -10.333           36.739
  164 (vir)     1          28.811          -4.133          -2.089          -8.308           30.897
  165 (vir)     1          28.908          -4.587          -2.097          -8.494           30.719
  166 (vir)     1          29.113          -4.037          -1.929          -8.047           31.194
  167 (vir)     1          30.075           2.880          -2.601          -9.801           40.155
  168 (vir)     1          30.780          -5.004          -2.460          -9.253           32.570
  169 (vir)     1          31.242          -5.282          -2.392          -9.159           32.727
  170 (vir)     1          31.487          -5.259          -2.344          -8.994           32.879
  171 (vir)     1          31.830          -4.089          -1.940          -8.011           33.812
  172 (vir)     1          32.356          -4.787          -2.266          -9.107           34.410
  173 (vir)     1          34.123          -5.801          -2.708         -10.004           35.616
  174 (vir)     1          34.864          -7.164          -2.450          -9.954           35.204
  175 (vir)     1          35.102          -6.450          -2.845         -10.528           36.335
  176 (vir)     1          35.586          -6.773          -3.013         -11.041           36.841
  177 (vir)     1          35.927          -6.934          -2.863         -10.646           36.777
  178 (vir)     1          36.808          -7.114          -3.244         -11.408           37.858
  179 (vir)     1          37.397          -7.353          -2.696         -10.526           37.874
  180 (vir)     1          38.084          -7.395          -2.697         -10.728           38.721
  181 (vir)     1          38.439          -6.785          -2.525         -10.339           39.467
  182 (vir)     1          39.154          -7.910          -3.424         -11.735           39.554
  183 (vir)     1          39.194          -7.264          -2.846         -11.145           40.228
  184 (vir)     1          40.002          -7.863          -3.030         -11.488           40.597
  185 (vir)     1          40.351          -9.043          -3.149         -11.703           39.862
  186 (vir)     1          41.014           1.669          -3.511         -12.444           51.616
  187 (vir)     1          41.240           4.324          -3.780         -12.630           54.415
  188 (vir)     1          41.962          -8.308          -3.031         -11.487           42.110
  189 (vir)     1          42.143          -8.867          -3.377         -12.304           42.203
  190 (vir)     1          42.584          -8.627          -2.576         -10.552           41.933
  191 (vir)     1          43.363         -10.644          -3.318         -12.797           42.198
  192 (vir)     1          44.051          -9.221          -2.951         -11.581           43.459
  193 (vir)     1          44.330          -8.868          -2.857         -11.701           44.306
  194 (vir)     1          45.233         -10.250          -3.125         -12.505           44.363
  195 (vir)     1          45.475         -10.933          -3.060         -12.281           43.762
  196 (vir)     1          46.195         -11.346          -3.404         -13.069           44.513
  197 (vir)     1          46.388          -9.704          -3.418         -12.592           45.858
  198 (vir)     1          46.705         -11.012          -3.302         -12.992           45.382
  199 (vir)     1          47.413         -10.581          -3.330         -12.838           46.341
  200 (vir)     1          47.535         -11.160          -3.321         -12.856           45.909
  201 (vir)     1          48.144         -11.726          -3.317         -12.891           45.993
  202 (vir)     1          48.667         -11.704          -3.417         -13.286           46.832
  203 (vir)     1          48.969          -9.617          -3.148         -12.735           48.939
  204 (vir)     1          49.340         -11.036          -2.918         -12.492           47.878
  205 (vir)     1          49.487          -8.729          -3.163         -12.903           50.498
  206 (vir)     1          50.323         -11.555          -2.986         -12.616           48.398
  207 (vir)     1          50.584         -11.372          -3.499         -13.365           49.078
  208 (vir)     1          51.111           6.150          -3.246         -13.102           67.117
  209 (vir)     1          51.437         -11.383          -2.956         -12.448           49.546
  210 (vir)     1          51.523          -8.516          -3.574         -13.879           53.312
  211 (vir)     1          52.042           6.249          -3.427         -13.274           68.138
  212 (vir)     1          52.402          -8.635          -3.145         -12.984           53.605
  213 (vir)     1          52.486         -11.599          -3.236         -13.048           50.699
  214 (vir)     1          53.143         -12.018          -2.840         -12.595           50.880
  215 (vir)     1          53.461          -9.965          -2.818         -12.521           53.199
  216 (vir)     1          54.136         -12.555          -2.864         -12.882           51.598
  217 (vir)     1          54.573         -12.186          -2.997         -12.895           52.285
  218 (vir)     1          55.085         -12.071          -3.041         -13.273           53.246
  219 (vir)     1          55.545         -11.159          -3.003         -13.271           54.653
  220 (vir)     1          56.230           5.751          -3.337         -13.637           72.282
  221 (vir)     1          56.448           5.748          -3.192         -13.618           72.623
  222 (vir)     1          56.629           5.673          -3.251         -13.521           72.572
  223 (vir)     1          56.860           5.562          -2.938         -13.066           72.550
  224 (vir)     1          56.958           5.694          -2.953         -13.143           72.841
  225 (vir)     1          57.240           4.970          -2.974         -13.326           72.562
  226 (vir)     1          57.403           5.767          -2.931         -13.092           73.331
  227 (vir)     1          57.902           5.422          -3.058         -13.436           73.701
  228 (vir)     1          58.248           4.910          -2.997         -13.409           73.570
  229 (vir)     1          58.902           5.524          -2.835         -12.975           74.566
  230 (vir)     1          59.316           4.707          -2.653         -13.042           74.412
  231 (vir)     1          59.369           6.898          -3.151         -13.730           76.846
  232 (vir)     1          60.118           5.815          -3.216         -14.250           76.967
  233 (vir)     1          60.264           3.694          -2.947         -13.259           74.270
  234 (vir)     1          60.791           5.314          -2.735         -13.334           76.704
  235 (vir)     1          60.909           4.840          -2.767         -13.297           76.279
  236 (vir)     1          61.202           4.565          -2.916         -13.545           76.397
  237 (vir)     1          61.959           5.004          -2.969         -13.928           77.923
  238 (vir)     1          62.203           4.486          -2.661         -13.147           77.174
  239 (vir)     1          62.853           4.182          -2.820         -13.439           77.655
  240 (vir)     1          63.617           4.871          -2.661         -13.492           79.319
  241 (vir)     1          63.805           4.825          -2.689         -13.551           79.491
  242 (vir)     1          63.910           4.875          -2.513         -13.244           79.517
  243 (vir)     1          64.710           4.553          -2.683         -13.601           80.181
  244 (vir)     1          64.933           3.413          -2.525         -13.448           79.268
  245 (vir)     1          65.158           4.827          -3.071         -14.031           80.944
  246 (vir)     1          65.825           4.850          -2.630         -13.078           81.123
  247 (vir)     1          66.019           5.174          -2.877         -13.722           82.038
  248 (vir)     1          66.536           4.698          -2.669         -13.653           82.218
  249 (vir)     1          67.205           5.316          -2.725         -13.707           83.503
  250 (vir)     1          67.654           4.459          -2.568         -13.662           83.207
  251 (vir)     1          67.826           4.123          -2.386         -13.536           83.100
  252 (vir)     1          68.523           4.026          -2.440         -13.551           83.659
  253 (vir)     1          69.028           4.302          -2.430         -13.364           84.264
  254 (vir)     1          69.397           5.154          -2.761         -14.138           85.928
  255 (vir)     1          70.544           4.447          -2.599         -13.746           86.138
  256 (vir)     1          70.664           4.246          -2.481         -13.802           86.230
  257 (vir)     1          71.218           4.342          -2.818         -14.561           87.303
  258 (vir)     1          71.563           4.553          -2.766         -14.385           87.735
  259 (vir)     1          71.636           4.790          -2.555         -14.032           87.903
  260 (vir)     1          72.058           5.026          -2.262         -13.639           88.461
  261 (vir)     1          72.958           4.586          -2.353         -13.808           89.000
  262 (vir)     1          73.284           4.882          -2.589         -13.966           89.543
  263 (vir)     1          74.036           4.109          -2.693         -14.340           89.793
  264 (vir)     1          74.131           4.741          -2.595         -14.245           90.522
  265 (vir)     1          74.805           4.798          -2.616         -14.182           91.169
  266 (vir)     1          75.000           5.132          -2.478         -13.803           91.457
  267 (vir)     1          75.238           4.264          -2.285         -13.907           91.125
  268 (vir)     1          75.724           4.292          -2.578         -14.116           91.553
  269 (vir)     1          75.992           5.568          -2.406         -14.393           93.547
  270 (vir)     1          76.504           4.626          -2.450         -14.220           92.899
  271 (vir)     1          77.102           4.945          -2.520         -14.543           94.071
  272 (vir)     1          77.392           4.736          -2.538         -14.251           93.840
  273 (vir)     1          77.610           4.633          -2.517         -14.129           93.855
  274 (vir)     1          78.317           4.438          -2.367         -14.027           94.415
  275 (vir)     1          79.005           4.622          -2.390         -14.202           95.438
  276 (vir)     1          79.289           4.526          -2.434         -14.603           95.984
  277 (vir)     1          79.476           5.026          -2.526         -14.778           96.755
  278 (vir)     1          80.960           5.040          -2.544         -14.845           98.301
  279 (vir)     1          81.089           4.975          -2.516         -14.905           98.453
  280 (vir)     1          81.765           4.283          -2.664         -14.974           98.357
  281 (vir)     1          81.887           4.871          -2.695         -15.149           99.212
  282 (vir)     1          82.613           4.836          -2.653         -15.199           99.995
  283 (vir)     1          83.138           3.756          -2.167         -13.940           98.667
  284 (vir)     1          83.462           4.138          -2.485         -14.816           99.931
  285 (vir)     1          83.689           3.870          -2.348         -14.604           99.815
  286 (vir)     1          83.823           3.760          -2.389         -14.705           99.899
  287 (vir)     1          85.361           4.438          -2.403         -14.280          101.677
  288 (vir)     1          85.829           3.681          -2.464         -14.786          101.831
  289 (vir)     1          86.283           4.694          -2.368         -14.946          103.554
  290 (vir)     1          86.456           4.402          -2.343         -14.751          103.267
  291 (vir)     1          86.920           4.877          -2.535         -15.518          104.780
  292 (vir)     1          87.175           4.630          -2.537         -15.527          104.795
  293 (vir)     1          87.222           3.626          -2.420         -15.120          103.548
  294 (vir)     1          87.966           4.074          -2.286         -14.878          104.632
  295 (vir)     1          88.799           4.763          -2.464         -14.794          105.892
  296 (vir)     1          88.867           4.583          -2.511         -15.353          106.292
  297 (vir)     1          89.599           4.147          -2.758         -15.640          106.629
  298 (vir)     1          89.946           4.301          -2.371         -14.966          106.843
  299 (vir)     1          90.898           3.738          -2.490         -15.828          107.973
  300 (vir)     1          92.040           3.703          -2.364         -15.160          108.539
  301 (vir)     1          92.550           3.655          -2.094         -14.033          108.144
  302 (vir)     1          93.068           4.104          -2.400         -15.190          109.962
  303 (vir)     1          93.944           4.069          -2.286         -14.906          110.634
  304 (vir)     1          95.118           3.639          -2.164         -14.771          111.364
  305 (vir)     1          95.677           4.480          -2.428         -15.557          113.287
  306 (vir)     1          96.430           3.369          -2.323         -15.512          112.987
  307 (vir)     1          96.774           3.266          -2.388         -15.338          112.990
  308 (vir)     1          97.656           3.244          -1.952         -13.988          112.934
  309 (vir)     1          98.358           3.240          -2.167         -14.612          114.044
  310 (vir)     1          99.211           3.371          -2.270         -15.228          115.539
  311 (vir)     1         101.321           3.250          -2.209         -14.863          117.225
  312 (vir)     1         101.697           3.270          -2.251         -14.981          117.698
  313 (vir)     1         102.896           3.267          -2.261         -15.160          119.062
  314 (vir)     1         104.376           3.457          -2.491         -15.681          121.023
  315 (vir)     1         106.717           3.108          -2.392         -15.634          123.067
  316 (vir)     1         107.026           3.386          -2.117         -14.593          122.887
  317 (vir)     1         110.350           3.271          -2.363         -15.912          127.170
  318 (vir)     1         112.138           3.227          -2.301         -15.994          129.058
  319 (vir)     1         113.791           3.145          -2.205         -15.800          130.531
  320 (vir)     1         114.469           2.825          -2.437         -16.443          131.301
  321 (vir)     1         116.596           2.823          -2.566         -16.740          133.592
  322 (vir)     1         119.644           3.269          -2.460         -17.127          137.580
  323 (vir)     1         120.238           2.552          -2.278         -16.339          136.852
  324 (vir)     1         123.416           2.820          -2.346         -16.824          140.714
  325 (vir)     1         126.257           2.519          -2.227         -16.804          143.352
  326 (vir)     1         128.498           2.900          -2.413         -17.165          146.150
  327 (vir)     1         128.658           2.631          -2.382         -17.438          146.345
  328 (vir)     1         130.463           2.646          -2.367         -16.990          147.732
  329 (vir)     1         131.839           4.982          -2.504         -19.211          153.528
  330 (vir)     1         132.631           2.187          -2.037         -16.623          149.405
  331 (vir)     1         134.082           3.039          -2.639         -18.484          152.966
  332 (vir)     1         136.572           2.829          -2.308         -17.945          155.039
  333 (vir)     1         138.769           2.655          -2.165         -17.626          156.886
  334 (vir)     1         139.564           2.728          -2.252         -17.653          157.694
  335 (vir)     1         140.802           3.066          -2.219         -17.702          159.351
  336 (vir)     1         141.460           2.198          -2.161         -17.099          158.597
  337 (vir)     1         153.879           2.780          -1.671         -15.709          170.696
  338 (vir)     1         161.596           2.572          -1.487         -15.227          177.908
  339 (vir)     1         163.127           2.734          -1.526         -15.369          179.704
  340 (vir)     1         163.742           2.693          -1.533         -15.534          180.436
  341 (vir)     1         165.035           2.114          -1.432         -15.038          180.755
  342 (vir)     1         180.355           1.602          -4.609         -23.100          200.448
  343 (vir)     1         183.111           1.578          -3.958         -22.951          203.682
  344 (vir)     1         185.997           1.719          -3.601         -22.938          207.053
  345 (vir)     1         188.907           1.798          -3.833         -23.112          209.984
  346 (vir)     1         193.083           1.990          -4.108         -23.088          214.053
  347 (vir)     1         211.618           5.114          -1.325         -16.283          231.689
  348 (vir)     1         225.809           5.771          -1.333         -17.442          247.689
  349 (vir)     1         231.075           5.593          -1.509         -17.639          252.799
  350 (vir)     1         231.454           5.432          -1.282         -16.788          252.393
  351 (vir)     1         237.019           4.302          -1.464         -17.363          257.220
  352 (vir)     1         239.810           1.368          -1.991         -20.249          259.436
  353 (vir)     1         239.920           5.062          -1.064         -15.694          259.611
  354 (vir)     1         240.589          10.448          -0.740         -14.028          264.325
  355 (vir)     1         240.870           0.990          -2.132         -21.691          261.419
  356 (vir)     1         241.810           4.495          -1.190         -15.950          261.066
  357 (vir)     1         242.433           6.100          -0.942         -14.298          261.889
  358 (vir)     1         243.659           1.278          -2.250         -21.146          263.833
  359 (vir)     1         244.544           1.822          -1.707         -18.814          263.472
  360 (vir)     1         245.297           1.410          -1.773         -19.468          264.402
  361 (vir)     1         246.081           1.175          -2.344         -22.296          267.208
  362 (vir)     1         248.173           0.927          -2.532         -22.076          268.643
  363 (vir)     1         254.505           1.950          -1.675         -19.316          274.095
  364 (vir)     1         289.016           0.898          -1.544         -20.032          308.402
 
