 
  kpoint:       1             coordinate:     0.0000    0.0000    0.0000                  spin:  1
 
    n           k   ϵ_nk^DFT (eV)     Σ^c_nk (eV)     Σ^x_nk (eV)    v_nk^xc (eV)   ϵ_nk^G0W0 (eV)
 
    1 (occ)     1         -22.097           8.379         -22.567         -14.151          -22.133
    2 (occ)     1         -19.058           5.954         -21.798         -14.382          -20.520
    3 (occ)     1         -10.901          -0.041         -16.226         -12.949          -14.220
    4 (occ)     1          -8.794           1.634         -16.876         -12.224          -11.812
    5 (occ)     1          -8.794           1.634         -16.876         -12.224          -11.812
    6 (occ)     1          -6.709           0.950         -16.698         -12.669           -9.787
    7 (occ)     1          -6.709           0.950         -16.698         -12.669           -9.787
    8 (vir)     1          -4.509          -1.086          -7.521         -12.162           -0.953
    9 (vir)     1           2.883          -1.239          -2.386          -6.390            5.648
   10 (vir)     1           3.309          -0.975          -2.553          -6.432            6.213
   11 (vir)     1           3.309          -0.975          -2.553          -6.432            6.213
   12 (vir)     1           3.478          -1.143          -3.130          -7.343            6.547
   13 (vir)     1           3.478          -1.143          -3.130          -7.343            6.547
   14 (vir)     1           4.192          -1.269          -1.702          -5.564            6.784
   15 (vir)     1           5.665          -1.103          -2.315          -6.267            8.514
   16 (vir)     1           5.665          -1.103          -2.315          -6.267            8.514
   17 (vir)     1           6.298          -1.654          -2.268          -6.661            9.037
   18 (vir)     1           6.298          -1.655          -2.268          -6.661            9.037
   19 (vir)     1           6.915          -2.012          -2.065          -6.380            9.218
   20 (vir)     1           6.915          -2.016          -2.065          -6.380            9.215
   21 (vir)     1           7.181          -2.135          -1.789          -6.275            9.533
   22 (vir)     1           7.330          -2.288          -2.142          -6.817            9.717
   23 (vir)     1           9.349          -0.956          -0.461          -3.883           11.815
   24 (vir)     1           9.349          -0.956          -0.461          -3.883           11.815
   25 (vir)     1           9.979          -1.165          -0.873          -4.424           12.365
   26 (vir)     1           9.979          -1.165          -0.873          -4.424           12.365
   27 (vir)     1           9.989          -1.893          -1.474          -5.904           12.526
   28 (vir)     1          10.769          -1.265          -0.553          -4.192           13.142
   29 (vir)     1          10.769          -1.265          -0.554          -4.192           13.142
   30 (vir)     1          12.113          -1.038          -0.421          -3.898           14.552
   31 (vir)     1          12.113          -1.038          -0.421          -3.898           14.552
   32 (vir)     1          12.374          -1.633          -2.095          -6.713           15.358
   33 (vir)     1          12.374          -1.633          -2.095          -6.713           15.358
   34 (vir)     1          14.499          -1.285          -1.299          -5.405           17.319
   35 (vir)     1          14.499          -1.284          -1.299          -5.405           17.320
   36 (vir)     1          15.246          -1.849          -1.017          -5.400           17.780
   37 (vir)     1          18.175          -7.995          -3.958         -11.591           17.813
   38 (vir)     1          19.599          -4.307          -2.870          -9.423           21.845
   39 (vir)     1          19.599          -4.307          -2.870          -9.423           21.845
   40 (vir)     1          22.958          -6.038          -4.577         -12.580           24.923
   41 (vir)     1          22.958          -6.042          -4.576         -12.580           24.920
   42 (vir)     1          23.173          -4.206          -2.069          -8.776           25.674
   43 (vir)     1          23.671          -2.889          -2.163          -8.483           27.102
   44 (vir)     1          25.904          -7.337          -3.028         -10.845           26.385
   45 (vir)     1          25.904          -7.318          -3.028         -10.845           26.404
   46 (vir)     1          26.561          -7.409          -3.727         -11.496           26.921
   47 (vir)     1          26.561          -7.412          -3.726         -11.496           26.918
   48 (vir)     1          28.990          -2.449          -2.763         -10.511           34.290
   49 (vir)     1          28.990          -2.500          -2.765         -10.511           34.237
   50 (vir)     1          29.262         -10.466          -3.594         -12.829           28.030
   51 (vir)     1          59.826           3.218          -1.106          -8.422           70.360
   52 (vir)     1          65.706           1.710          -2.295         -12.165           77.286
   53 (vir)     1          65.706           1.709          -2.293         -12.165           77.287
   54 (vir)     1          72.674           2.175          -2.069         -12.096           84.876
   55 (vir)     1          72.674           2.174          -2.066         -12.096           84.878
   56 (vir)     1          74.800           3.370          -1.796         -11.958           88.332
   57 (vir)     1          77.729           3.763          -1.288         -10.088           90.291
   58 (vir)     1         111.254           4.811          -0.760          -8.772          124.077
 
