 
  kpoint:       1             coordinate:     0.0000    0.0000    0.0000                  spin:  1
 
    n           k   ϵ_nk^DFT (eV)     Σ^c_nk (eV)     Σ^x_nk (eV)    v_nk^xc (eV)   ϵ_nk^G0W0 (eV)
 
    1 (occ)     1         -25.898           9.310         -31.204         -19.356          -28.436
    2 (occ)     1         -19.211           5.583         -24.565         -15.525          -22.668
    3 (occ)     1         -17.869           5.186         -24.101         -15.349          -21.436
    4 (occ)     1         -15.174           3.876         -23.365         -15.725          -18.938
    5 (occ)     1         -14.727           3.925         -22.833         -15.105          -18.529
    6 (occ)     1         -12.196           2.302         -21.788         -15.984          -15.698
    7 (occ)     1         -11.907           2.773         -20.875         -14.512          -15.498
    8 (occ)     1         -10.724           1.871         -19.548         -13.972          -14.429
    9 (occ)     1         -10.492           2.191         -21.176         -15.665          -13.812
   10 (occ)     1          -9.554           1.534         -19.548         -14.280          -13.287
   11 (occ)     1          -8.998           1.322         -19.672         -14.677          -12.671
   12 (occ)     1          -8.960           1.581         -19.793         -14.508          -12.665
   13 (occ)     1          -8.481           1.324         -20.173         -15.696          -11.634
   14 (occ)     1          -8.149           1.173         -19.239         -14.373          -11.842
   15 (occ)     1          -7.513           2.122         -22.511         -17.129          -10.774
   16 (occ)     1          -5.773           2.455         -23.374         -17.697           -8.994
   17 (vir)     1          -0.340          -0.734          -1.412          -3.740            1.253
   18 (vir)     1          -0.025          -0.653          -1.064          -3.225            1.483
   19 (vir)     1           0.183          -0.614          -0.885          -2.919            1.603
   20 (vir)     1           0.309          -0.595          -0.945          -2.916            1.684
   21 (vir)     1           0.755          -0.573          -0.848          -2.764            2.098
   22 (vir)     1           0.812          -0.521          -0.714          -2.524            2.101
   23 (vir)     1           0.964          -0.485          -0.647          -2.369            2.202
   24 (vir)     1           1.199          -0.516          -0.766          -2.512            2.429
   25 (vir)     1           1.345          -0.415          -0.786          -2.329            2.473
   26 (vir)     1           1.536          -0.560          -0.924          -2.839            2.890
   27 (vir)     1           1.701          -0.675          -1.195          -3.294            3.125
   28 (vir)     1           1.909          -1.478          -3.530          -7.248            4.149
   29 (vir)     1           1.949          -0.404          -0.477          -2.068            3.135
   30 (vir)     1           2.016          -0.500          -0.719          -2.488            3.285
   31 (vir)     1           2.091          -0.432          -0.501          -2.123            3.281
   32 (vir)     1           2.967          -0.647          -0.916          -3.051            4.455
   33 (vir)     1           3.134          -0.909          -1.771          -4.272            4.727
   34 (vir)     1           3.212          -0.730          -1.163          -3.558            4.878
   35 (vir)     1           3.458          -0.624          -0.848          -2.974            4.959
   36 (vir)     1           3.554          -1.116          -2.195          -5.435            5.679
   37 (vir)     1           3.768          -0.907          -1.584          -4.094            5.370
   38 (vir)     1           3.997          -1.041          -2.174          -4.918            5.700
   39 (vir)     1           4.069          -0.702          -1.006          -3.145            5.506
   40 (vir)     1           4.174          -1.396          -2.811          -6.246            6.214
   41 (vir)     1           4.403          -1.056          -1.862          -4.831            6.316
   42 (vir)     1           4.439          -1.278          -2.562          -6.029            6.628
   43 (vir)     1           4.550          -1.405          -2.584          -6.232            6.794
   44 (vir)     1           4.691          -2.194          -4.709          -9.622            7.409
   45 (vir)     1           4.817          -1.346          -2.701          -6.297            7.067
   46 (vir)     1           4.920          -1.390          -2.805          -6.357            7.083
   47 (vir)     1           4.922          -1.086          -2.156          -5.244            6.924
   48 (vir)     1           4.951          -1.118          -1.973          -4.968            6.827
   49 (vir)     1           5.319          -1.439          -2.594          -6.392            7.679
   50 (vir)     1           5.704          -1.098          -1.516          -4.538            7.627
   51 (vir)     1           5.764          -0.806          -0.681          -3.217            7.494
   52 (vir)     1           6.187          -0.960          -1.022          -3.847            8.052
   53 (vir)     1           6.308          -0.865          -0.973          -3.593            8.062
   54 (vir)     1           6.314          -0.917          -1.396          -4.151            8.152
   55 (vir)     1           6.462          -0.946          -1.066          -3.891            8.341
   56 (vir)     1           6.555          -0.942          -1.183          -4.106            8.536
   57 (vir)     1           7.208          -1.151          -1.430          -4.684            9.311
   58 (vir)     1           7.332          -0.995          -1.230          -4.307            9.414
   59 (vir)     1           7.652          -1.208          -1.735          -5.071            9.780
   60 (vir)     1           7.788          -2.368          -3.546          -8.578           10.452
   61 (vir)     1           8.307          -1.053          -1.309          -4.383           10.329
   62 (vir)     1           8.332          -2.492          -3.526          -8.580           10.894
   63 (vir)     1           8.333          -0.937          -1.049          -4.087           10.434
   64 (vir)     1           8.446          -1.549          -2.486          -6.378           10.789
   65 (vir)     1           9.604          -1.071          -0.505          -3.480           11.508
   66 (vir)     1           9.756          -1.588          -2.164          -6.110           12.114
   67 (vir)     1           9.763          -1.093          -1.500          -4.791           11.962
   68 (vir)     1           9.911          -1.325          -1.162          -4.729           12.152
   69 (vir)     1           9.930          -1.055          -1.006          -4.064           11.932
   70 (vir)     1          10.421          -2.176          -2.676          -7.470           13.039
   71 (vir)     1          11.404          -2.947          -3.585          -9.255           14.127
   72 (vir)     1          11.779          -1.381          -0.557          -3.867           13.708
   73 (vir)     1          11.931          -2.179          -1.918          -6.444           14.278
   74 (vir)     1          11.940          -1.217          -1.090          -4.523           14.157
   75 (vir)     1          12.252          -2.797          -2.754          -8.158           14.858
   76 (vir)     1          12.872          -2.205          -2.565          -7.416           15.518
   77 (vir)     1          12.957          -1.736          -1.304          -5.525           15.442
   78 (vir)     1          13.156          -2.931          -3.344          -9.169           16.050
   79 (vir)     1          13.238          -2.398          -2.578          -7.706           15.969
   80 (vir)     1          13.481          -2.457          -2.443          -7.661           16.242
   81 (vir)     1          13.531          -2.472          -2.457          -7.510           16.112
   82 (vir)     1          13.653          -2.847          -3.106          -8.831           16.531
   83 (vir)     1          13.790          -1.995          -1.988          -6.476           16.283
   84 (vir)     1          13.974          -2.065          -1.980          -6.671           16.600
   85 (vir)     1          14.039          -2.098          -1.897          -6.604           16.648
   86 (vir)     1          15.129          -1.991          -1.301          -5.737           17.574
   87 (vir)     1          15.493          -1.816          -1.312          -5.573           17.938
   88 (vir)     1          15.542          -1.546          -1.317          -5.408           18.087
   89 (vir)     1          16.170          -2.700          -2.396          -7.860           18.934
   90 (vir)     1          16.322          -2.794          -2.103          -7.622           19.047
   91 (vir)     1          17.408          -3.251          -2.703          -8.705           20.158
   92 (vir)     1          17.409          -2.523          -2.092          -7.346           20.140
   93 (vir)     1          17.427          -2.060          -1.690          -6.651           20.327
   94 (vir)     1          17.720          -2.172          -1.727          -6.574           20.395
   95 (vir)     1          18.131          -3.005          -2.367          -8.090           20.849
   96 (vir)     1          18.483          -1.856          -1.302          -5.847           21.172
   97 (vir)     1          18.489          -1.976          -1.050          -5.598           21.060
   98 (vir)     1          19.477          -2.730          -2.233          -7.856           22.370
   99 (vir)     1          20.165          -2.277          -1.346          -6.328           22.870
  100 (vir)     1          20.340          -2.426          -1.897          -7.284           23.301
  101 (vir)     1          20.666          -2.624          -1.708          -7.055           23.388
  102 (vir)     1          20.828          -2.978          -2.063          -7.948           23.735
  103 (vir)     1          21.036          -2.715          -2.098          -7.823           24.045
  104 (vir)     1          21.969          -3.014          -2.258          -8.261           24.958
  105 (vir)     1          22.218          -3.164          -2.361          -8.598           25.291
  106 (vir)     1          23.387          -2.757          -2.219          -8.095           26.506
  107 (vir)     1          23.749          -3.102          -1.564          -7.269           26.352
  108 (vir)     1          24.012          -3.037          -2.503          -8.606           27.078
  109 (vir)     1          24.190          -2.553          -1.622          -6.950           26.965
  110 (vir)     1          24.650          -2.406          -1.465          -7.123           27.902
  111 (vir)     1          25.541          -2.791          -1.616          -7.019           28.153
  112 (vir)     1          25.609          -3.204          -2.329          -8.553           28.629
  113 (vir)     1          25.617          -1.557          -1.171          -6.210           29.099
  114 (vir)     1          27.019          -3.239          -1.534          -7.564           29.809
  115 (vir)     1          27.177          -2.429          -1.370          -6.585           29.963
  116 (vir)     1          27.231          -3.108          -1.549          -7.434           30.009
  117 (vir)     1          27.544          -3.021          -1.895          -7.750           30.378
  118 (vir)     1          27.632          -2.882          -1.789          -7.509           30.470
  119 (vir)     1          27.869          -3.586          -2.367          -8.657           30.573
  120 (vir)     1          30.102          -3.542          -2.899          -9.677           33.337
  121 (vir)     1          30.262          -3.315          -1.669          -7.405           32.683
  122 (vir)     1          31.488          -3.787          -2.069          -8.513           34.145
  123 (vir)     1          31.568          -4.098          -3.008          -9.966           34.428
  124 (vir)     1          32.447          -3.539          -2.138          -8.360           35.129
  125 (vir)     1          33.643          -4.107          -2.247          -8.857           36.145
  126 (vir)     1          34.120          -4.738          -2.690          -9.970           36.663
  127 (vir)     1          34.573          -5.129          -2.587          -9.496           36.352
  128 (vir)     1          34.800          -4.816          -2.157          -9.298           37.126
  129 (vir)     1          35.717          -5.456          -2.329          -9.547           37.478
  130 (vir)     1          35.944          -5.421          -3.166         -10.947           38.304
  131 (vir)     1          36.622          -5.035          -2.078          -8.948           38.457
  132 (vir)     1          37.073          -5.109          -1.917          -8.896           38.944
  133 (vir)     1          37.313          -5.099          -2.401          -9.507           39.320
  134 (vir)     1          37.921          -5.014          -1.927          -8.824           39.804
  135 (vir)     1          39.448          -4.068          -1.189          -7.164           41.355
  136 (vir)     1          39.558          -6.054          -1.995          -9.566           41.076
  137 (vir)     1          40.419          -6.997          -3.320         -11.749           41.851
  138 (vir)     1          40.583          -6.445          -3.055         -11.573           42.655
  139 (vir)     1          41.839          -7.941          -3.445         -12.438           42.891
  140 (vir)     1          42.690          -7.205          -2.613         -10.593           43.464
  141 (vir)     1          44.500          -7.400          -2.695         -11.449           45.855
  142 (vir)     1          46.222          -8.989          -2.808         -12.182           46.607
  143 (vir)     1          46.504          -8.203          -2.235         -10.269           46.335
  144 (vir)     1          46.623          -9.120          -2.463         -11.118           46.159
  145 (vir)     1          47.018          -9.280          -3.366         -12.539           46.911
  146 (vir)     1          47.567          -8.758          -3.869         -13.310           48.250
  147 (vir)     1          50.403         -12.049          -3.080         -12.432           47.706
  148 (vir)     1          51.202         -10.595          -2.318         -11.427           49.716
  149 (vir)     1          51.685         -11.074          -2.607         -11.931           49.936
  150 (vir)     1          51.782         -11.239          -2.591         -11.966           49.918
  151 (vir)     1          52.446          -9.613          -3.719         -14.040           53.154
  152 (vir)     1          53.108         -12.163          -3.783         -13.782           50.943
  153 (vir)     1          55.712          -8.810          -2.654         -12.600           56.849
  154 (vir)     1          55.928         -10.301          -3.117         -12.766           55.277
  155 (vir)     1          55.955          -7.914          -2.635         -12.490           57.897
  156 (vir)     1          56.229          -6.870          -2.836         -13.098           59.620
  157 (vir)     1          57.221           4.972          -2.773         -12.717           72.137
  158 (vir)     1          57.614           4.855          -2.317         -11.451           71.603
  159 (vir)     1          57.961          -5.376          -2.949         -13.081           62.716
  160 (vir)     1          58.470          -4.111          -2.493         -12.204           64.071
  161 (vir)     1          58.829          -2.847          -2.420         -12.008           65.571
  162 (vir)     1          60.168           6.537          -3.270         -13.880           77.316
  163 (vir)     1          60.237         -11.678          -3.346         -13.313           58.526
  164 (vir)     1          60.314           4.458          -2.786         -12.758           74.744
  165 (vir)     1          62.035          -9.352          -2.522         -12.436           62.596
  166 (vir)     1          63.264           5.147          -2.608         -13.242           79.046
  167 (vir)     1          63.539           2.021          -2.888         -13.759           76.430
  168 (vir)     1          63.566           4.589          -2.764         -13.481           78.873
  169 (vir)     1          64.716           5.361          -2.938         -13.422           80.560
  170 (vir)     1          64.908           6.298          -2.773         -14.068           82.501
  171 (vir)     1          65.697           4.768          -2.541         -13.197           81.121
  172 (vir)     1          65.894           4.402          -2.415         -12.882           80.763
  173 (vir)     1          67.455           4.523          -2.534         -13.365           82.809
  174 (vir)     1          68.355           4.786          -2.230         -12.998           83.909
  175 (vir)     1          68.490           4.745          -2.499         -13.358           84.094
  176 (vir)     1          70.346           3.943          -2.412         -13.057           84.933
  177 (vir)     1          70.704           4.398          -2.436         -13.307           85.973
  178 (vir)     1          70.721           4.133          -2.585         -13.740           86.008
  179 (vir)     1          70.745           4.428          -2.365         -13.007           85.815
  180 (vir)     1          72.257           4.326          -2.483         -13.660           87.760
  181 (vir)     1          72.376           4.408          -2.148         -13.374           88.010
  182 (vir)     1          72.865           5.094          -2.550         -14.062           89.470
  183 (vir)     1          73.511           4.353          -3.033         -14.161           88.992
  184 (vir)     1          74.466           5.700          -2.850         -14.208           91.525
  185 (vir)     1          75.222           3.705          -2.092         -13.124           89.959
  186 (vir)     1          75.920           3.928          -2.315         -13.786           91.318
  187 (vir)     1          76.579           4.006          -2.345         -13.809           92.049
  188 (vir)     1          77.769           4.973          -2.992         -14.850           94.600
  189 (vir)     1          78.123           3.860          -2.313         -13.587           93.257
  190 (vir)     1          78.137           4.621          -2.424         -13.695           94.028
  191 (vir)     1          80.475           3.740          -2.413         -14.144           95.946
  192 (vir)     1          81.797           3.856          -2.303         -13.768           97.118
  193 (vir)     1          83.105           3.882          -2.850         -14.747           98.885
  194 (vir)     1          84.482           3.358          -2.084         -13.494           99.250
  195 (vir)     1          89.784           3.938          -2.744         -15.128          106.107
  196 (vir)     1          89.928           2.981          -2.434         -14.032          104.508
  197 (vir)     1          93.518           2.910          -2.480         -14.806          108.754
  198 (vir)     1          97.435           3.881          -2.497         -14.645          113.465
  199 (vir)     1          98.431           2.219          -2.458         -15.115          113.306
  200 (vir)     1         104.497           3.051          -2.462         -15.325          120.411
  201 (vir)     1         108.614           2.051          -2.078         -14.392          122.978
  202 (vir)     1         110.745           2.737          -2.042         -14.193          125.633
  203 (vir)     1         111.584           2.021          -2.037         -14.469          126.036
  204 (vir)     1         112.600           2.033          -2.006         -14.344          126.971
  205 (vir)     1         115.943           1.489          -1.912         -14.345          129.865
  206 (vir)     1         131.290           3.584          -4.010         -20.294          151.157
  207 (vir)     1         134.834           4.825          -3.643         -20.114          156.130
  208 (vir)     1         140.335           5.411          -3.372         -20.144          162.519
  209 (vir)     1         155.773           2.485          -1.733         -15.792          172.316
  210 (vir)     1         161.534           2.402          -1.836         -16.223          178.324
  211 (vir)     1         163.100           2.389          -1.677         -15.936          179.747
  212 (vir)     1         163.192           2.421          -1.656         -15.841          179.798
  213 (vir)     1         163.385           2.417          -1.704         -15.979          180.077
  214 (vir)     1         163.708           2.446          -1.655         -15.862          180.361
  215 (vir)     1         164.360           2.553          -1.734         -16.227          181.405
  216 (vir)     1         164.607           2.480          -1.749         -16.243          181.581
  217 (vir)     1         164.894           2.429          -1.666         -15.954          181.611
  218 (vir)     1         165.744           2.547          -1.703         -16.154          182.742
  219 (vir)     1         182.518           2.755          -5.050         -23.334          203.557
  220 (vir)     1         185.870           1.507          -4.864         -23.081          205.594
  221 (vir)     1         189.920           1.357          -4.828         -23.364          209.813
  222 (vir)     1         194.975           2.057          -4.151         -22.808          215.689
  223 (vir)     1         204.653           7.049          -0.900         -12.449          223.251
  224 (vir)     1         206.939           1.831          -3.993         -22.670          227.448
  225 (vir)     1         237.654          11.601          -0.889         -13.515          261.881
  226 (vir)     1         238.982           3.346          -0.894         -13.578          255.012
  227 (vir)     1         240.738           2.841          -0.963         -13.800          256.416
  228 (vir)     1         243.377           1.330          -3.034         -22.126          263.800
  229 (vir)     1         244.865           1.240          -3.172         -22.436          265.369
  230 (vir)     1         246.417           1.580          -3.340         -22.531          267.187
  231 (vir)     1         246.676           1.547          -3.326         -22.515          267.412
  232 (vir)     1         246.751           1.411          -3.482         -22.651          267.331
  233 (vir)     1         247.523           1.304          -3.479         -22.685          268.033
  234 (vir)     1         248.150           1.334          -3.299         -22.150          268.336
  235 (vir)     1         298.036           4.910          -2.541         -19.637          320.042
 
