 
  kpoint:       1             coordinate:     0.0000    0.0000    0.0000                  spin:  1
 
    n           k   ϵ_nk^DFT (eV)     Σ^c_nk (eV)     Σ^x_nk (eV)    v_nk^xc (eV)   ϵ_nk^G0W0 (eV)
 
    1 (occ)     1         -16.428           3.929         -20.189         -12.897          -19.792
    2 (occ)     1         -11.196           2.243         -18.266         -12.268          -14.951
    3 (occ)     1         -10.534           0.708         -16.296         -12.067          -14.056
    4 (occ)     1          -9.405           1.443         -17.230         -12.152          -13.040
    5 (occ)     1          -9.024           1.086         -17.270         -12.524          -12.684
    6 (occ)     1          -7.865           1.025         -17.343         -12.621          -11.563
    7 (vir)     1          -2.002          -2.009          -4.168          -9.333            1.154
    8 (vir)     1          -0.242          -0.753          -1.370          -3.843            1.478
    9 (vir)     1           0.598          -0.959          -1.878          -4.928            2.689
   10 (vir)     1           0.634          -0.534          -0.799          -2.724            2.025
   11 (vir)     1           0.774          -0.474          -0.722          -2.572            2.150
   12 (vir)     1           0.849          -0.437          -0.484          -2.095            2.023
   13 (vir)     1           1.701          -0.355          -0.521          -2.020            2.844
   14 (vir)     1           1.890          -0.539          -0.639          -2.653            3.365
   15 (vir)     1           2.158          -0.615          -0.623          -2.941            3.860
   16 (vir)     1           2.529          -0.524          -0.439          -2.085            3.652
   17 (vir)     1           2.574          -1.090          -2.518          -5.979            4.945
   18 (vir)     1           3.247          -0.663          -1.196          -3.172            4.560
   19 (vir)     1           3.260          -1.465          -2.556          -6.533            5.772
   20 (vir)     1           3.470          -1.259          -1.865          -5.355            5.700
   21 (vir)     1           3.581          -1.089          -1.274          -4.307            5.526
   22 (vir)     1           4.216          -0.772          -1.096          -3.481            5.829
   23 (vir)     1           4.321          -0.695          -1.120          -3.396            5.902
   24 (vir)     1           4.376          -0.531          -0.536          -2.324            5.633
   25 (vir)     1           4.727          -0.601          -0.398          -2.705            6.433
   26 (vir)     1           5.639          -1.186          -0.852          -3.774            7.376
   27 (vir)     1           5.828          -0.496          -0.184          -2.294            7.442
   28 (vir)     1           5.880          -1.204          -1.636          -5.026            8.065
   29 (vir)     1           6.024          -0.772          -1.254          -4.149            8.146
   30 (vir)     1           6.049          -0.676          -0.574          -2.931            7.729
   31 (vir)     1           6.284          -0.776          -1.122          -3.799            8.185
   32 (vir)     1           6.468          -1.358          -1.822          -5.433            8.721
   33 (vir)     1           6.787          -0.866          -1.393          -4.181            8.710
   34 (vir)     1           7.470          -1.507          -1.400          -5.078            9.641
   35 (vir)     1           7.498          -1.324          -0.775          -3.904            9.303
   36 (vir)     1           7.583          -0.613          -0.319          -2.733            9.383
   37 (vir)     1           7.714          -1.240          -1.109          -4.473            9.838
   38 (vir)     1           8.527          -0.671          -0.183          -2.475           10.147
   39 (vir)     1           8.563          -0.958          -0.532          -3.472           10.544
   40 (vir)     1           8.669          -1.266          -1.484          -4.782           10.700
   41 (vir)     1           8.895          -0.732          -0.309          -3.017           10.871
   42 (vir)     1           9.133          -0.696          -0.330          -2.907           11.014
   43 (vir)     1           9.438          -0.744          -0.257          -2.969           11.405
   44 (vir)     1           9.695          -0.908          -0.940          -4.097           11.945
   45 (vir)     1          10.928          -1.612          -1.099          -4.708           12.925
   46 (vir)     1          10.956          -1.632          -1.536          -5.471           13.259
   47 (vir)     1          11.607          -1.122          -0.773          -3.915           13.627
   48 (vir)     1          12.654          -1.782          -1.732          -6.132           15.272
   49 (vir)     1          12.776          -2.618          -1.326          -6.037           14.868
   50 (vir)     1          12.823          -0.763          -0.332          -3.142           14.870
   51 (vir)     1          13.779          -1.141          -0.571          -3.933           16.000
   52 (vir)     1          13.984          -1.349          -0.734          -4.236           16.136
   53 (vir)     1          14.057          -2.433          -2.197          -7.452           16.879
   54 (vir)     1          14.449          -0.841          -0.449          -3.515           16.675
   55 (vir)     1          14.499          -1.098          -0.730          -3.997           16.667
   56 (vir)     1          14.826          -1.459          -0.787          -4.847           17.428
   57 (vir)     1          15.034          -1.907          -1.205          -5.677           17.598
   58 (vir)     1          15.239          -2.976          -2.446          -7.915           17.732
   59 (vir)     1          16.037          -2.981          -2.213          -7.628           18.471
   60 (vir)     1          17.340          -2.824          -1.790          -7.390           20.116
   61 (vir)     1          18.853          -2.567          -1.275          -6.123           21.134
   62 (vir)     1          20.420          -2.615          -1.590          -6.596           22.811
   63 (vir)     1          20.773          -2.153          -0.868          -5.391           23.143
   64 (vir)     1          20.973          -3.693          -0.951          -6.538           22.867
   65 (vir)     1          22.078          -3.687          -1.663          -6.975           23.703
   66 (vir)     1          22.197          -4.053          -2.578          -9.169           24.735
   67 (vir)     1          22.524          -3.474          -1.596          -7.226           24.680
   68 (vir)     1          23.930          -5.034          -2.494          -9.044           25.445
   69 (vir)     1          24.768          -4.379          -1.843          -7.812           26.358
   70 (vir)     1          25.723          -4.111          -1.544          -8.120           28.189
   71 (vir)     1          25.819          -4.878          -1.413          -7.767           27.295
   72 (vir)     1          25.883          -4.919          -1.184          -7.925           27.706
   73 (vir)     1          29.550          -8.134          -2.432          -9.924           28.908
   74 (vir)     1          30.878          -5.761          -1.595          -8.069           31.591
   75 (vir)     1          31.219          -6.341          -1.984          -8.349           31.243
   76 (vir)     1          34.491           3.950          -1.981         -10.167           46.627
   77 (vir)     1          39.262           2.653          -1.860          -9.962           50.017
   78 (vir)     1          43.799           2.082          -1.367          -8.275           52.789
   79 (vir)     1          44.753           3.351          -2.192         -10.924           56.836
   80 (vir)     1          45.797           4.061          -1.978         -11.150           59.029
   81 (vir)     1          48.195           3.378          -2.153         -11.082           60.501
   82 (vir)     1          48.921           2.936          -1.977         -10.767           60.648
   83 (vir)     1          49.828           2.855          -2.280         -11.395           61.799
   84 (vir)     1          50.733           3.339          -1.984         -11.192           63.280
   85 (vir)     1          50.776           3.527          -2.288         -11.343           63.358
   86 (vir)     1          54.078           3.375          -2.283         -11.485           66.655
   87 (vir)     1          54.898           2.258          -1.698         -10.529           65.987
   88 (vir)     1          56.059           3.227          -2.145         -12.344           69.485
   89 (vir)     1          56.112           3.234          -1.739         -10.939           68.546
   90 (vir)     1          56.290           3.598          -2.077         -11.698           69.509
   91 (vir)     1          58.253           2.261          -1.851         -11.458           70.121
   92 (vir)     1          59.103           2.703          -1.676         -10.927           71.057
   93 (vir)     1          63.246           2.545          -1.792         -11.559           75.558
   94 (vir)     1          64.239           2.422          -2.031         -12.658           77.288
   95 (vir)     1          65.883           2.139          -1.764         -12.246           78.504
   96 (vir)     1          66.354           2.757          -1.726         -11.813           79.198
   97 (vir)     1          69.918           2.157          -1.972         -12.478           82.581
   98 (vir)     1          70.536           2.395          -2.156         -12.634           83.409
   99 (vir)     1          74.893           2.153          -1.951         -12.483           87.578
  100 (vir)     1          79.718           2.188          -1.999         -13.059           92.966
  101 (vir)     1          87.108           1.945          -1.888         -13.134          100.299
  102 (vir)     1          87.689           1.864          -1.761         -12.697          100.490
  103 (vir)     1          87.773           1.688          -1.445         -12.354          100.370
  104 (vir)     1          99.624           1.393          -1.633         -12.768          112.153
  105 (vir)     1         145.182           2.688          -1.637         -14.988          161.221
  106 (vir)     1         153.825           2.286          -1.715         -15.852          170.247
  107 (vir)     1         155.925           2.189          -1.716         -15.920          172.318
  108 (vir)     1         156.074           2.416          -1.644         -15.778          172.624
  109 (vir)     1         156.541           2.480          -1.535         -15.060          172.547
  110 (vir)     1         159.968           2.007          -1.657         -15.883          176.201
  111 (vir)     1         166.177           4.864          -0.871         -11.722          181.892
  112 (vir)     1         177.148           7.876          -0.518          -9.727          194.233
 
