 
  kpoint:       1             coordinate:     0.0000    0.0000    0.0000                  spin:  1
 
    n           k   ϵ_nk^DFT (eV)     Σ^c_nk (eV)     Σ^x_nk (eV)    v_nk^xc (eV)   ϵ_nk^G0W0 (eV)
 
    1 (occ)     1         -19.568           6.023         -24.247         -14.909          -22.883
    2 (occ)     1         -17.763           5.192         -23.648         -14.925          -21.293
    3 (occ)     1         -15.369           4.140         -22.814         -14.935          -19.107
    4 (occ)     1         -13.994           3.460         -21.767         -14.510          -17.791
    5 (occ)     1         -11.356           2.081         -19.373         -13.582          -15.066
    6 (occ)     1         -10.300           1.756         -19.424         -14.092          -13.875
    7 (occ)     1         -10.155           1.741         -19.530         -14.324          -13.620
    8 (occ)     1          -9.869           1.595         -19.221         -13.894          -13.602
    9 (occ)     1          -8.803           1.331         -19.274         -14.342          -12.403
   10 (occ)     1          -8.299           1.200         -19.098         -14.203          -11.994
   11 (occ)     1          -7.988           1.198         -19.191         -14.789          -11.192
   12 (occ)     1          -7.659           1.104         -19.075         -14.650          -10.981
   13 (occ)     1          -7.570           1.038         -18.586         -13.888          -11.230
   14 (vir)     1          -0.338          -0.738          -1.324          -3.656            1.257
   15 (vir)     1           0.015          -0.657          -1.042          -3.218            1.533
   16 (vir)     1           0.224          -0.613          -0.881          -2.903            1.632
   17 (vir)     1           0.272          -0.621          -0.979          -3.026            1.697
   18 (vir)     1           0.786          -0.548          -0.803          -2.675            2.110
   19 (vir)     1           1.041          -0.532          -0.737          -2.587            2.360
   20 (vir)     1           1.150          -0.427          -0.545          -2.123            2.301
   21 (vir)     1           1.195          -0.429          -0.464          -2.010            2.313
   22 (vir)     1           1.290          -0.477          -0.726          -2.392            2.479
   23 (vir)     1           1.630          -0.604          -0.950          -2.951            3.027
   24 (vir)     1           1.955          -0.464          -0.614          -2.272            3.150
   25 (vir)     1           2.079          -0.383          -0.424          -1.885            3.158
   26 (vir)     1           2.220          -0.611          -0.898          -3.017            3.728
   27 (vir)     1           2.430          -0.423          -0.430          -2.095            3.672
   28 (vir)     1           2.779          -0.839          -1.515          -3.888            4.313
   29 (vir)     1           3.343          -0.616          -0.890          -2.909            4.746
   30 (vir)     1           3.611          -1.088          -2.182          -5.226            5.567
   31 (vir)     1           3.650          -0.940          -1.668          -4.417            5.459
   32 (vir)     1           3.766          -1.223          -2.541          -5.863            5.865
   33 (vir)     1           3.852          -0.864          -1.498          -3.951            5.442
   34 (vir)     1           3.861          -1.046          -1.912          -5.040            5.943
   35 (vir)     1           4.201          -1.188          -2.006          -5.287            6.294
   36 (vir)     1           4.274          -0.769          -1.265          -3.588            5.828
   37 (vir)     1           4.361          -0.999          -1.969          -4.795            6.187
   38 (vir)     1           4.449          -0.935          -1.469          -4.231            6.276
   39 (vir)     1           4.641          -0.769          -1.160          -3.560            6.272
   40 (vir)     1           4.671          -1.122          -1.994          -4.941            6.495
   41 (vir)     1           4.942          -0.770          -1.002          -3.501            6.672
   42 (vir)     1           4.961          -1.077          -1.853          -4.879            6.910
   43 (vir)     1           5.137          -1.325          -2.358          -5.863            7.317
   44 (vir)     1           5.152          -1.150          -2.024          -5.143            7.120
   45 (vir)     1           5.367          -1.959          -3.874          -8.578            8.113
   46 (vir)     1           5.653          -0.759          -0.940          -3.303            7.257
   47 (vir)     1           5.671          -0.901          -1.358          -4.069            7.481
   48 (vir)     1           6.191          -1.358          -2.072          -5.645            8.406
   49 (vir)     1           6.421          -1.570          -2.629          -6.471            8.692
   50 (vir)     1           6.591          -1.207          -1.519          -4.865            8.730
   51 (vir)     1           6.826          -1.189          -1.635          -4.771            8.772
   52 (vir)     1           7.249          -0.897          -1.421          -4.209            9.140
   53 (vir)     1           7.566          -1.605          -2.357          -6.429           10.033
   54 (vir)     1           7.768          -1.404          -2.236          -5.854            9.982
   55 (vir)     1           7.942          -1.128          -1.249          -4.525           10.090
   56 (vir)     1           8.417          -1.344          -1.939          -5.678           10.812
   57 (vir)     1           8.567          -0.912          -0.770          -3.702           10.588
   58 (vir)     1           8.813          -1.195          -1.241          -4.704           11.082
   59 (vir)     1           9.013          -1.769          -2.366          -6.452           11.331
   60 (vir)     1           9.418          -1.087          -0.737          -3.997           11.590
   61 (vir)     1           9.956          -1.382          -1.612          -5.179           12.140
   62 (vir)     1          10.331          -0.967          -0.429          -3.430           12.365
   63 (vir)     1          10.349          -1.173          -0.783          -4.215           12.608
   64 (vir)     1          10.917          -1.593          -1.323          -5.153           13.154
   65 (vir)     1          11.072          -1.087          -0.735          -4.052           13.302
   66 (vir)     1          12.247          -2.896          -2.955          -8.598           14.994
   67 (vir)     1          12.379          -3.128          -3.222          -9.139           15.169
   68 (vir)     1          12.486          -1.981          -2.398          -6.917           15.023
   69 (vir)     1          12.784          -2.301          -2.405          -7.374           15.451
   70 (vir)     1          12.996          -2.072          -2.477          -7.217           15.665
   71 (vir)     1          13.033          -2.552          -2.702          -7.929           15.708
   72 (vir)     1          13.199          -1.702          -1.628          -5.764           15.633
   73 (vir)     1          13.381          -1.943          -1.707          -6.232           15.963
   74 (vir)     1          13.962          -1.445          -0.847          -4.639           16.309
   75 (vir)     1          14.092          -3.325          -3.254          -9.606           17.120
   76 (vir)     1          14.323          -3.337          -3.085          -9.356           17.256
   77 (vir)     1          14.363          -2.519          -2.282          -7.548           17.110
   78 (vir)     1          14.789          -1.944          -1.227          -5.587           17.205
   79 (vir)     1          14.920          -1.759          -1.361          -5.693           17.493
   80 (vir)     1          15.331          -1.783          -1.338          -5.634           17.845
   81 (vir)     1          15.586          -2.736          -2.410          -7.934           18.375
   82 (vir)     1          15.958          -1.873          -2.069          -6.757           18.773
   83 (vir)     1          16.154          -2.929          -2.646          -8.254           18.833
   84 (vir)     1          17.010          -1.532          -0.908          -4.881           19.451
   85 (vir)     1          17.085          -2.509          -2.201          -7.426           19.801
   86 (vir)     1          17.707          -2.941          -2.096          -7.754           20.423
   87 (vir)     1          18.714          -2.647          -1.941          -7.172           21.298
   88 (vir)     1          18.773          -2.642          -1.365          -6.703           21.470
   89 (vir)     1          18.822          -2.198          -1.772          -6.774           21.627
   90 (vir)     1          18.929          -2.177          -1.374          -6.131           21.510
   91 (vir)     1          19.623          -2.479          -2.056          -7.388           22.476
   92 (vir)     1          19.834          -2.261          -1.088          -5.838           22.323
   93 (vir)     1          21.452          -2.626          -1.625          -6.966           24.166
   94 (vir)     1          21.570          -3.256          -2.356          -8.535           24.493
   95 (vir)     1          22.009          -3.443          -2.096          -8.307           24.777
   96 (vir)     1          22.037          -2.775          -1.640          -7.054           24.676
   97 (vir)     1          22.612          -2.857          -1.438          -6.874           25.191
   98 (vir)     1          22.779          -2.595          -1.323          -6.437           25.299
   99 (vir)     1          23.323          -2.393          -1.476          -6.423           25.877
  100 (vir)     1          23.396          -2.653          -1.151          -6.453           26.044
  101 (vir)     1          23.406          -3.065          -1.607          -7.332           26.066
  102 (vir)     1          24.353          -2.851          -1.190          -6.427           26.738
  103 (vir)     1          24.479          -2.978          -1.598          -7.087           26.991
  104 (vir)     1          25.239          -3.161          -1.532          -7.251           27.797
  105 (vir)     1          25.354          -3.010          -1.768          -7.426           28.002
  106 (vir)     1          25.457          -3.167          -2.135          -8.074           28.229
  107 (vir)     1          26.964          -3.027          -1.366          -6.858           29.429
  108 (vir)     1          27.968          -3.901          -2.192          -8.696           30.571
  109 (vir)     1          28.082          -3.431          -1.730          -7.482           30.403
  110 (vir)     1          28.593          -4.218          -2.216          -8.995           31.153
  111 (vir)     1          30.261          -3.909          -2.058          -8.355           32.650
  112 (vir)     1          31.942          -4.051          -2.215          -8.501           34.177
  113 (vir)     1          32.177          -4.491          -2.371          -8.764           34.079
  114 (vir)     1          32.638          -3.959          -1.434          -7.581           34.825
  115 (vir)     1          33.673          -4.477          -2.050          -8.673           35.820
  116 (vir)     1          34.732          -5.169          -2.528          -9.603           36.638
  117 (vir)     1          34.874          -5.461          -1.496          -7.705           35.621
  118 (vir)     1          35.018          -4.872          -2.221          -8.996           36.921
  119 (vir)     1          35.578          -5.358          -2.490          -9.453           37.184
  120 (vir)     1          35.755          -5.718          -2.069          -9.369           37.338
  121 (vir)     1          36.280          -4.820          -2.073          -8.853           38.241
  122 (vir)     1          36.748          -5.558          -1.538          -8.117           37.769
  123 (vir)     1          37.531          -5.482          -1.863          -9.061           39.247
  124 (vir)     1          38.027          -6.679          -1.649          -8.592           38.291
  125 (vir)     1          38.563          -6.052          -2.147          -9.562           39.927
  126 (vir)     1          40.654          -5.277          -1.402          -7.827           41.803
  127 (vir)     1          40.974          -6.967          -2.456         -10.632           42.183
  128 (vir)     1          41.801          -6.648          -2.193          -9.726           42.687
  129 (vir)     1          42.757          -8.339          -2.488         -10.473           42.402
  130 (vir)     1          42.996          -6.988          -1.914          -9.357           43.452
  131 (vir)     1          44.993          -9.631          -1.955          -9.979           43.386
  132 (vir)     1          46.175          -8.987          -2.400         -10.707           45.495
  133 (vir)     1          46.238          -9.664          -2.805         -11.752           45.522
  134 (vir)     1          46.608          -9.619          -2.579         -11.794           46.204
  135 (vir)     1          48.757          -9.985          -2.285         -10.921           47.408
  136 (vir)     1          49.759         -11.637          -2.894         -12.104           47.332
  137 (vir)     1          50.730         -12.111          -2.723         -11.833           47.729
  138 (vir)     1          51.932         -11.799          -2.443         -11.954           49.643
  139 (vir)     1          52.541         -12.208          -2.607         -11.933           49.658
  140 (vir)     1          53.532         -10.557          -3.198         -13.147           52.923
  141 (vir)     1          54.109          -9.030          -2.596         -12.057           54.540
  142 (vir)     1          55.858          -5.851          -2.577         -12.805           60.234
  143 (vir)     1          55.877          -9.475          -2.549         -12.197           56.050
  144 (vir)     1          55.928          -9.862          -2.661         -12.427           55.831
  145 (vir)     1          56.258         -10.166          -2.541         -12.450           56.001
  146 (vir)     1          56.923           4.985          -2.744         -12.407           71.572
  147 (vir)     1          58.184         -10.041          -2.461         -12.439           58.121
  148 (vir)     1          58.984           5.492          -3.132         -14.015           75.359
  149 (vir)     1          59.055           4.704          -2.356         -12.289           73.693
  150 (vir)     1          59.222           4.451          -2.559         -12.378           73.492
  151 (vir)     1          61.950           4.445          -2.402         -12.462           76.455
  152 (vir)     1          63.243           4.035          -2.639         -13.087           77.726
  153 (vir)     1          63.935           4.257          -2.525         -13.054           78.721
  154 (vir)     1          64.195           4.176          -2.614         -12.959           78.716
  155 (vir)     1          64.457           4.105          -2.429         -12.657           78.791
  156 (vir)     1          65.636           4.406          -2.457         -13.109           80.694
  157 (vir)     1          66.014           4.401          -2.617         -13.490           81.289
  158 (vir)     1          67.280           4.048          -2.450         -12.895           81.773
  159 (vir)     1          67.415           4.368          -2.257         -12.672           82.198
  160 (vir)     1          67.759           4.914          -2.385         -13.504           83.792
  161 (vir)     1          68.659           3.693          -2.505         -13.071           82.919
  162 (vir)     1          69.430           4.523          -2.257         -13.222           84.918
  163 (vir)     1          69.870           3.938          -2.285         -13.012           84.536
  164 (vir)     1          71.105           4.232          -2.349         -13.481           86.469
  165 (vir)     1          71.459           3.646          -2.226         -13.170           86.048
  166 (vir)     1          72.227           4.069          -2.290         -13.579           87.585
  167 (vir)     1          72.958           4.114          -2.284         -13.463           88.251
  168 (vir)     1          73.362           3.646          -2.240         -13.260           88.028
  169 (vir)     1          73.997           3.294          -2.210         -12.566           87.648
  170 (vir)     1          74.270           3.946          -2.130         -13.285           89.371
  171 (vir)     1          75.030           3.800          -2.256         -13.705           90.279
  172 (vir)     1          77.159           3.357          -2.251         -13.478           91.743
  173 (vir)     1          77.827           3.430          -2.216         -13.299           92.341
  174 (vir)     1          79.308           2.788          -2.262         -13.296           93.130
  175 (vir)     1          79.793           4.020          -2.126         -13.720           95.406
  176 (vir)     1          80.696           3.614          -2.311         -13.698           95.697
  177 (vir)     1          80.787           3.576          -2.036         -13.309           95.637
  178 (vir)     1          81.410           3.456          -2.372         -14.123           96.617
  179 (vir)     1          81.937           3.393          -2.137         -13.495           96.688
  180 (vir)     1          82.806           2.483          -1.857         -12.082           95.514
  181 (vir)     1          86.542           2.832          -2.061         -13.267          100.581
  182 (vir)     1          87.726           2.659          -1.981         -13.054          101.457
  183 (vir)     1          89.640           2.887          -2.316         -14.010          104.220
  184 (vir)     1          98.294           2.338          -2.243         -14.247          112.635
  185 (vir)     1         101.051           2.450          -2.332         -15.008          116.177
  186 (vir)     1         101.546           2.488          -2.116         -14.461          116.379
  187 (vir)     1         104.347           2.410          -2.248         -15.110          119.620
  188 (vir)     1         111.437           2.022          -2.007         -14.298          125.750
  189 (vir)     1         112.287           2.159          -1.978         -14.344          126.813
  190 (vir)     1         112.730           2.153          -2.016         -14.513          127.379
  191 (vir)     1         113.359           2.015          -1.956         -14.274          127.691
  192 (vir)     1         117.296           2.074          -1.909         -14.391          131.852
  193 (vir)     1         156.969           2.579          -1.714         -15.819          173.654
  194 (vir)     1         162.422           2.441          -1.672         -15.863          179.053
  195 (vir)     1         162.912           2.526          -1.666         -15.870          179.642
  196 (vir)     1         163.269           2.492          -1.661         -15.865          179.964
  197 (vir)     1         163.274           2.489          -1.660         -15.867          179.970
  198 (vir)     1         163.845           2.527          -1.669         -15.894          180.597
  199 (vir)     1         163.928           2.640          -1.739         -16.232          181.061
  200 (vir)     1         164.179           2.531          -1.669         -15.912          180.952
  201 (vir)     1         165.178           2.653          -1.696         -16.111          182.246
  202 (vir)     1         165.976           2.648          -1.678         -16.062          183.008
  203 (vir)     1         208.973           8.562          -0.905         -12.369          229.000
  204 (vir)     1         238.820          -0.945          -0.889         -13.291          250.277
  205 (vir)     1         241.106           0.627          -0.901         -13.435          254.267
  206 (vir)     1         242.092           2.622          -0.912         -13.521          257.324
 
