 
  kpoint:       1             coordinate:     0.0000    0.0000    0.0000                  spin:  1
 
    n           k   ϵ_nk^DFT (eV)     Σ^c_nk (eV)     Σ^x_nk (eV)    v_nk^xc (eV)   ϵ_nk^G0W0 (eV)
 
    1 (occ)     1         -26.094          10.347         -30.857         -19.095          -27.508
    2 (occ)     1         -22.985           8.022         -28.952         -18.431          -25.484
    3 (occ)     1         -22.003           6.100         -27.516         -17.527          -25.893
    4 (occ)     1         -15.159           3.070         -23.686         -16.805          -18.971
    5 (occ)     1         -13.766           2.456         -22.872         -16.663          -17.518
    6 (occ)     1         -13.463           2.448         -22.534         -16.213          -17.336
    7 (occ)     1         -11.540           1.618         -22.267         -16.790          -15.399
    8 (occ)     1         -10.396           2.820         -21.087         -15.363          -13.300
    9 (occ)     1          -9.839           3.589         -26.014         -19.139          -13.126
   10 (occ)     1          -6.623           1.841         -20.859         -16.037           -9.604
   11 (occ)     1          -6.504           2.123         -22.695         -17.700           -9.375
   12 (occ)     1          -5.914           2.813         -24.564         -18.761           -8.904
   13 (vir)     1          -0.821          -0.822          -1.544          -4.186            0.999
   14 (vir)     1          -0.145          -1.231          -4.058          -7.548            2.113
   15 (vir)     1           0.242          -1.117          -3.631          -6.815            2.310
   16 (vir)     1           0.383          -0.637          -1.244          -3.437            1.939
   17 (vir)     1           0.978          -0.950          -3.442          -6.275            2.861
   18 (vir)     1           1.123          -0.630          -1.491          -3.666            2.668
   19 (vir)     1           1.286          -0.480          -0.716          -2.535            2.625
   20 (vir)     1           1.618          -0.491          -0.781          -2.703            3.049
   21 (vir)     1           1.773          -0.360          -0.608          -2.158            2.964
   22 (vir)     1           1.896          -0.333          -0.494          -2.038            3.107
   23 (vir)     1           2.330          -0.647          -1.153          -3.352            3.882
   24 (vir)     1           2.848          -0.496          -0.995          -2.881            4.237
   25 (vir)     1           3.186          -0.700          -1.286          -3.533            4.733
   26 (vir)     1           3.359          -0.389          -0.481          -2.099            4.589
   27 (vir)     1           3.452          -0.457          -0.669          -2.409            4.735
   28 (vir)     1           3.476          -0.419          -0.667          -2.242            4.631
   29 (vir)     1           3.559          -0.859          -1.478          -4.142            5.363
   30 (vir)     1           3.873          -0.914          -1.879          -4.507            5.587
   31 (vir)     1           4.341          -1.064          -2.012          -4.905            6.170
   32 (vir)     1           4.589          -0.579          -1.010          -3.144            6.144
   33 (vir)     1           4.817          -0.510          -0.608          -2.529            6.228
   34 (vir)     1           4.849          -1.004          -1.978          -4.850            6.717
   35 (vir)     1           5.295          -0.967          -1.565          -4.485            7.248
   36 (vir)     1           6.190          -1.154          -1.759          -5.122            8.399
   37 (vir)     1           6.736          -1.113          -1.801          -5.154            8.976
   38 (vir)     1           6.998          -0.977          -1.471          -4.567            9.116
   39 (vir)     1           7.510          -0.918          -1.308          -4.355            9.639
   40 (vir)     1           7.685          -1.893          -2.994          -7.544           10.342
   41 (vir)     1           8.271          -1.184          -1.976          -5.561           10.672
   42 (vir)     1           9.242          -1.794          -3.350          -7.693           11.790
   43 (vir)     1           9.432          -3.045          -4.791         -10.806           12.403
   44 (vir)     1           9.607          -1.410          -2.756          -6.297           11.737
   45 (vir)     1          10.186          -1.801          -2.927          -7.383           12.842
   46 (vir)     1          10.469          -2.274          -3.232          -8.411           13.375
   47 (vir)     1          11.592          -1.488          -1.864          -5.928           14.168
   48 (vir)     1          12.415          -1.740          -1.222          -5.234           14.688
   49 (vir)     1          12.763          -1.576          -1.140          -5.211           15.258
   50 (vir)     1          12.864          -1.619          -2.071          -6.268           15.442
   51 (vir)     1          13.567          -3.028          -3.338          -9.321           16.522
   52 (vir)     1          13.742          -1.679          -2.049          -6.310           16.323
   53 (vir)     1          14.017          -2.639          -3.016          -8.465           16.827
   54 (vir)     1          14.300          -1.995          -2.501          -7.127           16.930
   55 (vir)     1          14.669          -2.239          -2.506          -7.676           17.599
   56 (vir)     1          14.754          -3.399          -3.525          -9.814           17.644
   57 (vir)     1          15.692          -2.883          -2.539          -8.076           18.345
   58 (vir)     1          16.754          -3.015          -3.212          -9.295           19.821
   59 (vir)     1          17.284          -3.610          -3.319          -9.981           20.337
   60 (vir)     1          17.505          -2.627          -2.027          -7.524           20.376
   61 (vir)     1          20.367          -2.849          -2.396          -8.360           23.482
   62 (vir)     1          21.106          -2.911          -2.878          -8.987           24.304
   63 (vir)     1          21.408          -2.829          -2.466          -8.310           24.423
   64 (vir)     1          22.069          -3.481          -2.408          -8.701           24.881
   65 (vir)     1          22.623          -3.417          -3.278          -9.873           25.801
   66 (vir)     1          22.957          -3.976          -3.515         -10.547           26.013
   67 (vir)     1          23.428          -3.233          -2.314          -8.377           26.258
   68 (vir)     1          24.031          -3.748          -3.204          -9.972           27.051
   69 (vir)     1          27.285          -4.131          -3.697         -10.888           30.345
   70 (vir)     1          30.554          -4.987          -2.871          -9.852           32.547
   71 (vir)     1          32.128          -5.998          -2.921         -10.714           33.922
   72 (vir)     1          32.226          -6.750          -3.442         -11.704           33.738
   73 (vir)     1          33.929          -6.621          -4.553         -12.756           35.511
   74 (vir)     1          33.933          -8.129          -3.886         -12.010           33.928
   75 (vir)     1          34.315          -7.176          -4.633         -13.064           35.572
   76 (vir)     1          36.542          -7.246          -3.913         -12.150           37.532
   77 (vir)     1          38.953          -9.482          -3.794         -12.383           38.060
   78 (vir)     1          39.233          -7.536          -3.839         -12.557           40.414
   79 (vir)     1          41.300          -8.906          -4.006         -13.576           41.964
   80 (vir)     1          41.557          -9.513          -3.961         -13.159           41.243
   81 (vir)     1          42.394          -8.012          -3.009         -11.167           42.541
   82 (vir)     1          44.215         -11.115          -3.521         -12.973           42.552
   83 (vir)     1          45.827          -9.918          -3.014         -12.330           45.226
   84 (vir)     1          46.755         -10.148          -2.867         -12.324           46.064
   85 (vir)     1          47.224           4.510          -3.857         -13.213           61.090
   86 (vir)     1          48.389          -9.893          -2.928         -12.253           47.821
   87 (vir)     1          48.895         -11.140          -2.988         -12.463           47.231
   88 (vir)     1          49.553          -7.034          -3.844         -13.253           51.928
   89 (vir)     1          49.932           4.898          -3.317         -12.740           64.252
   90 (vir)     1          50.790          -5.467          -3.545         -13.902           55.679
   91 (vir)     1          52.097          -4.411          -3.478         -13.556           57.764
   92 (vir)     1          52.836         -12.579          -3.188         -13.158           50.226
   93 (vir)     1          52.890         -11.603          -2.657         -12.684           51.314
   94 (vir)     1          54.337           5.311          -4.091         -14.853           70.410
   95 (vir)     1          55.311          -1.178          -2.931         -13.140           64.342
   96 (vir)     1          57.298           5.225          -3.089         -13.274           72.709
   97 (vir)     1          58.966           0.144          -2.764         -13.168           69.514
   98 (vir)     1          59.743           4.852          -2.652         -12.501           74.445
   99 (vir)     1          61.226           4.547          -2.947         -13.495           76.321
  100 (vir)     1          62.187           4.702          -3.545         -14.373           77.717
  101 (vir)     1          63.587           3.926          -3.150         -13.891           78.254
  102 (vir)     1          63.673           3.066          -3.350         -13.915           77.305
  103 (vir)     1          66.242           4.346          -2.524         -12.924           80.988
  104 (vir)     1          66.719           3.478          -2.442         -12.569           80.325
  105 (vir)     1          68.121           4.313          -2.985         -14.368           83.817
  106 (vir)     1          69.345           3.891          -2.674         -13.538           84.099
  107 (vir)     1          72.392           3.734          -3.078         -14.581           87.628
  108 (vir)     1          73.235           4.325          -2.883         -14.594           89.270
  109 (vir)     1          73.992           3.701          -2.681         -14.061           89.073
  110 (vir)     1          74.572           4.488          -2.535         -13.876           90.402
  111 (vir)     1          75.597           4.657          -2.577         -14.169           91.847
  112 (vir)     1          76.747           3.706          -3.273         -15.395           92.575
  113 (vir)     1          79.754           3.278          -2.872         -14.948           95.109
  114 (vir)     1          80.725           3.298          -2.622         -14.150           95.551
  115 (vir)     1          82.237           4.330          -2.695         -15.033           98.904
  116 (vir)     1          84.010           3.979          -2.658         -15.133          100.463
  117 (vir)     1          84.018           3.619          -2.571         -14.488           99.554
  118 (vir)     1          85.219           4.126          -2.939         -16.246          102.652
  119 (vir)     1          85.569           4.588          -2.821         -16.179          103.515
  120 (vir)     1          87.108           4.599          -2.426         -15.182          104.462
  121 (vir)     1          88.960           3.950          -2.767         -15.647          105.791
  122 (vir)     1          90.940           3.420          -2.564         -15.109          106.905
  123 (vir)     1          98.758           2.542          -1.859         -13.531          112.972
  124 (vir)     1         103.250           2.643          -2.658         -15.552          118.786
  125 (vir)     1         105.041           1.956          -2.826         -15.787          119.959
  126 (vir)     1         107.174           2.856          -2.439         -15.477          123.068
  127 (vir)     1         122.865           2.610          -2.814         -17.778          140.439
  128 (vir)     1         129.060           4.272          -2.582         -18.933          149.684
  129 (vir)     1         134.321           3.603          -3.105         -19.682          154.501
  130 (vir)     1         136.202           4.219          -2.529         -18.622          156.514
  131 (vir)     1         138.658           2.685          -2.298         -17.108          156.153
  132 (vir)     1         139.958           2.431          -2.333         -17.119          157.175
  133 (vir)     1         146.159           3.257          -1.984         -16.364          163.796
  134 (vir)     1         159.881           2.837          -1.629         -15.525          176.613
  135 (vir)     1         160.581           2.261          -1.684         -15.451          176.610
  136 (vir)     1         165.613           2.205          -1.464         -15.054          181.408
  137 (vir)     1         178.638           1.395          -4.575         -23.208          198.665
  138 (vir)     1         180.645           1.633          -4.297         -22.522          200.502
  139 (vir)     1         181.489           1.913          -4.079         -22.657          201.980
  140 (vir)     1         183.850           1.851          -4.068         -23.064          204.697
  141 (vir)     1         189.445           1.695          -4.216         -23.288          210.213
  142 (vir)     1         190.568           3.159          -2.109         -17.332          208.950
  143 (vir)     1         227.539           4.767          -1.621         -17.985          248.671
  144 (vir)     1         227.712           4.522          -1.309         -16.521          247.445
  145 (vir)     1         237.610           1.280          -2.486         -21.612          258.017
  146 (vir)     1         238.401           1.448          -2.196         -21.378          259.031
  147 (vir)     1         238.681           1.210          -2.451         -21.633          259.072
  148 (vir)     1         239.765           1.839          -2.606         -21.046          260.044
  149 (vir)     1         240.854           1.098          -2.721         -21.976          261.207
  150 (vir)     1         242.482           1.034          -2.606         -22.067          262.977
  151 (vir)     1         245.531           1.148          -2.625         -22.142          266.196
  152 (vir)     1         254.745           3.630          -1.356         -17.813          274.831
 
