 
  kpoint:       1             coordinate:     0.0000    0.0000    0.0000                  spin:  1
 
    n           k   ϵ_nk^DFT (eV)     Σ^c_nk (eV)     Σ^x_nk (eV)    v_nk^xc (eV)   ϵ_nk^G0W0 (eV)
 
    1 (occ)     1         -27.367           8.846         -31.755         -19.983          -30.293
    2 (occ)     1         -14.232           3.571         -25.351         -17.846          -18.167
    3 (occ)     1         -10.664           1.112         -22.450         -17.310          -14.692
    4 (occ)     1         -10.664           1.112         -22.450         -17.310          -14.692
    5 (occ)     1          -9.293           1.333         -20.367         -15.023          -13.304
    6 (vir)     1          -3.280          -1.716          -8.066         -14.305            1.244
    7 (vir)     1          -3.280          -1.716          -8.066         -14.305            1.243
    8 (vir)     1           0.733          -0.246          -0.602          -2.318            2.203
    9 (vir)     1           1.075          -0.295          -0.461          -2.136            2.455
   10 (vir)     1           1.075          -0.295          -0.461          -2.136            2.455
   11 (vir)     1           2.415          -0.078          -0.113          -1.042            3.267
   12 (vir)     1           2.571          -0.095          -0.205          -1.281            3.552
   13 (vir)     1           2.571          -0.095          -0.205          -1.281            3.552
   14 (vir)     1           3.594          -0.067          -0.047          -0.931            4.411
   15 (vir)     1           3.594          -0.067          -0.047          -0.931            4.411
   16 (vir)     1           4.688          -1.177          -3.168          -7.486            7.829
   17 (vir)     1           7.432          -2.520          -5.310         -11.639           11.241
   18 (vir)     1          11.740          -1.986          -3.414          -8.819           15.160
   19 (vir)     1          12.994          -1.837          -1.793          -6.424           15.788
   20 (vir)     1          12.994          -1.837          -1.793          -6.424           15.788
   21 (vir)     1          15.529          -1.294          -2.280          -7.487           19.442
   22 (vir)     1          16.166          -0.520          -0.984          -4.860           19.523
   23 (vir)     1          16.166          -0.520          -0.984          -4.860           19.523
   24 (vir)     1          17.127          -0.156          -0.276          -3.651           20.345
   25 (vir)     1          17.127          -0.154          -0.277          -3.651           20.347
   26 (vir)     1          17.794          -2.902          -3.331         -10.095           21.656
   27 (vir)     1          18.115          -3.814          -2.247          -9.158           21.212
   28 (vir)     1          18.115          -3.814          -2.246          -9.158           21.212
   29 (vir)     1          20.498          -3.825          -2.630          -9.505           23.549
   30 (vir)     1          20.498          -3.824          -2.630          -9.505           23.549
   31 (vir)     1          22.647           0.271          -3.068         -10.604           30.454
   32 (vir)     1          22.647           0.271          -3.068         -10.604           30.453
   33 (vir)     1          31.143           2.348          -4.876         -13.761           42.376
   34 (vir)     1          31.143           2.349          -4.877         -13.761           42.376
   35 (vir)     1          42.800           1.385          -4.795         -13.999           53.389
   36 (vir)     1          43.745           1.245          -4.228         -13.585           54.347
   37 (vir)     1          43.745           1.246          -4.229         -13.585           54.347
   38 (vir)     1          50.122           1.477          -3.219         -12.994           61.373
   39 (vir)     1          59.221           1.505          -4.757         -16.324           72.293
   40 (vir)     1          62.898           1.944          -3.758         -15.022           76.105
   41 (vir)     1          62.898           1.944          -3.758         -15.022           76.106
   42 (vir)     1         108.012           2.307          -2.207         -12.157          120.269
   43 (vir)     1         123.429           2.767          -3.275         -18.244          141.164
   44 (vir)     1         123.429           2.764          -3.274         -18.244          141.163
   45 (vir)     1         128.110           2.442          -2.932         -16.949          144.569
   46 (vir)     1         170.665           1.361          -4.446         -20.584          188.164
   47 (vir)     1         173.813           0.978          -5.032         -22.883          192.642
   48 (vir)     1         173.816           0.970          -5.022         -22.881          192.644
   49 (vir)     1         178.960           1.201          -5.105         -23.137          198.193
   50 (vir)     1         178.960           1.209          -5.108         -23.137          198.198
   51 (vir)     1         200.485           1.209          -2.936         -17.541          216.298
   52 (vir)     1         225.221           0.604          -3.436         -20.713          243.102
   53 (vir)     1         225.221           0.603          -3.436         -20.713          243.102
   54 (vir)     1         225.362           0.394          -3.281         -20.400          242.874
   55 (vir)     1         225.362           0.393          -3.281         -20.400          242.874
   56 (vir)     1         226.421           0.773          -3.489         -21.005          244.709
   57 (vir)     1         226.421           0.773          -3.489         -21.005          244.711
   58 (vir)     1         234.506           0.937          -3.130         -20.047          252.361
 
