 
  kpoint:       1             coordinate:     0.0000    0.0000    0.0000                  spin:  1
 
    n           k   ϵ_nk^DFT (eV)     Σ^c_nk (eV)     Σ^x_nk (eV)    v_nk^xc (eV)   ϵ_nk^G0W0 (eV)
 
    1 (occ)     1         -24.835           8.065         -25.172         -15.414          -26.528
    2 (occ)     1         -21.555           7.111         -24.869         -15.864          -23.450
    3 (occ)     1         -21.555           7.075         -24.887         -15.864          -23.503
    4 (occ)     1         -21.555           7.128         -24.888         -15.864          -23.451
    5 (occ)     1         -15.856           4.101         -21.859         -15.249          -18.366
    6 (occ)     1         -12.707           2.248         -19.500         -14.618          -15.341
    7 (occ)     1         -12.707           2.249         -19.493         -14.618          -15.334
    8 (occ)     1         -12.707           2.250         -19.497         -14.618          -15.337
    9 (occ)     1          -9.208           2.228         -18.852         -13.754          -12.078
   10 (occ)     1          -9.208           2.232         -18.864         -13.754          -12.086
   11 (occ)     1          -8.607           1.698         -18.532         -13.987          -11.455
   12 (occ)     1          -8.607           1.698         -18.532         -13.987          -11.454
   13 (occ)     1          -8.607           1.700         -18.536         -13.987          -11.457
   14 (occ)     1          -7.635           1.790         -19.216         -14.491          -10.569
   15 (occ)     1          -7.635           1.789         -19.212         -14.491          -10.567
   16 (occ)     1          -7.635           1.789         -19.208         -14.491          -10.562
   17 (vir)     1          -2.807          -2.362          -7.835         -13.249            0.244
   18 (vir)     1          -1.533          -2.645          -7.248         -12.923            1.497
   19 (vir)     1          -1.533          -2.647          -7.242         -12.923            1.502
   20 (vir)     1          -1.533          -2.646          -7.248         -12.923            1.496
   21 (vir)     1           0.548          -1.200          -1.393          -4.424            2.380
   22 (vir)     1           0.770          -0.643          -0.780          -2.665            2.012
   23 (vir)     1           0.770          -0.646          -0.780          -2.665            2.009
   24 (vir)     1           0.770          -0.646          -0.780          -2.665            2.009
   25 (vir)     1           1.450          -0.550          -0.687          -2.440            2.654
   26 (vir)     1           1.450          -0.550          -0.688          -2.440            2.652
   27 (vir)     1           1.612          -0.737          -1.078          -3.218            3.015
   28 (vir)     1           1.612          -0.736          -1.077          -3.218            3.017
   29 (vir)     1           1.612          -0.735          -1.078          -3.218            3.018
   30 (vir)     1           3.398          -1.522          -2.498          -6.300            5.677
   31 (vir)     1           3.398          -1.523          -2.500          -6.300            5.675
   32 (vir)     1           3.398          -1.522          -2.500          -6.300            5.675
   33 (vir)     1           4.070          -1.615          -2.825          -6.886            6.517
   34 (vir)     1           4.070          -1.618          -2.828          -6.886            6.510
   35 (vir)     1           4.070          -1.618          -2.827          -6.886            6.511
   36 (vir)     1           4.241          -1.665          -3.669          -8.192            7.099
   37 (vir)     1           4.241          -1.695          -3.668          -8.192            7.070
   38 (vir)     1           4.414          -1.285          -1.587          -4.897            6.439
   39 (vir)     1           4.414          -1.283          -1.588          -4.897            6.440
   40 (vir)     1           4.414          -1.285          -1.585          -4.897            6.441
   41 (vir)     1           4.793          -1.725          -1.845          -5.513            6.736
   42 (vir)     1           5.758          -1.168          -1.941          -5.127            7.776
   43 (vir)     1           5.758          -1.169          -1.943          -5.127            7.774
   44 (vir)     1           5.770          -1.493          -2.175          -6.120            8.223
   45 (vir)     1           5.770          -1.492          -2.176          -6.120            8.223
   46 (vir)     1           5.770          -1.491          -2.175          -6.120            8.224
   47 (vir)     1           6.470          -1.459          -1.661          -4.992            8.342
   48 (vir)     1           6.470          -1.457          -1.664          -4.992            8.341
   49 (vir)     1           6.470          -1.457          -1.662          -4.992            8.344
   50 (vir)     1           6.646          -1.203          -1.362          -4.261            8.343
   51 (vir)     1           6.646          -1.217          -1.363          -4.261            8.327
   52 (vir)     1           6.646          -1.211          -1.360          -4.261            8.337
   53 (vir)     1           7.727          -1.207          -0.507          -3.587            9.601
   54 (vir)     1           8.251          -1.842          -1.838          -5.760           10.331
   55 (vir)     1           8.426          -1.885          -2.240          -6.464           10.765
   56 (vir)     1           8.426          -1.886          -2.241          -6.464           10.763
   57 (vir)     1           8.540          -1.863          -1.513          -5.502           10.665
   58 (vir)     1           8.540          -1.865          -1.513          -5.502           10.663
   59 (vir)     1           8.540          -1.865          -1.514          -5.502           10.663
   60 (vir)     1          10.237          -1.649          -1.993          -6.218           12.814
   61 (vir)     1          10.237          -1.646          -1.992          -6.218           12.818
   62 (vir)     1          10.262          -2.164          -2.279          -6.953           12.772
   63 (vir)     1          10.262          -2.171          -2.285          -6.953           12.758
   64 (vir)     1          10.262          -2.166          -2.282          -6.953           12.766
   65 (vir)     1          10.413          -1.468          -1.051          -4.738           12.632
   66 (vir)     1          10.413          -1.475          -1.050          -4.738           12.626
   67 (vir)     1          10.413          -1.472          -1.049          -4.738           12.630
   68 (vir)     1          10.906          -1.909          -2.282          -6.908           13.624
   69 (vir)     1          10.906          -1.908          -2.285          -6.908           13.622
   70 (vir)     1          10.906          -1.908          -2.280          -6.908           13.627
   71 (vir)     1          12.095          -1.415          -0.721          -4.302           14.261
   72 (vir)     1          12.095          -1.404          -0.722          -4.302           14.271
   73 (vir)     1          12.095          -1.413          -0.722          -4.302           14.262
   74 (vir)     1          12.709          -2.778          -3.375          -9.300           15.857
   75 (vir)     1          12.709          -2.780          -3.373          -9.300           15.856
   76 (vir)     1          12.709          -2.779          -3.377          -9.300           15.854
   77 (vir)     1          13.817          -2.009          -1.111          -5.211           15.908
   78 (vir)     1          13.958          -3.173          -3.775         -10.246           17.256
   79 (vir)     1          13.958          -3.176          -3.775         -10.246           17.252
   80 (vir)     1          14.110          -1.696          -1.061          -5.042           16.395
   81 (vir)     1          14.110          -1.675          -1.063          -5.042           16.414
   82 (vir)     1          14.110          -1.729          -1.060          -5.042           16.363
   83 (vir)     1          14.789          -5.177          -5.021         -13.318           17.909
   84 (vir)     1          14.789          -5.171          -5.019         -13.318           17.918
   85 (vir)     1          14.789          -5.170          -5.021         -13.318           17.917
   86 (vir)     1          16.118          -2.791          -1.787          -6.661           18.201
   87 (vir)     1          16.118          -2.787          -1.787          -6.661           18.205
   88 (vir)     1          16.118          -2.782          -1.791          -6.661           18.206
   89 (vir)     1          16.404          -1.779          -0.728          -4.768           18.665
   90 (vir)     1          17.000          -6.465          -4.103         -12.474           18.907
   91 (vir)     1          17.000          -6.485          -4.111         -12.474           18.878
   92 (vir)     1          17.000          -6.459          -4.106         -12.474           18.909
   93 (vir)     1          18.984          -6.825          -3.543         -10.977           19.594
   94 (vir)     1          19.722          -5.369          -2.289          -8.525           20.589
   95 (vir)     1          20.364          -8.081          -3.114         -10.729           19.898
   96 (vir)     1          20.364          -8.030          -3.112         -10.729           19.951
   97 (vir)     1          20.364          -8.053          -3.115         -10.729           19.924
   98 (vir)     1          21.328          -5.669          -2.514          -8.801           21.947
   99 (vir)     1          21.328          -5.691          -2.508          -8.801           21.930
  100 (vir)     1          21.328          -5.681          -2.514          -8.801           21.934
  101 (vir)     1          23.151          -4.424          -1.982          -8.274           25.019
  102 (vir)     1          23.151          -4.421          -1.984          -8.274           25.020
  103 (vir)     1          23.281          -6.894          -3.134         -10.978           24.231
  104 (vir)     1          23.281          -6.877          -3.138         -10.978           24.244
  105 (vir)     1          23.741          -2.971          -1.123          -5.813           25.460
  106 (vir)     1          23.741          -3.036          -1.117          -5.813           25.401
  107 (vir)     1          23.741          -3.078          -1.130          -5.813           25.346
  108 (vir)     1          24.082          -5.196          -2.297          -9.126           25.716
  109 (vir)     1          24.471          -4.470          -1.695          -7.456           25.762
  110 (vir)     1          24.471          -4.500          -1.687          -7.456           25.740
  111 (vir)     1          24.471          -4.479          -1.695          -7.456           25.754
  112 (vir)     1          25.086          -5.081          -1.993          -8.546           26.558
  113 (vir)     1          25.086          -5.056          -2.000          -8.546           26.576
  114 (vir)     1          25.086          -5.066          -1.996          -8.546           26.570
  115 (vir)     1          25.425          -5.251          -2.285          -8.983           26.872
  116 (vir)     1          25.425          -5.237          -2.290          -8.983           26.881
  117 (vir)     1          25.425          -5.160          -2.287          -8.983           26.961
  118 (vir)     1          31.971          -7.376          -2.006          -8.481           31.069
  119 (vir)     1          31.971          -6.463          -2.005          -8.481           31.983
  120 (vir)     1          31.971          -7.378          -2.012          -8.481           31.061
  121 (vir)     1          35.113          -8.514          -1.847          -9.372           34.125
  122 (vir)     1          37.136          -9.615          -1.944          -9.235           34.813
  123 (vir)     1          37.136          -9.543          -1.957          -9.235           34.872
  124 (vir)     1          37.189           2.650          -2.368         -10.072           47.544
  125 (vir)     1          37.189           2.656          -2.367         -10.072           47.550
  126 (vir)     1          37.189           2.665          -2.369         -10.072           47.557
  127 (vir)     1          39.405           1.918          -2.166         -10.404           49.561
  128 (vir)     1          39.405           1.973          -2.168         -10.404           49.615
  129 (vir)     1          39.405           2.031          -2.172         -10.404           49.668
  130 (vir)     1          41.900           1.431          -1.767          -8.841           50.404
  131 (vir)     1          41.900           1.419          -1.758          -8.841           50.402
  132 (vir)     1          41.900           1.343          -1.759          -8.841           50.324
  133 (vir)     1          43.804           4.382          -3.843         -14.513           58.856
  134 (vir)     1          43.804           4.499          -3.834         -14.513           58.982
  135 (vir)     1          45.273         -10.797          -2.755         -13.026           44.748
  136 (vir)     1          45.273         -10.837          -2.746         -13.026           44.716
  137 (vir)     1          45.273         -11.298          -2.758         -13.026           44.243
  138 (vir)     1          61.900           3.804          -2.832         -14.826           77.698
  139 (vir)     1          61.900           3.880          -2.826         -14.826           77.780
  140 (vir)     1          61.900           3.785          -2.829         -14.826           77.682
  141 (vir)     1         145.522           7.827          -1.270         -11.144          163.225
  142 (vir)     1         147.446           7.796          -1.250         -11.170          165.163
  143 (vir)     1         147.446           7.656          -1.249         -11.170          165.024
  144 (vir)     1         147.446           7.692          -1.250         -11.170          165.059
  145 (vir)     1         238.628           0.951          -0.631         -12.801          251.749
 
