 
  kpoint:       1             coordinate:     0.0000    0.0000    0.0000                  spin:  1
 
    n           k   ϵ_nk^DFT (eV)     Σ^c_nk (eV)     Σ^x_nk (eV)    v_nk^xc (eV)   ϵ_nk^G0W0 (eV)
 
    1 (occ)     1         -33.960           8.760         -37.665         -23.105          -39.760
    2 (occ)     1         -27.639           7.931         -37.706         -24.062          -33.352
    3 (occ)     1         -15.279           1.367         -27.599         -22.417          -19.093
    4 (occ)     1         -12.792           4.613         -31.320         -22.120          -17.379
    5 (occ)     1         -12.792           4.596         -31.328         -22.120          -17.404
    6 (occ)     1          -9.401           3.683         -32.546         -23.925          -14.339
    7 (occ)     1          -9.401           3.673         -32.510         -23.925          -14.313
    8 (vir)     1          -5.671          -2.156         -15.298         -23.391            0.266
    9 (vir)     1           0.704          -0.423          -1.112          -3.791            2.961
   10 (vir)     1           2.193          -0.481          -1.093          -3.638            4.257
   11 (vir)     1          11.005          -0.727          -4.405          -9.945           15.818
   12 (vir)     1          11.005          -0.714          -4.386          -9.945           15.850
   13 (vir)     1          14.383          -2.123          -2.495          -8.462           18.227
   14 (vir)     1          15.777          -1.392          -3.648          -9.424           20.161
   15 (vir)     1          15.777          -1.378          -3.660          -9.424           20.163
   16 (vir)     1          17.436          -1.188          -2.264          -7.730           21.714
   17 (vir)     1          17.439          -1.156          -2.252          -7.728           21.759
   18 (vir)     1          20.434          -2.850          -3.302          -9.796           24.078
   19 (vir)     1          20.538          -1.520          -3.013          -9.056           25.062
   20 (vir)     1          20.538          -1.562          -3.009          -9.056           25.023
   21 (vir)     1          24.267          -2.306          -2.625          -9.073           28.409
   22 (vir)     1          25.915          -1.541          -2.339          -8.411           30.446
   23 (vir)     1          25.918          -1.512          -2.318          -8.409           30.497
   24 (vir)     1          28.980          -2.711          -2.631          -8.158           31.795
   25 (vir)     1          36.145          -0.871          -2.545         -10.288           43.017
   26 (vir)     1          38.333          -2.150          -1.833          -8.513           42.863
   27 (vir)     1          38.333          -2.149          -1.804          -8.513           42.893
   28 (vir)     1          38.682          -1.547          -1.350          -7.964           43.748
   29 (vir)     1          38.682          -1.530          -1.353          -7.964           43.763
   30 (vir)     1          44.612          -2.494          -1.633          -9.202           49.687
   31 (vir)     1          44.612          -2.489          -1.637          -9.202           49.688
   32 (vir)     1          44.729          -0.840          -1.141          -6.190           48.938
   33 (vir)     1          44.729          -0.703          -1.083          -6.190           49.133
   34 (vir)     1          49.718          -0.884          -3.879         -12.688           57.643
   35 (vir)     1          49.718          -0.761          -3.815         -12.688           57.830
   36 (vir)     1          54.554          -3.080          -1.717          -9.851           59.608
   37 (vir)     1          54.554          -3.001          -1.723          -9.851           59.681
   38 (vir)     1          56.314          -4.915          -2.009          -9.994           59.384
   39 (vir)     1          62.199          -3.274          -2.819         -11.218           67.324
   40 (vir)     1          62.199          -3.359          -2.813         -11.217           67.244
   41 (vir)     1          66.001           0.709          -7.038         -18.579           78.251
   42 (vir)     1          73.771          -8.403          -7.698         -19.095           76.765
   43 (vir)     1          73.771          -7.436          -7.667         -19.095           77.763
   44 (vir)     1          79.507          -4.960          -6.140         -18.935           87.342
   45 (vir)     1          79.507          -4.212          -6.122         -18.935           88.108
   46 (vir)     1          81.672           1.468          -3.661         -13.985           93.464
   47 (vir)     1          84.738           4.336          -6.712         -19.838          102.200
   48 (vir)     1          84.738           4.584          -6.762         -19.838          102.398
   49 (vir)     1          87.003           1.560          -6.133         -19.763          102.193
   50 (vir)     1          89.428          -4.721          -6.791         -18.904           96.819
   51 (vir)     1          89.428          -1.537          -6.751         -18.903          100.043
   52 (vir)     1          97.173           2.694          -4.364         -20.754          116.257
   53 (vir)     1         101.068           5.893          -5.682         -21.140          122.419
   54 (vir)     1         101.068           3.877          -5.498         -21.140          120.586
   55 (vir)     1         108.367          -9.666          -6.260         -23.133          115.574
   56 (vir)     1         108.367           1.006          -6.019         -23.133          126.487
   57 (vir)     1         135.245           2.997          -4.679         -22.863          156.425
   58 (vir)     1         408.203           0.590          -1.767         -22.085          429.111
 
