 
  kpoint:       1             coordinate:     0.0000    0.0000    0.0000                  spin:  1
 
    n           k   ϵ_nk^DFT (eV)     Σ^c_nk (eV)     Σ^x_nk (eV)    v_nk^xc (eV)   ϵ_nk^G0W0 (eV)
 
    1 (occ)     1         -19.259           5.781         -24.171         -14.922          -22.727
    2 (occ)     1         -16.698           4.637         -23.295         -14.906          -20.450
    3 (occ)     1         -14.252           3.505         -22.104         -14.687          -18.164
    4 (occ)     1         -11.106           1.904         -19.398         -13.674          -14.925
    5 (occ)     1         -10.555           1.749         -19.419         -13.962          -14.262
    6 (occ)     1          -9.642           1.498         -19.468         -14.356          -13.256
    7 (occ)     1          -9.147           1.332         -19.241         -14.088          -12.968
    8 (occ)     1          -8.054           1.088         -18.981         -14.338          -11.609
    9 (occ)     1          -7.983           1.114         -19.309         -14.777          -11.401
   10 (occ)     1          -7.747           1.001         -18.815         -14.042          -11.519
   11 (vir)     1          -0.312          -0.674          -1.207          -3.495            1.302
   12 (vir)     1           0.270          -0.541          -0.890          -2.842            1.681
   13 (vir)     1           0.317          -0.539          -0.799          -2.728            1.707
   14 (vir)     1           0.421          -0.532          -0.848          -2.757            1.798
   15 (vir)     1           1.028          -0.525          -0.835          -2.745            2.413
   16 (vir)     1           1.292          -0.403          -0.540          -2.103            2.452
   17 (vir)     1           1.355          -0.396          -0.438          -2.019            2.539
   18 (vir)     1           1.379          -0.436          -0.687          -2.342            2.599
   19 (vir)     1           1.401          -0.338          -0.396          -1.790            2.456
   20 (vir)     1           2.239          -0.515          -0.799          -2.674            3.599
   21 (vir)     1           2.243          -0.434          -0.640          -2.273            3.441
   22 (vir)     1           2.581          -0.370          -0.406          -1.973            3.779
   23 (vir)     1           2.859          -0.635          -1.025          -3.332            4.530
   24 (vir)     1           3.061          -0.307          -0.275          -1.718            4.197
   25 (vir)     1           3.211          -0.672          -1.179          -3.244            4.605
   26 (vir)     1           3.774          -0.995          -2.023          -5.040            5.796
   27 (vir)     1           3.952          -1.257          -2.714          -6.282            6.262
   28 (vir)     1           4.191          -0.710          -1.143          -3.529            5.867
   29 (vir)     1           4.329          -0.881          -1.497          -4.092            6.042
   30 (vir)     1           4.523          -1.465          -3.197          -6.988            6.848
   31 (vir)     1           4.629          -1.162          -2.134          -5.434            6.767
   32 (vir)     1           4.733          -1.539          -3.225          -7.298            7.267
   33 (vir)     1           4.756          -0.520          -0.414          -2.365            6.186
   34 (vir)     1           4.774          -1.109          -2.380          -5.631            6.916
   35 (vir)     1           4.971          -0.799          -1.295          -3.813            6.690
   36 (vir)     1           5.663          -1.772          -3.445          -8.013            8.459
   37 (vir)     1           5.824          -0.864          -1.175          -3.833            7.619
   38 (vir)     1           5.955          -1.054          -1.500          -4.641            8.042
   39 (vir)     1           6.219          -1.002          -1.380          -4.402            8.239
   40 (vir)     1           6.297          -0.976          -1.254          -4.219            8.285
   41 (vir)     1           6.569          -0.757          -0.915          -3.485            8.382
   42 (vir)     1           6.932          -1.114          -1.463          -4.774            9.129
   43 (vir)     1           6.981          -0.605          -0.478          -2.859            8.758
   44 (vir)     1           7.656          -1.230          -2.004          -5.510            9.932
   45 (vir)     1           7.970          -1.181          -1.867          -5.307           10.230
   46 (vir)     1           8.431          -1.313          -2.039          -5.743           10.823
   47 (vir)     1           8.787          -0.811          -0.611          -3.437           10.801
   48 (vir)     1           9.288          -1.402          -2.160          -6.019           11.745
   49 (vir)     1           9.342          -0.787          -0.471          -3.322           11.406
   50 (vir)     1          10.506          -0.877          -0.394          -3.348           12.583
   51 (vir)     1          11.163          -1.645          -1.553          -5.576           13.541
   52 (vir)     1          11.419          -1.282          -1.802          -5.681           14.016
   53 (vir)     1          11.842          -1.253          -0.918          -4.574           14.244
   54 (vir)     1          12.223          -3.008          -3.082          -8.868           15.000
   55 (vir)     1          12.362          -3.060          -3.076          -8.988           15.214
   56 (vir)     1          12.567          -1.463          -1.308          -5.307           15.103
   57 (vir)     1          12.577          -1.843          -2.242          -6.666           15.159
   58 (vir)     1          13.022          -1.404          -1.015          -4.753           15.355
   59 (vir)     1          13.151          -2.020          -2.156          -6.898           15.873
   60 (vir)     1          13.607          -1.649          -1.713          -5.965           16.211
   61 (vir)     1          13.744          -2.554          -2.852          -8.301           16.638
   62 (vir)     1          13.901          -2.980          -3.024          -9.051           16.949
   63 (vir)     1          14.286          -3.180          -3.207          -9.439           17.338
   64 (vir)     1          14.941          -1.853          -1.199          -5.619           17.509
   65 (vir)     1          15.971          -2.501          -2.085          -7.491           18.877
   66 (vir)     1          16.369          -3.091          -2.860          -8.869           19.287
   67 (vir)     1          16.415          -1.457          -0.959          -4.952           18.952
   68 (vir)     1          17.438          -1.542          -1.643          -5.891           20.144
   69 (vir)     1          17.616          -2.272          -1.669          -6.616           20.292
   70 (vir)     1          18.407          -1.780          -1.303          -5.773           21.097
   71 (vir)     1          18.512          -2.421          -1.219          -6.331           21.202
   72 (vir)     1          18.942          -2.406          -1.475          -6.527           21.589
   73 (vir)     1          20.025          -2.562          -1.500          -6.786           22.749
   74 (vir)     1          20.369          -2.901          -1.904          -7.692           23.257
   75 (vir)     1          21.913          -2.656          -1.771          -7.228           24.715
   76 (vir)     1          22.002          -2.793          -1.661          -7.093           24.641
   77 (vir)     1          22.228          -3.122          -1.844          -7.824           25.086
   78 (vir)     1          22.283          -2.371          -1.366          -6.425           24.971
   79 (vir)     1          22.966          -2.647          -1.444          -6.893           25.768
   80 (vir)     1          23.734          -2.776          -1.296          -6.652           26.314
   81 (vir)     1          24.380          -3.063          -2.402          -8.337           27.251
   82 (vir)     1          24.682          -2.820          -1.976          -7.584           27.470
   83 (vir)     1          25.866          -3.130          -1.391          -6.817           28.162
   84 (vir)     1          26.033          -3.183          -1.463          -7.269           28.656
   85 (vir)     1          26.092          -2.918          -1.740          -7.328           28.761
   86 (vir)     1          28.906          -3.286          -1.797          -7.566           31.390
   87 (vir)     1          28.934          -3.892          -2.225          -8.670           31.487
   88 (vir)     1          28.975          -3.600          -2.228          -8.470           31.617
   89 (vir)     1          31.658          -3.583          -1.000          -6.565           33.641
   90 (vir)     1          31.829          -4.474          -1.903          -7.998           33.449
   91 (vir)     1          33.127          -4.221          -1.908          -8.286           35.284
   92 (vir)     1          34.338          -4.881          -2.483          -9.381           36.354
   93 (vir)     1          34.751          -5.383          -2.891         -10.285           36.762
   94 (vir)     1          35.548          -4.826          -1.713          -8.240           37.249
   95 (vir)     1          35.769          -5.411          -1.630          -8.075           36.803
   96 (vir)     1          36.235          -5.076          -2.172          -9.311           38.299
   97 (vir)     1          36.899          -5.206          -2.300          -9.438           38.830
   98 (vir)     1          38.473          -5.916          -2.325         -10.040           40.273
   99 (vir)     1          39.433          -6.535          -1.886          -9.152           40.164
  100 (vir)     1          41.525          -7.396          -2.549         -10.693           42.272
  101 (vir)     1          42.288          -7.160          -1.576          -9.018           42.571
  102 (vir)     1          42.402          -8.497          -2.437         -11.316           42.784
  103 (vir)     1          44.529          -9.416          -2.909         -12.282           44.486
  104 (vir)     1          45.578          -9.245          -2.769         -11.321           44.884
  105 (vir)     1          47.102          -9.208          -2.335         -10.503           46.062
  106 (vir)     1          48.014         -11.185          -3.178         -12.548           46.199
  107 (vir)     1          49.424         -11.088          -2.779         -11.730           47.287
  108 (vir)     1          50.335         -10.566          -2.197         -10.572           48.144
  109 (vir)     1          50.584         -12.102          -2.714         -12.027           47.794
  110 (vir)     1          53.455          -6.713          -2.560         -12.164           56.345
  111 (vir)     1          53.995          -5.821          -2.758         -12.183           57.599
  112 (vir)     1          54.486          -9.212          -2.626         -12.198           54.846
  113 (vir)     1          55.728          -9.352          -2.586         -12.492           56.282
  114 (vir)     1          56.450           5.029          -2.839         -12.964           71.605
  115 (vir)     1          57.701          -2.752          -2.446         -12.769           65.273
  116 (vir)     1          58.337           4.665          -2.297         -12.066           72.771
  117 (vir)     1          58.401           3.812          -2.057         -11.113           71.269
  118 (vir)     1          59.801           4.240          -2.548         -12.404           73.897
  119 (vir)     1          63.092         -11.812          -2.326         -13.332           62.287
  120 (vir)     1          63.689           3.571          -2.597         -12.752           77.414
  121 (vir)     1          64.656           4.112          -2.586         -13.261           79.444
  122 (vir)     1          64.658           4.278          -2.587         -13.286           79.635
  123 (vir)     1          64.724           3.908          -2.593         -13.148           79.187
  124 (vir)     1          65.572           4.419          -2.518         -13.138           80.611
  125 (vir)     1          67.379           3.993          -2.736         -13.683           82.318
  126 (vir)     1          69.155           3.640          -2.339         -12.865           83.322
  127 (vir)     1          69.334           3.790          -2.082         -12.642           83.684
  128 (vir)     1          69.563           3.612          -2.500         -13.314           83.989
  129 (vir)     1          71.163           4.019          -2.391         -13.549           86.340
  130 (vir)     1          71.978           4.160          -2.259         -13.535           87.413
  131 (vir)     1          73.823           3.928          -2.199         -13.346           88.897
  132 (vir)     1          74.055           3.617          -2.287         -13.307           88.691
  133 (vir)     1          75.368           3.219          -2.234         -13.371           89.725
  134 (vir)     1          75.567           3.818          -2.131         -13.442           90.696
  135 (vir)     1          76.112           3.165          -2.044         -12.659           89.892
  136 (vir)     1          77.730           3.338          -2.388         -13.703           92.383
  137 (vir)     1          79.252           3.695          -2.223         -13.895           94.618
  138 (vir)     1          79.594           3.269          -2.584         -14.635           94.914
  139 (vir)     1          82.123           2.820          -2.264         -13.676           96.356
  140 (vir)     1          83.216           3.164          -2.179         -13.738           97.938
  141 (vir)     1          87.372           2.815          -2.392         -14.041          101.836
  142 (vir)     1          97.215           2.488          -2.372         -14.680          112.011
  143 (vir)     1          99.689           2.290          -2.338         -14.930          114.571
  144 (vir)     1         102.492           2.187          -2.239         -14.941          117.382
  145 (vir)     1         105.302           2.176          -2.068         -14.273          119.682
  146 (vir)     1         112.741           1.939          -2.002         -14.340          127.019
  147 (vir)     1         114.437           1.976          -2.009         -14.564          128.968
  148 (vir)     1         114.816           2.022          -1.932         -14.324          129.230
  149 (vir)     1         156.434           2.572          -1.703         -15.721          173.023
  150 (vir)     1         162.479           2.473          -1.685         -15.881          179.148
  151 (vir)     1         162.971           2.510          -1.680         -15.896          179.696
  152 (vir)     1         163.223           2.463          -1.680         -15.900          179.905
  153 (vir)     1         163.579           2.491          -1.690         -15.953          180.334
  154 (vir)     1         163.691           2.528          -1.676         -15.889          180.432
  155 (vir)     1         164.917           2.621          -1.731         -16.243          182.050
  156 (vir)     1         165.733           2.630          -1.691         -16.066          182.738
  157 (vir)     1         206.156           6.971          -0.923         -12.515          224.718
  158 (vir)     1         239.184           0.622          -0.891         -13.385          252.301
  159 (vir)     1         240.986           2.788          -0.848         -13.486          256.412
 
