 
  kpoint:       1             coordinate:     0.0000    0.0000    0.0000                  spin:  1
 
    n           k   ϵ_nk^DFT (eV)     Σ^c_nk (eV)     Σ^x_nk (eV)    v_nk^xc (eV)   ϵ_nk^G0W0 (eV)
 
    1 (occ)     1         -18.827           5.670         -24.511         -15.367          -22.301
    2 (occ)     1         -14.258           3.324         -21.556         -14.449          -18.040
    3 (occ)     1         -11.533           2.160         -19.853         -14.085          -15.140
    4 (occ)     1         -10.191           1.700         -20.723         -15.321          -13.893
    5 (occ)     1          -8.552           1.071         -19.053         -14.124          -12.411
    6 (occ)     1          -6.742           0.121         -15.929         -12.668           -9.881
    7 (vir)     1          -1.047          -1.852          -5.699         -10.911            2.313
    8 (vir)     1          -0.043          -0.554          -0.944          -3.039            1.498
    9 (vir)     1           0.413          -0.492          -0.697          -2.554            1.778
   10 (vir)     1           0.488          -0.490          -0.885          -2.825            1.939
   11 (vir)     1           1.003          -0.355          -0.530          -2.002            2.121
   12 (vir)     1           1.455          -0.296          -0.342          -1.746            2.563
   13 (vir)     1           1.558          -0.291          -0.443          -1.728            2.553
   14 (vir)     1           1.931          -0.215          -0.171          -1.503            3.047
   15 (vir)     1           2.025          -0.274          -0.361          -1.833            3.222
   16 (vir)     1           2.077          -0.440          -0.712          -2.206            3.132
   17 (vir)     1           3.437          -0.435          -0.585          -2.308            4.726
   18 (vir)     1           3.611          -1.127          -2.645          -6.205            6.045
   19 (vir)     1           3.621          -0.829          -1.519          -4.024            5.297
   20 (vir)     1           4.258          -0.406          -0.497          -2.265            5.619
   21 (vir)     1           4.428          -0.939          -1.488          -4.232            6.234
   22 (vir)     1           4.807          -0.302          -0.130          -1.799            6.174
   23 (vir)     1           5.118          -0.678          -1.119          -3.565            6.886
   24 (vir)     1           5.784          -0.472          -0.663          -2.672            7.321
   25 (vir)     1           5.856          -1.331          -1.917          -5.386            7.994
   26 (vir)     1           6.222          -0.906          -1.408          -4.628            8.537
   27 (vir)     1           6.310          -1.129          -1.888          -5.441            8.733
   28 (vir)     1           6.878          -1.144          -2.157          -5.743            9.320
   29 (vir)     1           7.074          -1.326          -1.644          -5.272            9.377
   30 (vir)     1           7.704          -1.064          -1.973          -5.396           10.064
   31 (vir)     1           8.284          -2.021          -1.309          -5.288           10.243
   32 (vir)     1           8.345          -0.716          -0.380          -2.353            9.602
   33 (vir)     1           9.470          -0.672          -0.307          -2.901           11.393
   34 (vir)     1           9.693          -1.426          -1.150          -4.669           11.786
   35 (vir)     1           9.935          -1.747          -1.615          -5.701           12.273
   36 (vir)     1          11.104          -1.086          -1.231          -4.615           13.402
   37 (vir)     1          14.479          -3.468          -3.304          -9.631           17.338
   38 (vir)     1          15.015          -1.898          -0.637          -4.455           16.935
   39 (vir)     1          15.023          -0.932          -0.474          -3.766           17.383
   40 (vir)     1          15.203          -2.910          -2.499          -8.294           18.087
   41 (vir)     1          15.260          -3.741          -4.322         -11.224           18.420
   42 (vir)     1          15.297          -0.841          -0.621          -4.299           18.134
   43 (vir)     1          17.056          -4.039          -3.722         -10.911           20.205
   44 (vir)     1          17.136          -2.575          -2.418          -7.924           20.067
   45 (vir)     1          17.436          -2.150          -1.300          -6.073           20.059
   46 (vir)     1          17.453          -1.794          -2.360          -7.294           20.593
   47 (vir)     1          17.539          -2.419          -1.330          -6.504           20.294
   48 (vir)     1          19.137          -0.412          -0.765          -5.407           23.367
   49 (vir)     1          19.273          -2.008          -1.148          -6.081           22.198
   50 (vir)     1          21.463          -2.579          -0.947          -5.848           23.786
   51 (vir)     1          22.144          -2.875          -1.383          -6.766           24.651
   52 (vir)     1          22.197          -1.158          -0.811          -5.980           26.208
   53 (vir)     1          24.628          -5.193          -1.399          -7.298           25.335
   54 (vir)     1          25.875          -1.857          -0.364          -4.182           27.836
   55 (vir)     1          27.821          -4.262          -2.047          -8.988           30.501
   56 (vir)     1          29.182          -2.312          -0.462          -4.520           30.928
   57 (vir)     1          29.297          -3.911          -3.445         -11.837           33.779
   58 (vir)     1          30.259          -5.071          -2.163          -8.544           31.569
   59 (vir)     1          34.153          -7.280          -4.051         -12.786           35.608
   60 (vir)     1          34.201          -6.767          -3.476         -11.761           35.718
   61 (vir)     1          37.115          -7.710          -2.890         -12.110           38.625
   62 (vir)     1          37.262          -6.360          -2.737         -10.484           38.648
   63 (vir)     1          38.550          -6.430          -2.422          -9.950           39.647
   64 (vir)     1          39.510          -6.153          -2.541         -10.019           40.835
   65 (vir)     1          39.531          -0.468          -1.369          -8.001           45.695
   66 (vir)     1          39.666           0.558          -1.247          -7.741           46.718
   67 (vir)     1          43.571          -9.842          -3.098         -13.534           44.165
   68 (vir)     1          51.563           2.755          -2.826         -12.517           64.009
   69 (vir)     1          52.011         -11.521          -2.274         -11.520           49.735
   70 (vir)     1          56.868           0.073          -2.159         -12.029           66.812
   71 (vir)     1          57.184         -12.956          -2.515         -12.190           53.904
   72 (vir)     1          58.368           4.417          -2.739         -13.463           73.509
   73 (vir)     1          60.385           3.250          -2.542         -12.683           73.776
   74 (vir)     1          60.885           4.215          -2.428         -13.535           76.206
   75 (vir)     1          62.252           1.913          -2.339         -12.680           74.505
   76 (vir)     1          66.424           2.586          -2.252         -12.883           79.640
   77 (vir)     1          67.505           3.055          -1.992         -11.814           80.383
   78 (vir)     1          67.876           3.368          -2.533         -13.610           82.320
   79 (vir)     1          68.200           4.512          -2.423         -14.270           84.558
   80 (vir)     1          72.383           3.668          -1.467         -12.540           87.123
   81 (vir)     1          72.980           1.916          -2.430         -14.099           86.565
   82 (vir)     1          75.574           1.928          -2.156         -13.633           88.979
   83 (vir)     1          80.784           2.652          -2.114         -13.717           95.039
   84 (vir)     1          82.998           2.361          -2.027         -13.277           96.608
   85 (vir)     1          86.470           2.598          -2.532         -14.649          101.185
   86 (vir)     1          87.025           2.702          -2.587         -15.071          102.210
   87 (vir)     1          99.662           1.982          -2.426         -15.505          114.723
   88 (vir)     1         118.629           1.616          -1.967         -15.215          133.492
   89 (vir)     1         153.062           2.356          -1.770         -15.850          169.498
   90 (vir)     1         162.062           2.353          -1.664         -15.855          178.606
   91 (vir)     1         164.402           2.511          -1.676         -16.003          181.240
   92 (vir)     1         165.158           2.269          -1.601         -15.778          181.604
   93 (vir)     1         191.348           3.821          -0.727         -12.200          206.642
   94 (vir)     1         241.513           8.081          -0.516         -13.379          262.457
 
