 
  kpoint:       1             coordinate:     0.0000    0.0000    0.0000                  spin:  1
 
    n           k   ϵ_nk^DFT (eV)     Σ^c_nk (eV)     Σ^x_nk (eV)    v_nk^xc (eV)   ϵ_nk^G0W0 (eV)
 
    1 (occ)     1         -17.792           6.002         -18.927         -12.150          -18.567
    2 (occ)     1         -17.421           5.759         -18.926         -12.376          -18.212
    3 (occ)     1         -17.421           5.808         -18.990         -12.376          -18.227
    4 (occ)     1         -10.621           1.821         -14.208         -10.377          -12.632
    5 (occ)     1          -8.548           1.121         -14.083         -10.864          -10.647
    6 (occ)     1          -8.548           1.135         -14.117         -10.864          -10.667
    7 (occ)     1          -7.580           1.200         -13.317          -9.972           -9.724
    8 (occ)     1          -7.100           1.116         -13.879         -10.640           -9.224
    9 (occ)     1          -7.100           1.138         -13.913         -10.640           -9.234
   10 (occ)     1          -7.000           1.084         -13.783         -10.635           -9.064
   11 (occ)     1          -7.000           1.094         -13.819         -10.635           -9.090
   12 (occ)     1          -6.584           1.042         -14.069         -10.913           -8.699
   13 (vir)     1          -2.762          -1.749          -4.687          -8.852           -0.347
   14 (vir)     1          -2.569          -1.768          -3.757          -7.719           -0.375
   15 (vir)     1          -0.320          -1.587          -3.029          -6.930            1.994
   16 (vir)     1          -0.320          -1.590          -3.033          -6.932            1.989
   17 (vir)     1          -0.236          -0.900          -1.282          -3.874            1.457
   18 (vir)     1           0.924          -0.941          -1.331          -3.986            2.639
   19 (vir)     1           0.924          -0.935          -1.323          -3.989            2.656
   20 (vir)     1           1.110          -0.971          -0.990          -3.568            2.716
   21 (vir)     1           1.160          -0.654          -0.693          -2.790            2.604
   22 (vir)     1           1.610          -0.958          -1.505          -4.241            3.387
   23 (vir)     1           1.610          -0.958          -1.493          -4.241            3.401
   24 (vir)     1           1.710          -0.890          -1.393          -4.214            3.641
   25 (vir)     1           1.710          -0.912          -1.405          -4.219            3.612
   26 (vir)     1           2.068          -1.224          -2.155          -5.759            4.448
   27 (vir)     1           2.068          -1.228          -2.157          -5.755            4.438
   28 (vir)     1           2.311          -1.127          -1.822          -4.975            4.337
   29 (vir)     1           2.311          -1.130          -1.823          -4.977            4.334
   30 (vir)     1           2.343          -0.709          -1.011          -3.470            4.092
   31 (vir)     1           2.815          -1.231          -2.293          -5.953            5.245
   32 (vir)     1           3.805          -1.302          -2.347          -6.264            6.420
   33 (vir)     1           3.805          -1.306          -2.317          -6.263            6.446
   34 (vir)     1           4.392          -1.777          -2.794          -7.274            7.095
   35 (vir)     1           4.392          -1.786          -2.803          -7.274            7.077
   36 (vir)     1           5.673          -1.714          -3.511          -8.564            9.011
   37 (vir)     1           5.706          -2.513          -0.659          -4.058            6.593
   38 (vir)     1           6.115          -2.166          -1.263          -5.040            7.726
   39 (vir)     1           6.674          -1.847          -2.287          -6.355            8.895
   40 (vir)     1           6.675          -1.870          -2.260          -6.355            8.899
   41 (vir)     1           6.700          -1.859          -2.639          -7.085            9.287
   42 (vir)     1           6.912          -3.102          -1.623          -5.932            8.120
   43 (vir)     1           8.441          -1.694          -1.540          -5.596           10.803
   44 (vir)     1           8.441          -1.702          -1.522          -5.596           10.813
   45 (vir)     1           9.145          -3.318          -2.049          -7.350           11.127
   46 (vir)     1           9.145          -3.274          -2.051          -7.350           11.170
   47 (vir)     1          10.000          -3.705          -1.716          -7.063           11.642
   48 (vir)     1          10.000          -3.781          -1.720          -7.063           11.562
   49 (vir)     1          10.222          -2.560          -1.914          -6.683           12.432
   50 (vir)     1          10.285          -2.441          -1.885          -6.833           12.793
   51 (vir)     1          10.286          -2.460          -1.875          -6.833           12.784
   52 (vir)     1          10.675          -2.392          -1.901          -6.293           12.676
   53 (vir)     1          11.004          -3.660          -2.043          -7.390           12.691
   54 (vir)     1          11.067          -2.180          -1.928          -6.468           13.428
   55 (vir)     1          11.068          -2.281          -1.905          -6.468           13.350
   56 (vir)     1          11.567          -2.359          -1.625          -6.117           13.699
   57 (vir)     1          11.567          -2.400          -1.653          -6.117           13.630
   58 (vir)     1          12.516          -2.485          -1.581          -6.192           14.643
   59 (vir)     1          12.517          -2.430          -1.573          -6.192           14.705
   60 (vir)     1          12.590          -3.600          -2.100          -7.664           14.555
   61 (vir)     1          13.980          -2.751          -1.585          -6.387           16.033
   62 (vir)     1          14.443          -3.668          -2.005          -7.623           16.393
   63 (vir)     1          14.457          -3.716          -1.538          -6.988           16.191
   64 (vir)     1          14.457          -3.757          -1.541          -6.988           16.147
   65 (vir)     1          16.559          -4.297          -1.144          -6.217           17.336
   66 (vir)     1          17.422          -3.346          -1.798          -6.939           19.218
   67 (vir)     1          17.494          -5.793          -2.031          -8.728           18.398
   68 (vir)     1          17.494          -5.857          -1.995          -8.729           18.370
   69 (vir)     1          19.731          -5.593          -0.531          -5.842           19.449
   70 (vir)     1          19.787          -5.060          -1.249          -7.372           20.849
   71 (vir)     1          19.787          -5.150          -1.296          -7.372           20.713
   72 (vir)     1          20.411          -5.725          -1.008          -7.148           20.826
   73 (vir)     1          20.411          -6.244          -0.998          -7.148           20.318
   74 (vir)     1          20.433          -6.341          -0.902          -6.801           19.990
   75 (vir)     1          25.143          -6.639          -0.963          -7.250           24.791
   76 (vir)     1          25.143          -6.559          -1.006          -7.250           24.827
   77 (vir)     1          27.671          -7.692          -0.815          -6.164           25.328
   78 (vir)     1          30.227          -8.708          -2.455         -10.895           29.959
   79 (vir)     1          31.872         -10.335          -2.001         -10.552           30.089
   80 (vir)     1          31.873         -10.761          -2.115         -10.552           29.549
   81 (vir)     1          32.059          -9.723          -2.169         -10.640           30.807
   82 (vir)     1          32.060         -10.049          -2.296         -10.640           30.355
   83 (vir)     1          33.093         -11.151          -2.121         -10.886           30.705
   84 (vir)     1          33.093         -11.798          -2.177         -10.886           30.004
   85 (vir)     1          33.729          -9.353          -1.994         -10.347           32.729
   86 (vir)     1          33.729          -9.402          -2.049         -10.347           32.625
   87 (vir)     1          34.408         -10.497          -1.630          -9.405           31.687
   88 (vir)     1          35.503         -12.118          -1.951         -10.547           31.981
   89 (vir)     1          38.617          -4.293          -1.577         -10.307           43.054
   90 (vir)     1          38.721          -3.120          -1.783         -10.640           44.458
   91 (vir)     1          38.721           4.146          -1.811         -10.640           51.695
   92 (vir)     1          43.767           3.323          -1.767         -11.287           56.611
   93 (vir)     1          45.775           3.637          -1.991         -12.306           59.727
   94 (vir)     1          46.129           3.930          -1.957         -12.303           60.406
   95 (vir)     1          46.129           3.728          -1.941         -12.303           60.219
   96 (vir)     1          46.260           3.823          -2.090         -12.412           60.404
   97 (vir)     1          46.801           3.361          -2.046         -12.567           60.683
   98 (vir)     1          46.981           3.321          -1.912         -12.313           60.703
   99 (vir)     1          47.020           3.614          -2.053         -12.494           61.074
  100 (vir)     1          47.020           3.862          -2.141         -12.494           61.236
  101 (vir)     1          47.067           3.404          -2.020         -12.578           61.028
  102 (vir)     1          47.067           3.378          -1.978         -12.578           61.045
  103 (vir)     1          47.268           3.318          -1.990         -12.670           61.267
  104 (vir)     1          47.269           3.227          -2.085         -12.670           61.081
  105 (vir)     1          47.453           3.305          -2.051         -12.732           61.439
  106 (vir)     1          47.545           3.290          -2.002         -12.624           61.457
  107 (vir)     1          47.545           3.621          -1.981         -12.624           61.810
  108 (vir)     1          47.822           3.525          -1.870         -12.542           62.018
  109 (vir)     1          47.822           3.516          -2.031         -12.542           61.849
  110 (vir)     1          48.187           2.908          -1.994         -12.651           61.751
  111 (vir)     1          48.572           3.520          -1.943         -12.571           62.721
  112 (vir)     1          51.494           3.090          -1.736         -12.420           65.269
  113 (vir)     1          51.495           3.433          -1.787         -12.420           65.561
  114 (vir)     1         105.323           1.211          -0.646          -7.327          113.215
  115 (vir)     1         105.325           1.313          -0.662          -7.325          113.302
  116 (vir)     1         106.421           1.204          -0.659          -7.323          114.289
 
