 
  kpoint:       1             coordinate:     0.0000    0.0000    0.0000                  spin:  1
 
    n           k   ϵ_nk^DFT (eV)     Σ^c_nk (eV)     Σ^x_nk (eV)    v_nk^xc (eV)   ϵ_nk^G0W0 (eV)
 
    1 (occ)     1         -21.425           7.744         -23.905         -15.110          -22.475
    2 (occ)     1         -19.264           7.187         -23.084         -15.179          -19.983
    3 (occ)     1         -12.659           3.256         -18.974         -13.663          -14.713
    4 (occ)     1         -10.660           1.924         -18.570         -14.110          -13.196
    5 (occ)     1          -9.580           2.082         -16.819         -12.742          -11.576
    6 (occ)     1          -9.580           2.050         -16.784         -12.742          -11.573
    7 (occ)     1          -6.761           0.436         -15.086         -12.191           -9.221
    8 (occ)     1          -6.761           0.450         -15.111         -12.191           -9.231
    9 (vir)     1          -2.817          -1.709          -7.531         -12.234            0.176
   10 (vir)     1          -2.817          -1.701          -7.435         -12.234            0.281
   11 (vir)     1          -0.015          -2.074          -4.147          -8.797            2.561
   12 (vir)     1           0.565          -1.334          -1.883          -5.191            2.538
   13 (vir)     1           0.681          -0.650          -0.663          -2.533            1.901
   14 (vir)     1           0.960          -0.365          -0.539          -2.048            2.104
   15 (vir)     1           0.960          -0.392          -0.536          -2.048            2.080
   16 (vir)     1           1.772          -0.604          -0.729          -2.861            3.300
   17 (vir)     1           1.772          -0.699          -0.724          -2.861            3.211
   18 (vir)     1           1.785          -2.292          -3.556          -8.252            4.189
   19 (vir)     1           1.862          -0.439          -0.674          -2.338            3.088
   20 (vir)     1           1.862          -0.471          -0.694          -2.338            3.036
   21 (vir)     1           2.852          -1.079          -1.547          -4.215            4.441
   22 (vir)     1           3.979          -1.594          -1.610          -5.033            5.807
   23 (vir)     1           3.979          -1.607          -1.547          -5.033            5.857
   24 (vir)     1           4.629          -1.179          -1.772          -4.803            6.481
   25 (vir)     1           4.629          -1.167          -1.733          -4.803            6.532
   26 (vir)     1           5.072          -1.439          -1.617          -4.659            6.675
   27 (vir)     1           5.226          -0.748          -1.947          -5.419            7.949
   28 (vir)     1           5.226          -3.747          -1.937          -5.419            4.960
   29 (vir)     1           5.399          -1.936          -1.282          -4.844            7.025
   30 (vir)     1           5.399          -1.978          -1.334          -4.844            6.931
   31 (vir)     1           6.036          -1.541          -0.952          -4.021            7.564
   32 (vir)     1           6.036          -1.507          -0.917          -4.021            7.633
   33 (vir)     1           6.157          -1.553          -1.092          -3.719            7.231
   34 (vir)     1           7.549          -2.861          -2.720          -7.639            9.607
   35 (vir)     1           7.673          -1.763          -1.247          -4.544            9.207
   36 (vir)     1           7.673          -1.021          -1.181          -4.544           10.015
   37 (vir)     1           8.379          -1.703          -1.037          -4.248            9.887
   38 (vir)     1          10.015          -2.057          -2.281          -6.949           12.626
   39 (vir)     1          10.015          -2.442          -2.296          -6.949           12.226
   40 (vir)     1          11.169          -3.149          -1.278          -6.086           12.829
   41 (vir)     1          11.169          -3.078          -1.292          -6.086           12.885
   42 (vir)     1          12.600          -2.272          -0.781          -5.355           14.902
   43 (vir)     1          12.600          -2.277          -0.799          -5.355           14.880
   44 (vir)     1          13.416          -2.166          -1.034          -5.316           15.531
   45 (vir)     1          13.565          -2.678          -3.387         -10.154           17.653
   46 (vir)     1          13.565          -2.737          -3.194         -10.154           17.788
   47 (vir)     1          13.726          -3.560          -1.804          -7.149           15.512
   48 (vir)     1          14.411          -2.097          -0.845          -5.658           17.128
   49 (vir)     1          14.411          -2.131          -0.830          -5.658           17.108
   50 (vir)     1          14.843          -3.148          -2.579          -9.685           18.802
   51 (vir)     1          14.843          -3.039          -2.418          -9.685           19.072
   52 (vir)     1          15.640          -4.438          -2.937          -8.988           17.252
   53 (vir)     1          16.196          -6.399          -3.258         -11.137           17.676
   54 (vir)     1          16.196          -6.503          -3.379         -11.137           17.451
   55 (vir)     1          17.038          -2.148          -1.043          -6.313           20.160
   56 (vir)     1          17.038          -2.054          -1.110          -6.313           20.186
   57 (vir)     1          17.123          -1.334          -0.346          -3.761           19.204
   58 (vir)     1          17.123          -1.335          -0.294          -3.761           19.254
   59 (vir)     1          18.394          -2.633          -1.377          -6.273           20.657
   60 (vir)     1          18.828          -6.896          -2.084          -9.123           18.972
   61 (vir)     1          18.828          -7.025          -1.898          -9.123           19.028
   62 (vir)     1          19.970          -4.421          -1.262          -6.318           20.604
   63 (vir)     1          19.970          -4.704          -1.392          -6.318           20.192
   64 (vir)     1          20.348          -3.712          -1.444          -6.543           21.735
   65 (vir)     1          21.006          -3.648          -1.980          -7.909           23.287
   66 (vir)     1          21.006          -3.724          -1.976          -7.909           23.215
   67 (vir)     1          23.278          -5.076          -1.973          -9.338           25.567
   68 (vir)     1          23.278          -4.813          -2.184          -9.338           25.619
   69 (vir)     1          23.503          -6.380          -1.338          -6.645           22.430
   70 (vir)     1          23.503          -6.773          -1.321          -6.645           22.054
   71 (vir)     1          24.366           2.036          -1.381          -8.011           33.033
   72 (vir)     1          24.366           2.795          -1.334          -8.011           33.838
   73 (vir)     1          25.528          -6.004          -1.367          -7.899           26.056
   74 (vir)     1          27.227          -6.490          -2.303          -9.658           28.092
   75 (vir)     1          27.234         -10.479          -2.368         -10.211           24.599
   76 (vir)     1          34.768         -12.367          -2.236         -11.581           31.745
   77 (vir)     1          42.037           3.949          -3.149         -13.103           55.940
   78 (vir)     1          42.037           3.797          -3.110         -13.103           55.827
   79 (vir)     1          48.530          -1.849          -1.715         -12.133           57.100
   80 (vir)     1          48.530          -0.875          -1.500         -12.133           58.289
   81 (vir)     1          55.918           2.968          -3.073         -14.980           70.793
   82 (vir)     1          55.918           4.074          -3.594         -14.980           71.379
   83 (vir)     1          63.096           3.921          -2.154         -13.948           78.811
   84 (vir)     1          63.599           2.754          -2.502         -13.493           77.343
   85 (vir)     1          88.473           1.410          -1.493         -11.221           99.611
   86 (vir)     1         109.755           0.948          -0.629          -8.931          119.004
   87 (vir)     1         235.268           0.432          -1.346         -13.033          247.388
 
