 
  kpoint:       1             coordinate:     0.0000    0.0000    0.0000                  spin:  1
 
    n           k   ϵ_nk^DFT (eV)     Σ^c_nk (eV)     Σ^x_nk (eV)    v_nk^xc (eV)   ϵ_nk^G0W0 (eV)
 
    1 (occ)     1         -16.152           4.634         -18.912         -12.118          -18.312
    2 (occ)     1          -8.935           0.767         -15.659         -11.458          -12.369
    3 (occ)     1          -8.935           0.779         -15.679         -11.458          -12.378
    4 (occ)     1          -6.732           0.276         -13.888         -10.467           -9.878
    5 (vir)     1          -0.616          -0.717          -1.377          -4.019            1.309
    6 (vir)     1          -0.135          -1.252          -3.939          -8.136            2.810
    7 (vir)     1          -0.135          -1.248          -3.937          -8.136            2.816
    8 (vir)     1           1.538          -0.338          -0.514          -2.018            2.703
    9 (vir)     1           1.538          -0.336          -0.516          -2.018            2.704
   10 (vir)     1           1.970          -0.564          -1.124          -3.459            3.741
   11 (vir)     1           2.490          -0.864          -1.374          -4.491            4.743
   12 (vir)     1           2.490          -0.867          -1.375          -4.491            4.739
   13 (vir)     1           3.272          -0.851          -1.363          -4.162            5.220
   14 (vir)     1           3.478          -0.905          -1.611          -4.605            5.567
   15 (vir)     1           5.566          -0.885          -0.828          -3.505            7.359
   16 (vir)     1           5.566          -0.887          -0.828          -3.505            7.357
   17 (vir)     1           6.745          -0.722          -1.017          -3.812            8.818
   18 (vir)     1           6.746          -0.729          -1.015          -3.812            8.813
   19 (vir)     1           7.663          -1.455          -1.725          -5.736           10.219
   20 (vir)     1           7.795          -1.297          -1.330          -5.093           10.261
   21 (vir)     1           7.796          -1.300          -1.333          -5.093           10.255
   22 (vir)     1           8.476          -1.477          -0.951          -4.995           11.043
   23 (vir)     1           9.763          -2.338          -1.784          -6.462           12.102
   24 (vir)     1          10.083          -1.974          -1.755          -6.289           12.642
   25 (vir)     1          10.083          -1.946          -1.754          -6.289           12.672
   26 (vir)     1          11.280          -1.841          -0.890          -5.478           14.027
   27 (vir)     1          11.652          -2.683          -1.343          -6.346           13.972
   28 (vir)     1          11.652          -2.682          -1.338          -6.347           13.979
   29 (vir)     1          11.698          -1.898          -1.805          -6.655           14.649
   30 (vir)     1          13.901          -2.682          -2.496          -8.259           16.981
   31 (vir)     1          14.188          -2.614          -1.511          -6.419           16.481
   32 (vir)     1          14.188          -2.576          -1.518          -6.419           16.512
   33 (vir)     1          15.444          -1.927          -0.760          -4.996           17.753
   34 (vir)     1          15.444          -1.992          -0.761          -4.996           17.687
   35 (vir)     1          15.661          -2.486          -1.818          -7.031           18.389
   36 (vir)     1          15.661          -2.478          -1.810          -7.031           18.404
   37 (vir)     1          16.536          -1.599          -0.693          -5.275           19.519
   38 (vir)     1          21.890          -1.276          -1.808          -8.323           27.129
   39 (vir)     1          28.280           0.439          -2.268         -10.187           36.639
   40 (vir)     1          28.281           0.394          -2.264         -10.187           36.598
   41 (vir)     1          42.578           2.348          -1.785          -9.938           53.080
   42 (vir)     1          45.710           2.669          -1.896         -10.295           56.778
   43 (vir)     1          45.711           2.665          -1.875         -10.295           56.795
   44 (vir)     1          48.773           2.139          -1.845         -10.604           59.670
   45 (vir)     1          48.833           2.493          -2.121         -11.035           60.241
   46 (vir)     1          49.981           2.279          -1.658         -10.439           61.041
   47 (vir)     1          49.983           2.212          -1.661         -10.439           60.972
   48 (vir)     1          58.675           1.730          -1.941         -11.159           69.622
   49 (vir)     1          58.676           1.533          -1.959         -11.159           69.409
   50 (vir)     1          78.579           4.626          -0.948          -9.439           91.697
   51 (vir)     1          80.385           4.367          -0.855          -9.366           93.264
   52 (vir)     1          80.385           2.727          -0.846          -9.366           91.632
   53 (vir)     1         102.483           5.591          -0.665          -7.588          114.997
   54 (vir)     1         140.898           1.952          -1.757         -15.718          156.811
   55 (vir)     1         140.898           1.919          -1.759         -15.718          156.777
   56 (vir)     1         140.910           2.007          -1.725         -15.705          156.897
 
