 
  kpoint:       1             coordinate:     0.0000    0.0000    0.0000                  spin:  1
 
    n           k   ϵ_nk^DFT (eV)     Σ^c_nk (eV)     Σ^x_nk (eV)    v_nk^xc (eV)   ϵ_nk^G0W0 (eV)
 
    1 (occ)     1         -18.619           5.709         -25.205         -15.987          -22.128
    2 (occ)     1         -14.119           2.771         -20.723         -14.215          -17.857
    3 (occ)     1         -12.262           1.979         -21.352         -15.448          -16.187
    4 (occ)     1          -7.188           0.309         -16.890         -13.161          -10.608
    5 (occ)     1          -7.188           0.309         -16.890         -13.161          -10.608
    6 (vir)     1          -0.416          -1.503          -4.934          -9.849            2.996
    7 (vir)     1          -0.416          -1.503          -4.934          -9.849            2.996
    8 (vir)     1           0.272          -0.419          -0.661          -2.454            1.646
    9 (vir)     1           0.283          -0.600          -0.976          -3.121            1.828
   10 (vir)     1           1.037          -0.254          -0.508          -1.914            2.189
   11 (vir)     1           1.037          -0.254          -0.508          -1.914            2.189
   12 (vir)     1           1.220          -0.435          -0.898          -2.857            2.745
   13 (vir)     1           2.227          -0.489          -1.056          -2.774            3.456
   14 (vir)     1           2.227          -0.489          -1.056          -2.774            3.456
   15 (vir)     1           2.839          -1.095          -2.111          -5.328            4.961
   16 (vir)     1           3.173          -0.068          -0.025          -0.793            3.872
   17 (vir)     1           3.173          -0.068          -0.025          -0.793            3.872
   18 (vir)     1           3.835          -0.335          -0.593          -1.866            4.772
   19 (vir)     1           4.051          -1.132          -2.029          -5.171            6.060
   20 (vir)     1           4.805          -0.451          -0.954          -2.876            6.276
   21 (vir)     1           6.035          -0.632          -0.801          -3.286            7.888
   22 (vir)     1           6.035          -0.632          -0.801          -3.286            7.888
   23 (vir)     1           7.670          -0.603          -0.890          -3.239            9.417
   24 (vir)     1           7.670          -0.602          -0.889          -3.239            9.417
   25 (vir)     1           7.786          -1.399          -2.159          -6.024           10.252
   26 (vir)     1           8.179          -1.635          -1.304          -5.102           10.342
   27 (vir)     1           8.179          -1.635          -1.304          -5.102           10.342
   28 (vir)     1          10.118          -0.133          -0.382          -2.638           12.242
   29 (vir)     1          10.118          -0.135          -0.381          -2.638           12.240
   30 (vir)     1          12.049          -1.733          -0.990          -5.050           14.375
   31 (vir)     1          12.049          -1.740          -0.990          -5.050           14.369
   32 (vir)     1          12.550          -2.015          -2.297          -6.877           15.114
   33 (vir)     1          15.287          -2.839          -2.524          -8.116           18.041
   34 (vir)     1          16.083          -0.508          -0.451          -3.980           19.104
   35 (vir)     1          16.083          -0.508          -0.451          -3.980           19.103
   36 (vir)     1          16.363          -3.385          -3.225          -9.433           19.187
   37 (vir)     1          17.854          -3.042          -3.101          -9.085           20.796
   38 (vir)     1          17.854          -3.039          -3.101          -9.085           20.799
   39 (vir)     1          19.598          -2.498          -1.274          -6.376           22.202
   40 (vir)     1          20.854          -3.816          -1.602          -7.233           22.669
   41 (vir)     1          20.854          -3.816          -1.603          -7.233           22.668
   42 (vir)     1          21.812          -2.794          -0.976          -6.267           24.309
   43 (vir)     1          21.812          -2.819          -0.977          -6.267           24.283
   44 (vir)     1          22.257          -4.049          -2.889          -9.882           25.201
   45 (vir)     1          24.373          -0.673          -0.284          -4.328           27.744
   46 (vir)     1          24.373          -0.673          -0.284          -4.328           27.744
   47 (vir)     1          25.599          -1.203          -0.641          -5.185           28.940
   48 (vir)     1          25.599          -1.205          -0.641          -5.185           28.937
   49 (vir)     1          25.685          -2.061          -1.518          -7.213           29.319
   50 (vir)     1          25.685          -2.062          -1.517          -7.213           29.318
   51 (vir)     1          26.719          -2.582          -1.049          -5.408           28.496
   52 (vir)     1          31.418           4.264          -3.694         -12.316           44.304
   53 (vir)     1          31.418           4.200          -3.694         -12.316           44.241
   54 (vir)     1          33.180          -7.915          -3.426         -12.394           34.233
   55 (vir)     1          35.796          -7.161          -3.245         -12.230           37.619
   56 (vir)     1          35.796          -7.151          -3.244         -12.230           37.631
   57 (vir)     1          47.456           2.133          -2.735         -12.521           59.375
   58 (vir)     1          47.456           2.135          -2.736         -12.521           59.377
   59 (vir)     1          52.386           3.267          -3.033         -12.584           65.205
   60 (vir)     1          53.410           2.786          -2.086         -10.670           64.779
   61 (vir)     1          54.822           3.430          -2.570         -11.924           67.605
   62 (vir)     1          54.822           3.472          -2.569         -11.924           67.648
   63 (vir)     1          60.415          -1.718          -2.551         -12.782           68.928
   64 (vir)     1          60.415          -1.665          -2.550         -12.782           68.982
   65 (vir)     1          64.124           2.300          -2.704         -13.455           77.174
   66 (vir)     1          71.605           2.999          -1.740         -12.620           85.484
   67 (vir)     1          71.605           2.993          -1.736         -12.620           85.482
   68 (vir)     1          72.461           3.709          -2.737         -14.825           88.258
   69 (vir)     1          82.627           1.176          -2.595         -15.036           96.244
   70 (vir)     1          82.627           1.179          -2.598         -15.036           96.244
   71 (vir)     1          92.454           2.410          -2.977         -15.800          107.686
   72 (vir)     1         117.920           1.851          -2.140         -14.622          132.253
   73 (vir)     1         152.141           2.136          -1.773         -15.913          168.416
   74 (vir)     1         162.868           2.604          -1.551         -15.565          179.487
   75 (vir)     1         190.680           5.102          -0.924         -11.983          206.841
   76 (vir)     1         242.696           8.881          -0.891         -13.366          264.052
 
