 
  kpoint:       1             coordinate:     0.0000    0.0000    0.0000                  spin:  1
 
    n           k   ϵ_nk^DFT (eV)     Σ^c_nk (eV)     Σ^x_nk (eV)    v_nk^xc (eV)   ϵ_nk^G0W0 (eV)
 
    1 (occ)     1         -20.583           5.692         -21.108         -13.116          -22.883
    2 (occ)     1         -17.710           4.840         -19.235         -12.542          -19.563
    3 (occ)     1         -17.710           4.841         -19.239         -12.542          -19.566
    4 (occ)     1         -17.710           4.841         -19.237         -12.542          -19.564
    5 (occ)     1         -14.271           3.644         -18.370         -13.020          -15.977
    6 (occ)     1         -10.420           1.498         -15.797         -12.326          -12.393
    7 (occ)     1         -10.420           1.499         -15.797         -12.326          -12.392
    8 (occ)     1         -10.420           1.498         -15.796         -12.326          -12.391
    9 (occ)     1          -7.491           1.551         -14.275         -10.665           -9.551
   10 (occ)     1          -7.491           1.550         -14.274         -10.665           -9.550
   11 (occ)     1          -6.920           1.027         -13.978         -10.842           -9.030
   12 (occ)     1          -6.920           1.027         -13.978         -10.842           -9.030
   13 (occ)     1          -6.920           1.027         -13.979         -10.842           -9.030
   14 (occ)     1          -6.153           1.014         -14.327         -11.112           -8.354
   15 (occ)     1          -6.153           1.014         -14.326         -11.112           -8.354
   16 (occ)     1          -6.153           1.015         -14.328         -11.112           -8.355
   17 (vir)     1          -4.160          -1.830          -6.702         -10.941           -1.751
   18 (vir)     1          -2.266          -2.550          -6.416         -11.335            0.102
   19 (vir)     1          -2.266          -2.550          -6.415         -11.335            0.103
   20 (vir)     1          -2.266          -2.549          -6.413         -11.335            0.106
   21 (vir)     1          -0.244          -0.918          -0.987          -3.438            1.288
   22 (vir)     1           0.776          -0.875          -1.011          -3.340            2.230
   23 (vir)     1           0.776          -0.875          -1.011          -3.340            2.230
   24 (vir)     1           0.776          -0.875          -1.011          -3.340            2.230
   25 (vir)     1           1.474          -0.785          -1.094          -3.529            3.124
   26 (vir)     1           1.474          -0.785          -1.094          -3.529            3.124
   27 (vir)     1           1.590          -0.821          -1.362          -3.889            3.296
   28 (vir)     1           1.590          -0.821          -1.362          -3.889            3.295
   29 (vir)     1           1.590          -0.821          -1.363          -3.889            3.296
   30 (vir)     1           2.624          -0.719          -0.925          -3.265            4.245
   31 (vir)     1           2.624          -0.718          -0.925          -3.265            4.245
   32 (vir)     1           2.624          -0.720          -0.924          -3.265            4.245
   33 (vir)     1           2.888          -1.200          -1.419          -4.338            4.606
   34 (vir)     1           2.901          -1.311          -2.467          -6.052            5.175
   35 (vir)     1           2.901          -1.312          -2.466          -6.052            5.175
   36 (vir)     1           2.901          -1.311          -2.467          -6.052            5.175
   37 (vir)     1           3.699          -1.659          -4.091          -8.676            6.624
   38 (vir)     1           3.699          -1.660          -4.091          -8.676            6.623
   39 (vir)     1           3.711          -1.520          -2.656          -6.605            6.141
   40 (vir)     1           3.711          -1.519          -2.655          -6.605            6.143
   41 (vir)     1           3.711          -1.518          -2.656          -6.605            6.142
   42 (vir)     1           6.109          -1.142          -1.524          -4.544            7.986
   43 (vir)     1           6.109          -1.146          -1.525          -4.544            7.982
   44 (vir)     1           6.109          -1.143          -1.527          -4.544            7.983
   45 (vir)     1           6.504          -1.626          -3.805          -8.867            9.940
   46 (vir)     1           6.504          -1.629          -3.805          -8.867            9.937
   47 (vir)     1           6.504          -1.624          -3.805          -8.867            9.942
   48 (vir)     1           7.484          -2.048          -3.731          -8.820           10.526
   49 (vir)     1           7.484          -2.051          -3.731          -8.820           10.523
   50 (vir)     1           7.744          -2.437          -2.647          -7.401           10.061
   51 (vir)     1           7.744          -2.434          -2.647          -7.401           10.064
   52 (vir)     1           7.744          -2.439          -2.648          -7.401           10.058
   53 (vir)     1           9.675          -1.468          -2.270          -7.692           13.629
   54 (vir)     1           9.991          -2.904          -3.256          -8.588           12.419
   55 (vir)     1           9.991          -2.903          -3.255          -8.588           12.421
   56 (vir)     1           9.991          -2.904          -3.256          -8.588           12.419
   57 (vir)     1          10.265          -2.504          -2.444          -7.642           12.959
   58 (vir)     1          10.265          -2.501          -2.446          -7.642           12.959
   59 (vir)     1          10.265          -2.493          -2.444          -7.642           12.970
   60 (vir)     1          11.181          -2.259          -2.030          -6.716           13.608
   61 (vir)     1          11.181          -2.260          -2.031          -6.716           13.606
   62 (vir)     1          11.718          -2.487          -2.019          -6.924           14.136
   63 (vir)     1          11.718          -2.480          -2.020          -6.924           14.143
   64 (vir)     1          11.718          -2.482          -2.022          -6.924           14.137
   65 (vir)     1          11.857          -3.202          -1.878          -6.791           13.568
   66 (vir)     1          13.490          -1.292          -1.854          -6.706           17.049
   67 (vir)     1          13.594          -2.274          -1.647          -6.182           15.855
   68 (vir)     1          13.594          -2.273          -1.645          -6.182           15.858
   69 (vir)     1          13.594          -2.280          -1.646          -6.182           15.849
   70 (vir)     1          14.964          -2.483          -1.792          -6.762           17.451
   71 (vir)     1          14.964          -2.505          -1.791          -6.762           17.430
   72 (vir)     1          15.714          -2.630          -1.941          -7.215           18.358
   73 (vir)     1          15.714          -2.631          -1.942          -7.215           18.356
   74 (vir)     1          15.714          -2.625          -1.941          -7.215           18.363
   75 (vir)     1          17.760          -3.081          -2.250          -8.832           21.260
   76 (vir)     1          17.760          -3.096          -2.251          -8.832           21.245
   77 (vir)     1          17.760          -3.098          -2.253          -8.832           21.242
   78 (vir)     1          22.035          -3.522          -1.733          -7.279           24.059
   79 (vir)     1          22.035          -3.453          -1.732          -7.279           24.129
   80 (vir)     1          22.035          -3.545          -1.731          -7.279           24.038
   81 (vir)     1          22.447          -3.549          -1.682          -8.008           25.225
   82 (vir)     1          22.447          -3.547          -1.684          -8.008           25.224
   83 (vir)     1          22.447          -3.516          -1.681          -8.008           25.258
   84 (vir)     1          27.409           2.264          -2.160          -9.486           36.999
   85 (vir)     1          29.189           2.048          -2.868         -10.684           39.052
   86 (vir)     1          29.189           2.063          -2.866         -10.684           39.069
   87 (vir)     1          29.189           2.055          -2.867         -10.684           39.060
   88 (vir)     1          30.372           1.264          -3.061         -11.522           40.097
   89 (vir)     1          30.372           1.283          -3.059         -11.522           40.117
   90 (vir)     1          31.952           1.552          -2.867         -10.973           41.610
   91 (vir)     1          31.952           1.506          -2.863         -10.973           41.568
   92 (vir)     1          31.952           1.523          -2.863         -10.973           41.585
   93 (vir)     1          32.451          -6.978          -2.699         -11.028           33.802
   94 (vir)     1          32.451          -6.952          -2.699         -11.028           33.829
   95 (vir)     1          32.451          -6.954          -2.700         -11.028           33.826
   96 (vir)     1          33.457          -1.572          -2.490         -10.809           40.203
   97 (vir)     1          33.457          -1.572          -2.491         -10.809           40.203
   98 (vir)     1          33.457          -1.574          -2.493         -10.809           40.199
   99 (vir)     1          34.080           3.319          -2.311         -10.430           45.518
  100 (vir)     1          34.414          -4.866          -2.488         -10.897           37.957
  101 (vir)     1          34.414          -4.842          -2.486         -10.897           37.982
  102 (vir)     1          38.840           2.477          -2.133         -10.656           49.840
  103 (vir)     1          38.840           2.474          -2.134         -10.656           49.836
  104 (vir)     1          38.840           2.488          -2.134         -10.656           49.849
  105 (vir)     1          41.163           3.045          -2.639         -12.891           54.460
  106 (vir)     1          41.163           3.028          -2.637         -12.891           54.445
  107 (vir)     1          41.163           3.056          -2.636         -12.891           54.474
  108 (vir)     1          43.335           0.922          -2.734         -12.464           53.987
  109 (vir)     1          43.335           0.929          -2.735         -12.464           53.993
  110 (vir)     1          43.335           0.931          -2.736         -12.464           53.994
  111 (vir)     1          44.647           2.532          -2.260         -11.678           56.598
  112 (vir)     1          45.578          -0.751          -2.474         -11.356           53.709
  113 (vir)     1          45.578          -0.756          -2.474         -11.356           53.704
  114 (vir)     1          45.758          -2.587          -2.458         -12.239           52.952
  115 (vir)     1          45.758          -2.573          -2.458         -12.239           52.966
  116 (vir)     1          45.758          -2.567          -2.460         -12.239           52.970
  117 (vir)     1          46.845          -0.999          -2.444         -12.393           55.795
  118 (vir)     1          46.845          -1.019          -2.444         -12.393           55.774
  119 (vir)     1          47.337           1.536          -2.395         -12.480           58.957
  120 (vir)     1          47.337           1.540          -2.396         -12.480           58.961
  121 (vir)     1          47.337           1.543          -2.396         -12.480           58.963
  122 (vir)     1          47.641           2.979          -2.594         -12.732           60.756
  123 (vir)     1          47.641           2.973          -2.595         -12.732           60.750
  124 (vir)     1          47.641           2.981          -2.595         -12.732           60.758
  125 (vir)     1          48.290           2.881          -2.775         -13.205           61.601
  126 (vir)     1          51.003           2.666          -2.245         -12.320           63.744
  127 (vir)     1          51.051          -1.220          -2.288         -12.429           59.972
  128 (vir)     1          51.051          -1.217          -2.288         -12.429           59.975
  129 (vir)     1          51.051          -1.227          -2.288         -12.429           59.965
  130 (vir)     1          52.459          -2.480          -2.743         -13.591           60.828
  131 (vir)     1          52.459          -2.441          -2.742         -13.591           60.868
  132 (vir)     1          53.555          -0.530          -1.953         -11.713           62.786
  133 (vir)     1          53.555          -0.535          -1.951         -11.713           62.782
  134 (vir)     1          53.555          -0.528          -1.951         -11.713           62.789
  135 (vir)     1          53.652          -3.019          -2.127         -12.511           61.017
  136 (vir)     1          53.652          -3.046          -2.125         -12.511           60.992
  137 (vir)     1          53.652          -3.033          -2.128         -12.511           61.002
  138 (vir)     1          64.381           1.875          -2.032         -12.856           77.080
  139 (vir)     1          64.381           1.931          -2.035         -12.856           77.133
  140 (vir)     1          64.381           1.892          -2.033         -12.856           77.096
  141 (vir)     1         109.562           0.970          -0.824          -7.371          117.079
  142 (vir)     1         109.562           0.971          -0.823          -7.371          117.082
  143 (vir)     1         109.562           0.971          -0.822          -7.371          117.082
  144 (vir)     1         109.684           1.148          -0.837          -7.363          117.357
  145 (vir)     1         217.512           3.936          -0.839         -12.106          232.716
 
