 
  kpoint:       1             coordinate:     0.0000    0.0000    0.0000                  spin:  1
 
    n           k   ϵ_nk^DFT (eV)     Σ^c_nk (eV)     Σ^x_nk (eV)    v_nk^xc (eV)   ϵ_nk^G0W0 (eV)
 
    1 (occ)     1         -21.212           7.561         -25.178         -15.413          -23.416
    2 (occ)     1         -18.991           5.083         -24.299         -15.298          -22.909
    3 (occ)     1         -18.317           7.345         -24.298         -15.487          -19.783
    4 (occ)     1         -16.736           5.601         -23.441         -15.237          -19.339
    5 (occ)     1         -14.795           4.639         -22.421         -15.223          -17.355
    6 (occ)     1         -14.202           4.314         -22.229         -15.242          -16.876
    7 (occ)     1         -12.396           3.198         -20.301         -14.346          -15.153
    8 (occ)     1         -11.207           2.719         -21.127         -15.623          -13.993
    9 (occ)     1         -10.861           2.767         -20.301         -14.520          -13.875
   10 (occ)     1         -10.255           2.215         -18.643         -13.493          -13.190
   11 (occ)     1         -10.123           2.351         -20.054         -14.796          -13.029
   12 (occ)     1          -9.726           2.197         -20.133         -15.121          -12.541
   13 (occ)     1          -9.226           1.815         -19.696         -14.671          -12.435
   14 (occ)     1          -8.664           2.263         -17.374         -13.050          -10.725
   15 (occ)     1          -8.098           1.593         -19.867         -15.269          -11.103
   16 (occ)     1          -8.045           1.595         -20.029         -15.569          -10.910
   17 (occ)     1          -6.237           0.331         -15.595         -13.012           -8.488
   18 (occ)     1          -5.981           0.244         -15.810         -13.278           -8.270
   19 (vir)     1          -1.201          -2.333          -7.398         -12.259            1.327
   20 (vir)     1          -1.081          -2.352          -7.482         -12.334            1.420
   21 (vir)     1          -0.350          -0.866          -1.293          -3.625            1.115
   22 (vir)     1          -0.059          -0.771          -1.111          -3.258            1.317
   23 (vir)     1           0.076          -0.709          -0.985          -2.949            1.331
   24 (vir)     1           0.604          -0.696          -0.926          -2.809            1.791
   25 (vir)     1           0.636          -0.698          -0.896          -2.832            1.874
   26 (vir)     1           0.749          -0.626          -0.813          -2.596            1.907
   27 (vir)     1           0.910          -0.704          -0.811          -2.780            2.175
   28 (vir)     1           1.150          -0.602          -0.651          -2.356            2.252
   29 (vir)     1           1.310          -0.589          -0.621          -2.309            2.408
   30 (vir)     1           1.366          -0.772          -1.035          -3.123            2.682
   31 (vir)     1           1.611          -0.599          -0.626          -2.375            2.761
   32 (vir)     1           1.973          -0.710          -0.850          -2.841            3.255
   33 (vir)     1           2.163          -0.545          -0.554          -2.116            3.180
   34 (vir)     1           2.210          -0.626          -0.754          -2.487            3.317
   35 (vir)     1           2.446          -1.974          -2.502          -6.002            3.972
   36 (vir)     1           2.677          -1.585          -1.863          -4.769            3.998
   37 (vir)     1           2.679          -0.459          -0.333          -1.805            3.691
   38 (vir)     1           2.836          -0.603          -0.658          -2.403            3.978
   39 (vir)     1           2.851          -1.261          -1.399          -3.861            4.052
   40 (vir)     1           2.920          -1.083          -1.909          -4.400            4.328
   41 (vir)     1           3.200          -1.080          -1.763          -4.325            4.683
   42 (vir)     1           3.268          -0.844          -1.116          -3.171            4.480
   43 (vir)     1           3.645          -1.191          -1.834          -4.526            5.146
   44 (vir)     1           3.761          -0.819          -0.952          -2.934            4.924
   45 (vir)     1           3.768          -0.977          -1.425          -3.987            5.353
   46 (vir)     1           3.876          -0.842          -1.127          -3.178            5.085
   47 (vir)     1           4.012          -1.037          -1.391          -3.817            5.400
   48 (vir)     1           4.211          -1.566          -2.237          -5.560            5.968
   49 (vir)     1           4.522          -1.548          -2.436          -5.807            6.345
   50 (vir)     1           4.523          -0.951          -1.548          -3.956            5.982
   51 (vir)     1           4.644          -1.124          -1.494          -4.119            6.145
   52 (vir)     1           4.955          -0.786          -0.849          -2.944            6.264
   53 (vir)     1           4.960          -1.201          -1.448          -4.279            6.590
   54 (vir)     1           4.991          -1.852          -2.683          -6.428            6.885
   55 (vir)     1           5.516          -1.412          -2.025          -5.111            7.189
   56 (vir)     1           5.682          -1.431          -1.648          -4.882            7.485
   57 (vir)     1           5.856          -1.373          -1.689          -4.834            7.628
   58 (vir)     1           5.897          -1.327          -1.711          -4.807            7.666
   59 (vir)     1           6.027          -1.404          -1.580          -4.714            7.758
   60 (vir)     1           6.256          -1.494          -1.817          -5.204            8.150
   61 (vir)     1           6.413          -1.534          -1.867          -5.259            8.272
   62 (vir)     1           6.655          -1.661          -2.592          -6.181            8.583
   63 (vir)     1           6.705          -1.803          -2.827          -6.671            8.747
   64 (vir)     1           6.910          -1.340          -1.156          -4.208            8.623
   65 (vir)     1           7.083          -1.644          -1.804          -5.285            8.920
   66 (vir)     1           7.626          -1.347          -1.900          -5.036            9.415
   67 (vir)     1           7.866          -2.501          -3.835          -8.777           10.306
   68 (vir)     1           8.165          -2.030          -2.617          -6.823           10.341
   69 (vir)     1           8.392          -1.783          -1.303          -4.863           10.169
   70 (vir)     1           8.628          -2.277          -2.123          -6.307           10.536
   71 (vir)     1           8.884          -2.757          -3.299          -8.226           11.054
   72 (vir)     1           9.034          -2.021          -1.533          -5.399           10.880
   73 (vir)     1           9.249          -1.251          -1.106          -4.016           10.909
   74 (vir)     1           9.253          -2.372          -2.516          -6.892           11.256
   75 (vir)     1           9.468          -1.388          -0.937          -3.669           10.813
   76 (vir)     1           9.700          -2.777          -3.016          -7.938           11.846
   77 (vir)     1           9.895          -2.848          -1.359          -5.235           10.923
   78 (vir)     1          10.066          -1.407          -1.032          -4.262           11.889
   79 (vir)     1          10.334          -1.972          -1.427          -5.087           12.023
   80 (vir)     1          10.676          -1.789          -1.011          -4.480           12.356
   81 (vir)     1          10.736          -2.857          -3.135          -8.149           12.893
   82 (vir)     1          11.534          -2.644          -2.343          -6.938           13.484
   83 (vir)     1          11.692          -2.132          -1.322          -4.685           12.923
   84 (vir)     1          11.877          -1.597          -2.248          -6.954           14.987
   85 (vir)     1          12.218          -2.645          -2.395          -7.105           14.282
   86 (vir)     1          12.281          -2.591          -2.378          -7.034           14.346
   87 (vir)     1          12.702          -2.591          -2.298          -6.894           14.706
   88 (vir)     1          13.040          -1.830          -1.425          -5.185           14.969
   89 (vir)     1          13.279          -3.141          -2.946          -8.383           15.575
   90 (vir)     1          13.803          -2.520          -1.870          -6.405           15.818
   91 (vir)     1          13.972          -3.241          -2.353          -7.662           16.040
   92 (vir)     1          13.999          -2.532          -1.662          -6.070           15.875
   93 (vir)     1          14.439          -3.691          -2.530          -8.179           16.397
   94 (vir)     1          14.485          -2.328          -1.347          -6.221           17.031
   95 (vir)     1          14.607          -3.219          -2.016          -7.017           16.388
   96 (vir)     1          14.821          -4.198          -3.449          -9.943           17.117
   97 (vir)     1          14.880          -3.843          -2.357          -7.998           16.678
   98 (vir)     1          15.024          -4.306          -3.457          -9.898           17.159
   99 (vir)     1          15.107          -3.696          -2.889          -8.757           17.279
  100 (vir)     1          15.235          -4.515          -2.938          -9.322           17.104
  101 (vir)     1          15.251          -3.322          -1.582          -6.658           17.006
  102 (vir)     1          16.022          -3.947          -2.644          -8.634           18.065
  103 (vir)     1          16.126          -3.606          -1.744          -6.989           17.766
  104 (vir)     1          16.405          -3.127          -1.749          -6.930           18.458
  105 (vir)     1          16.960          -3.564          -2.661          -8.509           19.243
  106 (vir)     1          17.466          -3.117          -2.158          -7.410           19.602
  107 (vir)     1          18.048          -3.285          -2.918          -8.743           20.588
  108 (vir)     1          18.821          -4.880          -3.439         -10.664           21.166
  109 (vir)     1          18.833          -3.179          -1.799          -7.069           20.925
  110 (vir)     1          19.419          -2.377          -1.525          -6.192           21.709
  111 (vir)     1          19.537          -3.657          -1.704          -7.225           21.402
  112 (vir)     1          19.739          -3.989          -2.427          -8.604           21.927
  113 (vir)     1          19.986          -3.252          -1.569          -6.814           21.979
  114 (vir)     1          20.135          -3.999          -2.052          -8.095           22.179
  115 (vir)     1          20.454          -2.756          -1.311          -6.047           22.433
  116 (vir)     1          20.790          -3.422          -1.789          -7.253           22.832
  117 (vir)     1          21.182          -3.419          -1.434          -6.900           23.230
  118 (vir)     1          21.710          -4.101          -2.181          -8.228           23.656
  119 (vir)     1          21.878          -3.356          -1.612          -7.214           24.124
  120 (vir)     1          21.909          -3.395          -1.893          -7.390           24.011
  121 (vir)     1          22.325          -3.113          -1.419          -6.542           24.336
  122 (vir)     1          22.357          -3.050          -1.306          -6.865           24.866
  123 (vir)     1          22.616          -3.595          -1.789          -7.393           24.624
  124 (vir)     1          22.632          -3.306          -1.220          -6.729           24.835
  125 (vir)     1          23.524          -3.637          -1.627          -7.245           25.505
  126 (vir)     1          24.005          -3.137          -1.280          -6.696           26.284
  127 (vir)     1          24.202          -4.881          -1.584          -7.388           25.124
  128 (vir)     1          24.777          -4.958          -1.759          -8.107           26.168
  129 (vir)     1          25.779           1.440          -1.620          -7.193           32.792
  130 (vir)     1          26.301          -4.711          -2.134          -8.733           28.190
  131 (vir)     1          26.436          -4.218          -1.827          -7.810           28.201
  132 (vir)     1          26.626          -3.606          -1.813          -8.119           29.326
  133 (vir)     1          27.012          -4.466          -1.561          -7.486           28.471
  134 (vir)     1          27.400          -4.732          -1.700          -7.808           28.776
  135 (vir)     1          27.782          -2.567          -1.839          -7.919           31.295
  136 (vir)     1          27.997          -4.330          -2.634          -9.668           30.701
  137 (vir)     1          28.505          -4.786          -1.719          -7.733           29.734
  138 (vir)     1          28.843          -0.578          -1.728          -7.681           34.219
  139 (vir)     1          29.049           2.380          -1.633          -7.492           37.288
  140 (vir)     1          29.310          -2.328          -1.627          -8.022           33.377
  141 (vir)     1          29.335          -0.676          -1.921          -8.187           34.925
  142 (vir)     1          29.856          -6.156          -1.927          -8.960           30.732
  143 (vir)     1          30.626          -6.062          -1.961          -8.365           30.967
  144 (vir)     1          30.786          -5.895          -1.691          -8.083           31.283
  145 (vir)     1          31.154          -4.934          -1.974          -8.436           32.682
  146 (vir)     1          31.183           2.082          -1.455          -7.520           39.331
  147 (vir)     1          32.355          -8.205          -1.944          -8.578           30.784
  148 (vir)     1          32.486          -5.800          -1.614          -7.896           32.968
  149 (vir)     1          33.382           2.883          -1.802          -8.588           43.052
  150 (vir)     1          33.589          -7.030          -2.017          -9.003           33.544
  151 (vir)     1          34.570         -10.218          -2.104          -9.029           31.278
  152 (vir)     1          34.931          -7.592          -1.980          -8.668           34.026
  153 (vir)     1          35.892          -7.303          -1.898          -8.634           35.325
  154 (vir)     1          36.596          -7.717          -2.422          -9.867           36.324
  155 (vir)     1          37.190          -6.885          -1.538          -8.045           36.811
  156 (vir)     1          37.670          -8.090          -1.898          -9.265           36.946
  157 (vir)     1          38.017          -7.467          -2.503         -10.265           38.313
  158 (vir)     1          38.378          -9.313          -2.487         -10.902           37.480
  159 (vir)     1          39.251          -8.443          -1.916          -9.703           38.595
  160 (vir)     1          39.471          -9.087          -2.023          -9.289           37.650
  161 (vir)     1          40.649         -11.236          -3.114         -11.931           38.230
  162 (vir)     1          41.023          -9.947          -2.282         -10.159           38.953
  163 (vir)     1          42.796          -8.390          -2.791         -11.333           42.948
  164 (vir)     1          42.834         -10.837          -2.132          -9.653           39.517
  165 (vir)     1          43.615          -9.089          -2.501         -10.872           42.898
  166 (vir)     1          43.898          -9.957          -2.040          -9.877           41.778
  167 (vir)     1          44.474           4.032          -1.858          -9.389           56.037
  168 (vir)     1          44.648          -8.476          -2.027          -9.559           43.705
  169 (vir)     1          46.552          -9.734          -2.632         -11.043           45.228
  170 (vir)     1          47.219          -7.762          -2.198         -10.277           47.536
  171 (vir)     1          47.715         -10.140          -2.537         -11.180           46.216
  172 (vir)     1          47.869         -10.409          -2.542         -11.023           45.940
  173 (vir)     1          48.962         -11.209          -2.257         -10.809           46.305
  174 (vir)     1          49.783          -6.560          -2.290         -11.212           52.146
  175 (vir)     1          50.289           4.323          -2.391         -10.766           62.987
  176 (vir)     1          50.733          -5.391          -3.060         -12.651           54.933
  177 (vir)     1          51.006          -8.927          -2.673         -11.633           51.038
  178 (vir)     1          51.544          -8.457          -2.414         -11.372           52.044
  179 (vir)     1          52.589         -10.464          -2.352         -11.711           51.483
  180 (vir)     1          52.838         -12.705          -2.442         -11.262           48.953
  181 (vir)     1          53.346           4.011          -2.161         -10.662           65.857
  182 (vir)     1          55.017          -9.718          -2.189         -11.355           54.465
  183 (vir)     1          55.191           4.650          -2.571         -12.138           69.407
  184 (vir)     1          55.546           4.559          -2.492         -12.222           69.836
  185 (vir)     1          56.984          -9.304          -2.344         -11.716           57.053
  186 (vir)     1          56.992           4.431          -2.577         -12.205           71.050
  187 (vir)     1          57.395           4.529          -2.788         -13.038           72.175
  188 (vir)     1          58.239          -9.985          -2.268         -11.611           57.597
  189 (vir)     1          59.101           4.124          -2.587         -12.321           72.958
  190 (vir)     1          59.284           3.841          -2.744         -13.003           73.384
  191 (vir)     1          60.054           4.220          -2.526         -12.489           74.237
  192 (vir)     1          60.197         -10.643          -2.199         -11.872           59.227
  193 (vir)     1          60.605           4.379          -2.603         -12.751           75.132
  194 (vir)     1          61.091           4.059          -2.511         -12.696           75.335
  195 (vir)     1          62.163           3.962          -2.636         -13.058           76.548
  196 (vir)     1          62.514           4.131          -2.759         -13.213           77.099
  197 (vir)     1          62.660           3.508          -2.552         -12.908           76.524
  198 (vir)     1          63.562           3.984          -2.751         -13.586           78.381
  199 (vir)     1          64.570           4.839          -2.699         -13.574           80.285
  200 (vir)     1          64.874           3.838          -2.634         -13.362           79.440
  201 (vir)     1          64.916           4.118          -2.600         -13.356           79.790
  202 (vir)     1          65.602           3.029          -2.310         -12.743           79.065
  203 (vir)     1          66.551           3.852          -2.236         -12.641           80.809
  204 (vir)     1          66.990           3.887          -2.169         -12.309           81.016
  205 (vir)     1          67.104           4.089          -2.362         -12.874           81.705
  206 (vir)     1          67.672           3.914          -2.652         -14.132           83.065
  207 (vir)     1          68.079           3.761          -2.210         -12.804           82.434
  208 (vir)     1          68.963           3.836          -2.255         -13.107           83.652
  209 (vir)     1          69.313           3.419          -2.345         -13.193           83.580
  210 (vir)     1          69.577           3.988          -2.092         -12.811           84.284
  211 (vir)     1          70.186           4.115          -2.340         -13.389           85.350
  212 (vir)     1          70.433           3.308          -2.121         -12.375           83.995
  213 (vir)     1          71.245           4.005          -2.063         -12.916           86.103
  214 (vir)     1          71.689           4.032          -2.131         -13.081           86.671
  215 (vir)     1          71.967           4.052          -2.036         -13.059           87.042
  216 (vir)     1          72.313           4.316          -2.402         -13.866           88.092
  217 (vir)     1          73.065           3.645          -2.222         -13.085           87.573
  218 (vir)     1          73.849           3.941          -2.198         -13.368           88.960
  219 (vir)     1          74.093           3.709          -1.999         -12.680           88.482
  220 (vir)     1          74.433           3.671          -2.068         -12.963           88.999
  221 (vir)     1          74.809           4.160          -2.052         -13.113           90.030
  222 (vir)     1          74.864           3.999          -2.231         -13.418           90.050
  223 (vir)     1          75.974           3.487          -1.995         -12.703           90.169
  224 (vir)     1          76.184           3.843          -2.208         -13.309           91.128
  225 (vir)     1          76.776           3.759          -2.294         -13.796           92.037
  226 (vir)     1          77.445           3.486          -2.023         -13.104           92.012
  227 (vir)     1          77.510           3.527          -1.961         -12.591           91.667
  228 (vir)     1          78.317           3.028          -1.939         -12.587           91.992
  229 (vir)     1          80.153           3.468          -2.139         -13.525           95.007
  230 (vir)     1          80.308           3.358          -2.014         -13.033           94.685
  231 (vir)     1          81.218           3.107          -2.285         -13.593           95.632
  232 (vir)     1          82.500           3.303          -2.155         -13.421           97.068
  233 (vir)     1          83.342           3.290          -1.962         -12.876           97.546
  234 (vir)     1          86.809           2.535          -2.270         -13.753          100.827
  235 (vir)     1          87.179           3.170          -2.030         -13.363          101.682
  236 (vir)     1          87.837           2.645          -2.101         -13.574          101.956
  237 (vir)     1          88.992           3.168          -2.835         -15.556          104.882
  238 (vir)     1          91.355           2.678          -2.445         -14.616          106.203
  239 (vir)     1          91.549           2.733          -2.502         -14.803          106.584
  240 (vir)     1          92.251           2.423          -2.156         -14.077          106.595
  241 (vir)     1          92.715           2.375          -2.170         -13.814          106.734
  242 (vir)     1          94.025           1.928          -1.859         -13.136          107.230
  243 (vir)     1          94.409           2.043          -1.827         -13.198          107.824
  244 (vir)     1          97.378           1.853          -1.661         -12.415          109.986
  245 (vir)     1         100.216           2.307          -2.368         -14.940          115.096
  246 (vir)     1         101.275           2.826          -2.189         -14.734          116.645
  247 (vir)     1         102.209           2.868          -2.174         -14.679          117.581
  248 (vir)     1         104.235           2.499          -2.048         -14.452          119.137
  249 (vir)     1         104.994           2.229          -1.903         -13.997          119.317
  250 (vir)     1         106.576           1.609          -1.619         -13.364          119.929
  251 (vir)     1         108.523           1.987          -1.918         -14.142          122.734
  252 (vir)     1         111.129           2.026          -1.958         -14.382          125.579
  253 (vir)     1         114.193           1.378          -1.532         -13.592          127.630
  254 (vir)     1         115.530           1.936          -1.925         -14.478          130.019
  255 (vir)     1         118.410           1.708          -1.765         -13.954          132.308
  256 (vir)     1         126.300           1.666          -1.758         -14.432          140.640
  257 (vir)     1         126.900           1.173          -1.996         -15.933          142.011
  258 (vir)     1         128.962           1.718          -1.672         -14.188          143.195
  259 (vir)     1         133.460           1.733          -2.011         -15.716          148.899
  260 (vir)     1         154.614           2.530          -1.706         -15.789          171.226
  261 (vir)     1         162.004           2.682          -1.663         -15.857          178.881
  262 (vir)     1         162.474           2.670          -1.687         -16.037          179.494
  263 (vir)     1         163.099           2.522          -1.628         -15.762          179.755
  264 (vir)     1         164.391           2.509          -1.620         -15.775          181.055
  265 (vir)     1         164.851           2.647          -1.611         -15.782          181.669
  266 (vir)     1         165.881           2.589          -1.576         -15.780          182.674
  267 (vir)     1         165.987           2.624          -1.559         -15.620          182.672
  268 (vir)     1         180.120           1.028          -1.308         -15.546          195.385
  269 (vir)     1         209.642           8.483          -0.868         -12.554          229.812
  270 (vir)     1         238.970          -5.577          -0.832         -13.333          245.894
  271 (vir)     1         239.570          -4.842          -0.782         -13.304          247.250
  272 (vir)     1         239.863          -3.915          -0.805         -13.312          248.455
  273 (vir)     1         244.089          -2.960          -0.809         -13.575          253.895
  274 (vir)     1         244.455          -1.675          -0.831         -13.594          255.543
  275 (vir)     1         246.403          -0.160          -0.796         -13.579          259.026
 
