 
  kpoint:       1             coordinate:     0.0000    0.0000    0.0000                  spin:  1
 
    n           k   ϵ_nk^DFT (eV)     Σ^c_nk (eV)     Σ^x_nk (eV)    v_nk^xc (eV)   ϵ_nk^G0W0 (eV)
 
    1 (occ)     1         -26.016           8.872         -28.088         -17.186          -28.046
    2 (occ)     1         -24.483           8.501         -27.815         -17.191          -26.606
    3 (occ)     1         -23.416           7.998         -27.715         -17.382          -25.751
    4 (occ)     1         -22.217           7.426         -27.646         -17.730          -24.707
    5 (occ)     1         -21.394           7.406         -27.682         -17.943          -23.727
    6 (occ)     1         -18.985           5.965         -25.205         -16.490          -21.735
    7 (occ)     1         -16.590           4.421         -23.960         -16.597          -19.532
    8 (occ)     1         -16.150           4.386         -23.864         -16.569          -19.059
    9 (occ)     1         -15.652           4.061         -23.754         -16.765          -18.580
   10 (occ)     1         -14.457           3.426         -22.987         -16.590          -17.427
   11 (occ)     1         -13.714           3.022         -22.802         -16.695          -16.800
   12 (occ)     1         -12.740           2.807         -22.379         -16.474          -15.837
   13 (occ)     1         -12.362           2.742         -23.145         -17.505          -15.260
   14 (occ)     1         -11.552           3.826         -19.817         -14.306          -13.237
   15 (occ)     1         -11.266           2.499         -22.034         -16.591          -14.210
   16 (occ)     1         -10.830           2.346         -22.073         -16.760          -13.797
   17 (occ)     1         -10.198           2.291         -21.502         -16.182          -13.227
   18 (occ)     1          -9.968           3.102         -19.618         -14.695          -11.789
   19 (occ)     1          -8.839           2.456         -19.178         -14.770          -10.792
   20 (occ)     1          -7.536           3.163         -22.100         -16.410          -10.063
   21 (occ)     1          -7.293           1.754         -19.754         -15.809           -9.485
   22 (occ)     1          -6.697           2.663         -21.809         -16.592           -9.251
   23 (occ)     1          -6.673           0.929         -18.113         -15.062           -8.795
   24 (occ)     1          -5.845           2.417         -21.639         -16.688           -8.380
   25 (occ)     1          -5.526           0.464         -17.709         -15.107           -7.664
   26 (vir)     1          -1.700          -2.457          -9.186         -14.073            0.730
   27 (vir)     1          -1.014          -2.778          -9.142         -14.359            1.426
   28 (vir)     1          -0.572          -1.020          -1.509          -4.016            0.914
   29 (vir)     1          -0.349          -1.026          -1.741          -4.257            1.142
   30 (vir)     1          -0.292          -3.135          -8.339         -13.826            2.060
   31 (vir)     1           0.182          -0.755          -0.969          -2.948            1.405
   32 (vir)     1           0.464          -0.817          -1.012          -3.107            1.741
   33 (vir)     1           0.497          -0.870          -1.193          -3.391            1.824
   34 (vir)     1           0.537          -0.610          -0.578          -2.216            1.564
   35 (vir)     1           0.876          -0.770          -0.983          -3.007            2.131
   36 (vir)     1           1.148          -0.554          -0.713          -2.249            2.129
   37 (vir)     1           1.372          -0.523          -0.534          -2.016            2.331
   38 (vir)     1           1.421          -0.695          -0.835          -2.706            2.598
   39 (vir)     1           1.536          -0.706          -0.876          -2.777            2.731
   40 (vir)     1           1.867          -0.787          -0.847          -2.849            3.081
   41 (vir)     1           2.068          -0.866          -1.077          -3.066            3.192
   42 (vir)     1           2.241          -0.741          -0.886          -2.811            3.425
   43 (vir)     1           2.259          -0.618          -0.636          -2.280            3.284
   44 (vir)     1           2.279          -0.962          -1.378          -3.740            3.679
   45 (vir)     1           2.547          -0.891          -1.324          -3.514            3.846
   46 (vir)     1           2.709          -0.582          -0.521          -2.101            3.707
   47 (vir)     1           2.889          -0.774          -0.980          -2.912            4.048
   48 (vir)     1           3.075          -1.158          -1.939          -4.485            4.464
   49 (vir)     1           3.158          -4.505          -6.249         -12.439            4.844
   50 (vir)     1           3.209          -1.760          -3.005          -6.395            4.839
   51 (vir)     1           3.505          -1.210          -1.876          -4.524            4.942
   52 (vir)     1           3.567          -0.609          -0.586          -2.251            4.624
   53 (vir)     1           3.631          -1.148          -1.734          -4.306            5.055
   54 (vir)     1           3.693          -0.774          -0.998          -2.943            4.864
   55 (vir)     1           3.860          -0.817          -1.017          -3.126            5.152
   56 (vir)     1           3.985          -1.255          -2.007          -4.827            5.550
   57 (vir)     1           4.017          -0.691          -0.748          -2.588            5.166
   58 (vir)     1           4.151          -1.942          -3.984          -7.950            6.175
   59 (vir)     1           4.192          -0.606          -0.513          -2.175            5.247
   60 (vir)     1           4.399          -1.124          -1.559          -4.103            5.820
   61 (vir)     1           4.577          -1.146          -1.677          -4.278            6.032
   62 (vir)     1           4.811          -1.162          -1.730          -4.358            6.276
   63 (vir)     1           4.873          -0.557          -0.415          -2.043            5.944
   64 (vir)     1           5.025          -1.737          -2.706          -6.239            6.821
   65 (vir)     1           5.201          -1.225          -1.914          -4.699            6.762
   66 (vir)     1           5.529          -1.305          -1.248          -4.109            7.084
   67 (vir)     1           5.541          -0.955          -1.115          -3.439            6.911
   68 (vir)     1           5.664          -1.539          -2.502          -5.834            7.456
   69 (vir)     1           5.824          -2.162          -3.644          -7.937            7.955
   70 (vir)     1           6.172          -1.636          -2.301          -5.744            7.979
   71 (vir)     1           6.273          -1.284          -1.439          -4.335            7.885
   72 (vir)     1           6.293          -1.259          -1.425          -4.258            7.868
   73 (vir)     1           6.527          -1.281          -1.158          -4.003            8.090
   74 (vir)     1           6.814          -1.410          -1.273          -4.394            8.525
   75 (vir)     1           6.917          -1.790          -2.605          -6.299            8.821
   76 (vir)     1           7.055          -3.299          -5.443         -11.314            9.627
   77 (vir)     1           7.538          -2.064          -2.868          -6.852            9.457
   78 (vir)     1           7.664          -2.044          -2.823          -6.780            9.576
   79 (vir)     1           7.767          -1.370          -1.130          -4.028            9.294
   80 (vir)     1           8.083          -2.378          -3.205          -7.663           10.163
   81 (vir)     1           8.172          -2.218          -2.187          -6.201            9.967
   82 (vir)     1           8.311          -2.960          -4.097          -9.251           10.504
   83 (vir)     1           8.493          -2.489          -3.791          -8.451           10.664
   84 (vir)     1           8.619          -1.744          -2.147          -5.709           10.438
   85 (vir)     1           8.787          -1.024          -0.748          -3.265           10.281
   86 (vir)     1           9.003          -3.812          -5.796         -12.189           11.585
   87 (vir)     1           9.475          -1.710          -1.412          -4.722           11.074
   88 (vir)     1           9.630          -2.477          -2.928          -7.584           11.808
   89 (vir)     1           9.783          -1.674          -1.474          -4.858           11.492
   90 (vir)     1          10.075          -2.602          -3.047          -7.783           12.209
   91 (vir)     1          10.128          -2.449          -2.919          -7.579           12.339
   92 (vir)     1          10.446          -2.513          -2.554          -7.149           12.529
   93 (vir)     1          10.546          -2.278          -2.196          -6.379           12.451
   94 (vir)     1          10.571          -2.152          -2.427          -6.572           12.565
   95 (vir)     1          11.045          -2.314          -2.625          -7.020           13.125
   96 (vir)     1          11.233          -1.743          -1.619          -5.262           13.133
   97 (vir)     1          11.399          -2.555          -1.463          -5.170           12.551
   98 (vir)     1          11.972          -2.380          -2.479          -6.970           14.083
   99 (vir)     1          12.218          -2.709          -2.619          -7.423           14.313
  100 (vir)     1          12.329          -2.649          -2.164          -6.663           14.180
  101 (vir)     1          12.675          -3.328          -1.895          -6.733           14.186
  102 (vir)     1          12.982          -2.830          -2.042          -6.709           14.820
  103 (vir)     1          13.018          -2.741          -2.699          -7.762           15.341
  104 (vir)     1          13.107          -2.639          -2.323          -7.023           15.168
  105 (vir)     1          13.257          -4.041          -1.879          -6.450           13.787
  106 (vir)     1          13.572          -2.641          -2.291          -7.094           15.734
  107 (vir)     1          13.823          -3.847          -3.950         -10.219           16.244
  108 (vir)     1          14.170          -3.286          -3.188          -8.699           16.396
  109 (vir)     1          14.435          -4.239          -3.901         -10.612           16.907
  110 (vir)     1          14.522          -2.953          -2.767          -8.016           16.818
  111 (vir)     1          14.832          -3.577          -3.339          -9.299           17.215
  112 (vir)     1          15.243          -3.574          -3.102          -9.016           17.583
  113 (vir)     1          15.449          -3.431          -3.076          -8.964           17.906
  114 (vir)     1          15.625          -3.578          -1.821          -6.752           16.979
  115 (vir)     1          15.790          -2.672          -1.905          -6.809           18.022
  116 (vir)     1          15.890          -4.797          -4.310         -11.755           18.538
  117 (vir)     1          16.589          -3.318          -2.759          -8.432           18.943
  118 (vir)     1          16.864          -3.305          -1.805          -6.686           18.440
  119 (vir)     1          16.927          -3.475          -1.603          -6.265           18.114
  120 (vir)     1          17.132          -3.166          -2.334          -7.771           19.403
  121 (vir)     1          17.479          -3.478          -3.008          -8.856           19.850
  122 (vir)     1          18.239          -3.094          -2.201          -7.450           20.394
  123 (vir)     1          18.308          -3.980          -2.164          -7.659           19.823
  124 (vir)     1          18.652          -3.046          -1.989          -7.211           20.828
  125 (vir)     1          18.873          -3.811          -2.073          -7.570           20.560
  126 (vir)     1          19.418          -4.654          -1.951          -7.476           20.289
  127 (vir)     1          19.456          -2.680          -1.806          -6.539           21.511
  128 (vir)     1          19.938          -3.313          -2.193          -7.763           22.195
  129 (vir)     1          20.087          -3.711          -2.080          -7.596           21.891
  130 (vir)     1          20.280          -3.056          -1.987          -7.168           22.404
  131 (vir)     1          20.374          -3.095          -1.952          -7.098           22.425
  132 (vir)     1          20.510          -3.197          -2.103          -7.636           22.846
  133 (vir)     1          20.715          -4.451          -2.220          -8.164           22.207
  134 (vir)     1          21.094          -3.666          -2.116          -8.037           23.348
  135 (vir)     1          21.495          -5.293          -2.002          -7.788           21.989
  136 (vir)     1          21.603          -3.336          -2.416          -8.049           23.900
  137 (vir)     1          21.829          -4.339          -1.824          -7.636           23.302
  138 (vir)     1          21.892          -3.899          -2.539          -8.747           24.200
  139 (vir)     1          22.328          -4.074          -2.654          -9.050           24.650
  140 (vir)     1          22.878          -3.885          -2.535          -8.690           25.148
  141 (vir)     1          23.665          -3.815          -2.083          -8.175           25.942
  142 (vir)     1          23.707          -4.205          -2.156          -8.051           25.398
  143 (vir)     1          24.099          -3.421          -1.643          -7.042           26.076
  144 (vir)     1          24.351          -4.475          -1.582          -7.006           25.301
  145 (vir)     1          24.624          -3.887          -2.115          -8.158           26.781
  146 (vir)     1          25.266          -4.248          -2.487          -8.805           27.337
  147 (vir)     1          25.328          -4.723          -2.112          -8.190           26.682
  148 (vir)     1          25.599          -4.166          -2.203          -8.260           27.490
  149 (vir)     1          26.141          -6.949          -2.493          -8.975           25.675
  150 (vir)     1          26.710          -4.652          -2.045          -8.293           28.306
  151 (vir)     1          26.733          -4.694          -2.043          -8.284           28.280
  152 (vir)     1          27.063          -5.621          -2.469          -8.993           27.966
  153 (vir)     1          27.127          -4.598          -2.238          -8.451           28.743
  154 (vir)     1          27.359          -4.185          -2.139          -8.400           29.434
  155 (vir)     1          27.787          -3.967          -1.960          -8.000           29.860
  156 (vir)     1          28.205          -0.260          -2.273          -8.825           34.497
  157 (vir)     1          28.861          -4.805          -2.183          -8.393           30.266
  158 (vir)     1          28.986          -7.289          -2.576          -9.087           28.208
  159 (vir)     1          29.374          -4.654          -2.341          -8.864           31.243
  160 (vir)     1          29.524          -4.495          -1.991          -8.460           31.499
  161 (vir)     1          30.250           0.570          -2.752          -9.851           37.919
  162 (vir)     1          30.848          -4.548          -2.236          -8.757           32.820
  163 (vir)     1          31.712          -4.984          -2.377          -9.161           33.512
  164 (vir)     1          32.968          -4.940          -2.038          -8.532           34.523
  165 (vir)     1          33.093          -4.956          -2.390          -9.276           35.023
  166 (vir)     1          33.894           3.252          -2.309          -9.242           44.079
  167 (vir)     1          34.750          -5.901          -2.696         -10.125           36.279
  168 (vir)     1          35.109          -6.687          -2.570          -9.789           35.642
  169 (vir)     1          35.577          -7.177          -2.686          -9.993           35.707
  170 (vir)     1          37.007          -7.071          -3.249         -11.420           38.107
  171 (vir)     1          37.468          -7.249          -3.589         -11.594           38.224
  172 (vir)     1          37.898          -6.174          -2.555          -9.876           39.046
  173 (vir)     1          38.280          -6.980          -2.690         -10.347           38.955
  174 (vir)     1          38.684         -10.850          -3.199         -11.643           36.278
  175 (vir)     1          39.075          -9.687          -3.239         -11.594           37.744
  176 (vir)     1          39.239          -8.142          -2.684         -10.660           39.073
  177 (vir)     1          39.611          -7.964          -3.078         -11.191           39.760
  178 (vir)     1          40.755          -8.283          -2.938         -11.057           40.591
  179 (vir)     1          40.910         -11.547          -3.269         -11.583           37.677
  180 (vir)     1          41.160          -7.747          -3.192         -11.352           41.574
  181 (vir)     1          42.722          -9.364          -3.402         -12.462           42.419
  182 (vir)     1          42.801           4.150          -3.439         -12.572           56.085
  183 (vir)     1          43.160          -9.469          -2.777         -11.100           42.014
  184 (vir)     1          43.923          -9.406          -3.122         -11.699           43.094
  185 (vir)     1          44.231          -9.485          -3.307         -12.267           43.707
  186 (vir)     1          44.575         -10.772          -3.503         -12.784           43.084
  187 (vir)     1          45.337          -9.654          -2.903         -11.499           44.279
  188 (vir)     1          45.618         -10.305          -2.763         -11.160           43.710
  189 (vir)     1          45.823         -12.181          -3.377         -12.563           42.828
  190 (vir)     1          46.413         -11.903          -3.435         -12.525           43.600
  191 (vir)     1          46.765         -11.744          -3.583         -13.150           44.587
  192 (vir)     1          47.320         -11.280          -3.434         -12.766           45.372
  193 (vir)     1          48.104         -11.320          -2.956         -12.109           45.937
  194 (vir)     1          48.974         -12.159          -3.631         -13.554           46.738
  195 (vir)     1          49.308         -10.927          -2.969         -12.205           47.616
  196 (vir)     1          49.675           4.239          -3.042         -12.703           63.575
  197 (vir)     1          50.573         -11.932          -3.341         -12.961           48.261
  198 (vir)     1          50.896           6.700          -3.297         -13.328           67.628
  199 (vir)     1          51.621          -8.027          -3.827         -13.870           53.637
  200 (vir)     1          51.820           4.820          -3.437         -13.269           66.473
  201 (vir)     1          52.008          -7.130          -3.013         -12.408           54.273
  202 (vir)     1          52.337         -12.719          -3.151         -12.780           49.246
  203 (vir)     1          52.639         -12.530          -3.447         -13.691           50.353
  204 (vir)     1          53.162          -4.345          -3.804         -14.262           59.275
  205 (vir)     1          53.435         -12.996          -2.937         -12.534           50.036
  206 (vir)     1          54.402           4.617          -3.015         -12.650           68.654
  207 (vir)     1          54.502         -10.532          -2.904         -12.743           53.808
  208 (vir)     1          55.558           4.702          -2.875         -12.367           69.752
  209 (vir)     1          55.714          -2.983          -3.039         -12.837           62.530
  210 (vir)     1          55.806          -1.804          -3.068         -12.950           63.883
  211 (vir)     1          56.441           3.220          -3.274         -13.276           69.663
  212 (vir)     1          56.909           4.676          -3.352         -13.622           71.855
  213 (vir)     1          57.266           5.305          -3.343         -13.698           72.926
  214 (vir)     1          58.194           4.547          -2.976         -13.138           72.903
  215 (vir)     1          58.244           4.923          -2.956         -13.030           73.241
  216 (vir)     1          58.460           4.483          -2.966         -13.018           72.994
  217 (vir)     1          58.597           4.502          -2.983         -13.126           73.242
  218 (vir)     1          59.055         -11.018          -2.927         -13.168           58.278
  219 (vir)     1          59.185         -10.523          -3.177         -13.397           58.882
  220 (vir)     1          59.638           2.893          -3.111         -13.418           72.838
  221 (vir)     1          60.158           3.695          -2.911         -13.139           74.081
  222 (vir)     1          60.468         -11.635          -3.079         -13.457           59.211
  223 (vir)     1          60.688           5.452          -3.229         -13.917           76.829
  224 (vir)     1          61.217           0.992          -3.285         -13.735           72.660
  225 (vir)     1          61.374           4.328          -2.986         -13.162           75.879
  226 (vir)     1          62.017           1.792          -3.006         -13.371           74.175
  227 (vir)     1          62.256           4.726          -2.947         -13.309           77.343
  228 (vir)     1          62.817           4.274          -2.832         -13.654           77.913
  229 (vir)     1          63.066           4.816          -3.046         -13.978           78.814
  230 (vir)     1          64.086           5.196          -2.771         -13.327           79.839
  231 (vir)     1          64.219           4.553          -2.687         -13.087           79.172
  232 (vir)     1          64.897           2.805          -2.994         -13.560           78.269
  233 (vir)     1          65.062           4.019          -2.799         -13.160           79.443
  234 (vir)     1          65.299           4.020          -2.795         -13.401           79.925
  235 (vir)     1          65.385           3.496          -2.669         -13.127           79.339
  236 (vir)     1          65.636           4.771          -3.092         -13.970           81.284
  237 (vir)     1          66.697           5.565          -2.868         -13.622           83.016
  238 (vir)     1          66.915           4.666          -2.707         -13.084           81.958
  239 (vir)     1          67.709           4.550          -2.809         -13.814           83.264
  240 (vir)     1          67.757           4.067          -2.617         -13.351           82.559
  241 (vir)     1          68.132           3.507          -2.642         -13.687           82.684
  242 (vir)     1          68.747           4.086          -2.665         -13.120           83.288
  243 (vir)     1          69.022           5.544          -2.836         -13.550           85.280
  244 (vir)     1          70.241           4.329          -2.731         -13.682           85.522
  245 (vir)     1          71.307           3.873          -2.301         -13.198           86.078
  246 (vir)     1          71.391           4.727          -2.565         -13.453           87.006
  247 (vir)     1          71.876           4.946          -2.876         -13.974           87.920
  248 (vir)     1          72.136           4.005          -2.427         -13.555           87.269
  249 (vir)     1          72.943           4.306          -2.717         -13.708           88.241
  250 (vir)     1          73.350           5.067          -2.991         -14.570           89.996
  251 (vir)     1          73.808           4.097          -2.469         -13.682           89.118
  252 (vir)     1          74.352           4.908          -2.932         -14.358           90.685
  253 (vir)     1          74.739           4.671          -2.421         -13.506           90.496
  254 (vir)     1          75.154           4.164          -2.690         -13.938           90.566
  255 (vir)     1          75.567           4.421          -2.419         -13.469           91.038
  256 (vir)     1          75.754           4.931          -3.041         -14.659           92.303
  257 (vir)     1          76.660           4.909          -2.518         -13.974           93.024
  258 (vir)     1          76.973           4.929          -2.738         -14.155           93.319
  259 (vir)     1          77.307           4.400          -3.180         -15.235           93.763
  260 (vir)     1          77.489           5.177          -2.657         -14.215           94.224
  261 (vir)     1          78.086           4.476          -2.689         -14.078           93.951
  262 (vir)     1          78.171           4.507          -2.743         -14.423           94.358
  263 (vir)     1          79.131           4.577          -2.678         -14.301           95.331
  264 (vir)     1          79.585           4.594          -2.721         -14.515           95.974
  265 (vir)     1          80.444           4.566          -2.756         -14.614           96.868
  266 (vir)     1          81.453           3.858          -2.728         -14.530           97.112
  267 (vir)     1          81.822           3.765          -2.834         -14.822           97.574
  268 (vir)     1          81.925           3.622          -2.757         -14.439           97.230
  269 (vir)     1          82.429           4.286          -2.838         -14.612           98.490
  270 (vir)     1          82.826           3.724          -2.693         -14.595           98.451
  271 (vir)     1          82.937           4.459          -3.136         -15.563           99.823
  272 (vir)     1          83.399           3.782          -2.717         -14.646           99.110
  273 (vir)     1          84.185           4.933          -2.858         -15.160          101.419
  274 (vir)     1          85.167           3.984          -2.547         -14.438          101.041
  275 (vir)     1          85.382           3.967          -2.712         -14.902          101.538
  276 (vir)     1          85.917           3.265          -2.466         -14.123          100.838
  277 (vir)     1          86.008           4.582          -2.728         -15.128          102.990
  278 (vir)     1          86.061           3.907          -2.659         -14.678          101.987
  279 (vir)     1          86.835           3.915          -2.554         -14.157          102.352
  280 (vir)     1          87.328           4.178          -2.704         -14.906          103.708
  281 (vir)     1          87.599           4.239          -2.749         -14.915          104.003
  282 (vir)     1          89.007           4.487          -2.868         -15.552          106.177
  283 (vir)     1          89.286           3.715          -2.849         -15.686          105.837
  284 (vir)     1          90.047           3.672          -2.486         -14.452          105.685
  285 (vir)     1          90.957           3.867          -2.758         -15.409          107.475
  286 (vir)     1          91.184           3.356          -2.753         -15.525          107.312
  287 (vir)     1          91.523           3.465          -2.798         -15.001          107.192
  288 (vir)     1          92.421           3.438          -2.770         -15.486          108.576
  289 (vir)     1          93.022           3.435          -2.709         -15.243          108.990
  290 (vir)     1          93.925           4.072          -2.659         -15.157          110.495
  291 (vir)     1          96.080           3.783          -2.609         -15.149          112.404
  292 (vir)     1          96.662           2.903          -2.623         -15.450          112.392
  293 (vir)     1          97.245           3.095          -2.673         -15.835          113.502
  294 (vir)     1          97.413           3.620          -2.725         -15.446          113.754
  295 (vir)     1          97.997           3.562          -2.458         -14.857          113.958
  296 (vir)     1          98.479           3.356          -2.595         -15.061          114.301
  297 (vir)     1          99.430           2.231          -1.881         -13.237          113.017
  298 (vir)     1         100.059           3.025          -2.313         -14.461          115.232
  299 (vir)     1         101.544           2.834          -2.380         -14.572          116.570
  300 (vir)     1         101.759           3.302          -2.743         -15.625          117.942
  301 (vir)     1         103.681           3.331          -2.591         -15.426          119.846
  302 (vir)     1         105.782           3.218          -2.661         -15.853          122.193
  303 (vir)     1         106.323           3.137          -2.165         -14.437          121.733
  304 (vir)     1         109.388           2.926          -2.928         -16.599          125.986
  305 (vir)     1         110.078           2.913          -2.534         -15.375          125.832
  306 (vir)     1         113.429           2.464          -2.540         -15.589          128.943
  307 (vir)     1         116.878           2.879          -2.526         -16.117          133.348
  308 (vir)     1         117.822           2.864          -2.778         -16.854          134.763
  309 (vir)     1         120.067           2.440          -2.743         -16.622          136.385
  310 (vir)     1         121.051           2.478          -2.724         -16.594          137.398
  311 (vir)     1         122.211           2.453          -2.607         -16.445          138.502
  312 (vir)     1         122.642           2.444          -2.422         -15.970          138.635
  313 (vir)     1         126.960           2.206          -2.569         -16.506          143.102
  314 (vir)     1         130.034           2.295          -2.740         -17.042          146.631
  315 (vir)     1         131.753           2.503          -2.900         -17.750          149.106
  316 (vir)     1         133.062           2.093          -2.715         -17.176          149.616
  317 (vir)     1         137.534           2.180          -2.551         -16.873          154.036
  318 (vir)     1         138.222           2.294          -2.388         -16.496          154.624
  319 (vir)     1         140.885           2.407          -2.448         -16.874          157.718
  320 (vir)     1         143.111           2.325          -2.221         -16.409          159.625
  321 (vir)     1         153.910           2.611          -1.812         -15.876          170.585
  322 (vir)     1         161.987           2.685          -1.578         -15.257          178.351
  323 (vir)     1         163.347           2.676          -1.600         -15.605          180.028
  324 (vir)     1         163.935           2.534          -1.662         -15.855          180.663
  325 (vir)     1         167.055           2.216          -1.489         -14.910          182.691
  326 (vir)     1         209.878           5.008          -1.920         -16.249          229.215
  327 (vir)     1         224.491           5.401          -2.160         -17.375          245.106
  328 (vir)     1         228.775           5.802          -2.102         -17.433          249.908
  329 (vir)     1         237.465           6.298          -1.869         -16.874          258.768
  330 (vir)     1         239.707          10.743          -1.172         -14.350          263.628
  331 (vir)     1         240.946           8.812          -1.368         -15.123          263.513
  332 (vir)     1         241.537          12.381          -1.097         -14.150          266.970
  333 (vir)     1         242.539           4.008          -0.956         -13.690          259.281
  334 (vir)     1         243.466           6.417          -0.928         -13.667          262.623
  335 (vir)     1         245.470           7.390          -1.638         -16.256          267.478
 
