 
  kpoint:       1             coordinate:     0.0000    0.0000    0.0000                  spin:  1
 
    n           k   ϵ_nk^DFT (eV)     Σ^c_nk (eV)     Σ^x_nk (eV)    v_nk^xc (eV)   ϵ_nk^G0W0 (eV)
 
    1 (occ)     1         -35.236           9.971         -31.804         -19.601          -37.468
    2 (occ)     1         -18.478           1.783         -24.829         -17.844          -23.680
    3 (occ)     1         -18.478           1.793         -24.830         -17.844          -23.671
    4 (occ)     1         -18.320           2.150         -24.888         -17.850          -23.208
    5 (occ)     1          -3.527           1.732         -11.867          -8.712           -4.950
    6 (vir)     1          -1.556          -0.482          -1.370          -3.499            0.092
    7 (vir)     1          -0.274          -0.359          -0.432          -1.921            0.856
    8 (vir)     1          -0.274          -0.359          -0.433          -1.921            0.855
    9 (vir)     1           0.045          -0.488          -0.804          -2.683            1.436
   10 (vir)     1           0.738          -0.344          -0.854          -2.881            2.421
   11 (vir)     1           0.738          -0.630          -0.856          -2.881            2.133
   12 (vir)     1           0.789          -0.330          -0.715          -2.493            2.238
   13 (vir)     1           0.789          -0.330          -0.715          -2.493            2.238
   14 (vir)     1           1.088          -0.400          -0.484          -1.973            2.177
   15 (vir)     1           1.532          -0.351          -0.487          -1.881            2.576
   16 (vir)     1           1.984          -0.362          -0.753          -2.477            3.346
   17 (vir)     1           1.984          -0.360          -0.754          -2.477            3.348
   18 (vir)     1           2.189          -0.644          -2.078          -5.056            4.523
   19 (vir)     1           2.718          -1.110          -4.005          -8.868            6.470
   20 (vir)     1           2.718          -1.112          -4.006          -8.868            6.468
   21 (vir)     1           2.736          -1.182          -3.673          -8.328            6.208
   22 (vir)     1           2.736          -1.170          -3.669          -8.328            6.224
   23 (vir)     1           6.028          -2.437          -4.043          -8.947            8.494
   24 (vir)     1           8.259          -1.701          -1.995          -5.983           10.547
   25 (vir)     1           8.322           0.398          -1.881          -6.305           13.143
   26 (vir)     1           8.322           0.404          -1.875          -6.305           13.156
   27 (vir)     1          12.536          -3.659          -1.855          -6.622           13.644
   28 (vir)     1          16.128           0.688          -1.566          -5.726           20.976
   29 (vir)     1          48.169           1.148          -1.859         -10.247           57.705
   30 (vir)     1          48.813           0.843          -1.716         -10.035           57.975
   31 (vir)     1          48.813           0.765          -1.723         -10.035           57.889
   32 (vir)     1          76.442           0.362          -3.688         -15.933           89.049
   33 (vir)     1          76.442           0.363          -3.686         -15.933           89.051
   34 (vir)     1          76.515           0.425          -3.701         -16.002           89.241
   35 (vir)     1          76.515           0.427          -3.700         -16.002           89.244
   36 (vir)     1          81.506           0.379          -3.942         -16.743           94.686
   37 (vir)     1          82.273           0.371          -3.965         -16.947           95.627
   38 (vir)     1          82.273           0.373          -3.966         -16.947           95.627
   39 (vir)     1         146.716           1.052          -1.731         -15.960          161.997
 
