 
  kpoint:       1             coordinate:     0.0000    0.0000    0.0000                  spin:  1
 
    n           k   ϵ_nk^DFT (eV)     Σ^c_nk (eV)     Σ^x_nk (eV)    v_nk^xc (eV)   ϵ_nk^G0W0 (eV)
 
    1 (occ)     1         -50.871           3.556         -43.899         -28.301          -62.913
    2 (occ)     1          -4.481           1.516         -12.883          -9.082           -6.765
    3 (vir)     1          -1.412          -0.354          -0.826          -2.820            0.229
    4 (vir)     1          -0.361          -0.320          -0.546          -2.711            1.484
    5 (vir)     1          -0.361          -0.320          -0.546          -2.711            1.484
    6 (vir)     1           1.691          -0.358          -0.727          -2.273            2.878
    7 (vir)     1           3.223          -0.205          -0.251          -1.483            4.250
    8 (vir)     1           3.232          -0.123          -0.329          -1.908            4.688
    9 (vir)     1           3.232          -0.123          -0.329          -1.908            4.688
   10 (vir)     1           3.531          -0.456          -0.030          -1.219            4.264
   11 (vir)     1           3.531          -0.456          -0.030          -1.219            4.264
   12 (vir)     1           4.241          -0.594          -0.757          -3.368            6.259
   13 (vir)     1           4.259          -0.745          -0.794          -3.943            6.663
   14 (vir)     1           4.259          -0.747          -0.794          -3.943            6.660
   15 (vir)     1           6.658          -0.844          -1.621          -5.485            9.678
   16 (vir)     1           8.874           0.158          -1.108          -5.084           13.008
   17 (vir)     1           8.874           0.161          -1.109          -5.084           13.010
   18 (vir)     1          10.116          -3.287          -2.148          -6.651           11.332
   19 (vir)     1          20.482           1.225          -2.732          -8.077           27.051
   20 (vir)     1          40.835           0.294          -3.122         -10.907           48.914
   21 (vir)     1          47.776          -0.839          -1.957         -10.528           55.507
   22 (vir)     1          47.776          -0.822          -1.956         -10.528           55.525
   23 (vir)     1          50.698           0.165          -2.109         -10.645           59.399
   24 (vir)     1         149.319           1.280          -1.783         -16.108          164.924
 
