 
  kpoint:       1             coordinate:     0.0000    0.0000    0.0000                  spin:  1
 
    n           k   ϵ_nk^DFT (eV)     Σ^c_nk (eV)     Σ^x_nk (eV)    v_nk^xc (eV)   ϵ_nk^G0W0 (eV)
 
    1 (occ)     1         -26.370           9.041         -32.010         -20.099          -29.240
    2 (occ)     1         -18.644           5.217         -23.905         -15.206          -22.125
    3 (occ)     1         -14.246           3.256         -22.223         -15.123          -18.091
    4 (occ)     1         -11.657           2.784         -22.190         -15.873          -15.191
    5 (occ)     1         -11.072           1.574         -19.356         -14.184          -14.669
    6 (occ)     1         -10.604           2.711         -23.797         -17.533          -14.157
    7 (occ)     1          -9.633           1.523         -20.501         -15.146          -13.465
    8 (occ)     1          -9.076           1.249         -21.051         -16.448          -12.431
    9 (occ)     1          -5.949           2.279         -23.558         -17.983           -9.245
   10 (vir)     1          -2.102          -2.381          -8.426         -14.349            1.439
   11 (vir)     1          -0.338          -0.605          -1.311          -3.549            1.295
   12 (vir)     1           0.133          -0.611          -1.073          -3.279            1.728
   13 (vir)     1           0.541          -0.443          -0.673          -2.409            1.834
   14 (vir)     1           0.717          -0.423          -0.740          -2.517            2.070
   15 (vir)     1           1.314          -0.414          -0.639          -2.327            2.587
   16 (vir)     1           1.335          -0.484          -0.942          -2.908            2.816
   17 (vir)     1           1.586          -0.404          -0.660          -2.414            2.936
   18 (vir)     1           1.657          -0.338          -0.426          -1.858            2.752
   19 (vir)     1           1.733          -0.338          -0.496          -2.078            2.977
   20 (vir)     1           2.949          -0.605          -1.060          -3.144            4.428
   21 (vir)     1           3.292          -0.935          -2.081          -4.947            5.222
   22 (vir)     1           3.484          -0.478          -0.789          -2.808            5.025
   23 (vir)     1           3.579          -0.944          -1.855          -4.731            5.512
   24 (vir)     1           3.731          -0.685          -1.302          -3.680            5.424
   25 (vir)     1           4.082          -0.827          -1.568          -4.160            5.846
   26 (vir)     1           4.388          -0.459          -0.670          -2.532            5.790
   27 (vir)     1           4.491          -0.460          -0.725          -2.667            5.973
   28 (vir)     1           4.829          -0.715          -1.255          -3.687            6.546
   29 (vir)     1           5.005          -1.049          -2.199          -5.368            7.125
   30 (vir)     1           5.678          -0.982          -1.729          -4.806            7.772
   31 (vir)     1           5.924          -1.096          -1.616          -4.961            8.173
   32 (vir)     1           6.470          -1.070          -1.888          -5.257            8.768
   33 (vir)     1           7.145          -1.392          -2.007          -5.828            9.574
   34 (vir)     1           7.448          -0.850          -0.956          -3.918            9.560
   35 (vir)     1           7.665          -1.069          -1.081          -4.331            9.846
   36 (vir)     1           8.195          -1.332          -1.616          -5.311           10.558
   37 (vir)     1           8.380          -1.153          -1.727          -5.326           10.827
   38 (vir)     1           9.787          -2.785          -3.969          -9.752           12.785
   39 (vir)     1          11.181          -1.269          -1.526          -5.247           13.634
   40 (vir)     1          11.698          -2.158          -3.022          -8.144           14.661
   41 (vir)     1          12.312          -2.108          -2.456          -7.319           15.066
   42 (vir)     1          12.530          -2.262          -2.450          -7.484           15.303
   43 (vir)     1          12.860          -2.062          -2.303          -7.125           15.620
   44 (vir)     1          13.211          -1.429          -1.263          -5.238           15.757
   45 (vir)     1          13.826          -2.624          -2.710          -8.262           16.754
   46 (vir)     1          14.640          -3.402          -3.564         -10.051           17.725
   47 (vir)     1          15.117          -2.468          -2.317          -7.630           17.961
   48 (vir)     1          15.772          -2.263          -1.804          -6.749           18.455
   49 (vir)     1          16.413          -2.294          -1.908          -7.149           19.360
   50 (vir)     1          16.783          -1.950          -1.618          -6.536           19.750
   51 (vir)     1          17.639          -1.825          -1.549          -6.128           20.393
   52 (vir)     1          18.735          -2.583          -2.263          -7.835           21.723
   53 (vir)     1          18.795          -2.100          -1.437          -6.447           21.705
   54 (vir)     1          19.293          -2.317          -2.026          -7.481           22.431
   55 (vir)     1          20.376          -2.881          -2.798          -8.913           23.610
   56 (vir)     1          21.734          -3.667          -2.493          -9.033           24.608
   57 (vir)     1          22.033          -2.637          -2.089          -7.785           25.092
   58 (vir)     1          23.846          -2.880          -1.466          -6.968           26.469
   59 (vir)     1          24.013          -2.694          -1.712          -7.134           26.742
   60 (vir)     1          24.361          -2.960          -1.979          -7.716           27.138
   61 (vir)     1          25.073          -3.849          -3.082         -10.110           28.252
   62 (vir)     1          25.165          -4.095          -2.186          -8.801           27.685
   63 (vir)     1          27.542          -2.831          -1.385          -6.687           30.013
   64 (vir)     1          30.142          -3.868          -2.323          -8.711           32.662
   65 (vir)     1          30.575          -4.887          -2.649          -9.572           32.611
   66 (vir)     1          31.137          -5.005          -2.589          -9.395           32.938
   67 (vir)     1          32.673          -5.060          -2.506          -9.325           34.432
   68 (vir)     1          33.027          -5.109          -2.848          -9.843           34.912
   69 (vir)     1          35.389          -6.641          -3.425         -11.836           37.159
   70 (vir)     1          37.187          -6.958          -3.197         -11.443           38.475
   71 (vir)     1          38.577           4.682          -3.295         -11.785           51.748
   72 (vir)     1          39.181          -6.194          -2.971         -10.694           40.710
   73 (vir)     1          41.812          -9.414          -3.358         -12.838           41.878
   74 (vir)     1          43.426          -8.938          -3.170         -11.947           43.266
   75 (vir)     1          46.813          -5.428          -3.977         -13.055           50.463
   76 (vir)     1          48.897           3.822          -3.352         -12.582           61.948
   77 (vir)     1          50.146           3.183          -3.683         -13.426           63.071
   78 (vir)     1          51.223           3.599          -3.517         -13.268           64.573
   79 (vir)     1          52.779           3.988          -3.329         -13.123           66.561
   80 (vir)     1          53.831           4.857          -2.786         -13.378           69.280
   81 (vir)     1          54.556           3.658          -3.017         -12.731           67.927
   82 (vir)     1          55.063           3.245          -3.598         -13.293           68.003
   83 (vir)     1          56.668           4.229          -2.517         -12.027           70.408
   84 (vir)     1          57.872           3.352          -3.053         -13.137           71.308
   85 (vir)     1          61.233           3.333          -2.696         -13.023           74.892
   86 (vir)     1          61.900           3.642          -2.590         -13.103           76.056
   87 (vir)     1          63.002           3.726          -2.707         -13.538           77.559
   88 (vir)     1          65.239           3.137          -3.505         -14.703           79.574
   89 (vir)     1          67.244           3.265          -2.153         -12.411           80.768
   90 (vir)     1          67.551           3.055          -2.522         -12.903           80.986
   91 (vir)     1          68.927           3.420          -2.431         -13.503           83.418
   92 (vir)     1          70.011           2.845          -2.930         -14.372           84.298
   93 (vir)     1          72.107           3.501          -2.203         -13.367           86.773
   94 (vir)     1          72.724           2.982          -2.958         -14.224           86.971
   95 (vir)     1          73.967           2.863          -2.619         -14.172           88.383
   96 (vir)     1          76.780           3.020          -2.943         -14.643           91.500
   97 (vir)     1          78.002           3.127          -2.673         -14.569           93.025
   98 (vir)     1          86.016           2.516          -2.762         -14.900          100.670
   99 (vir)     1          91.400           2.073          -2.656         -15.070          105.888
  100 (vir)     1          99.255           2.083          -2.164         -14.320          113.495
  101 (vir)     1         106.638           1.898          -2.089         -14.396          120.844
  102 (vir)     1         126.613           3.885          -3.182         -18.324          145.639
  103 (vir)     1         127.927           2.777          -3.820         -19.333          146.216
  104 (vir)     1         132.984           3.886          -3.472         -18.966          152.364
  105 (vir)     1         152.997           2.287          -1.769         -15.747          169.261
  106 (vir)     1         160.675           2.245          -1.712         -15.956          177.165
  107 (vir)     1         162.323           2.255          -1.628         -15.732          178.682
  108 (vir)     1         162.921           2.231          -1.655         -15.836          179.332
  109 (vir)     1         177.612           1.294          -4.637         -21.794          196.063
  110 (vir)     1         178.490           1.074          -5.117         -23.008          197.455
  111 (vir)     1         179.056           1.458          -4.064         -19.659          196.109
  112 (vir)     1         182.118           1.572          -4.939         -22.985          201.735
  113 (vir)     1         185.163           1.434          -5.271         -23.303          204.630
  114 (vir)     1         188.571           1.842          -3.053         -18.058          205.418
  115 (vir)     1         228.739           5.851          -1.205         -13.947          247.332
  116 (vir)     1         231.827           1.334          -3.371         -20.659          250.449
  117 (vir)     1         234.885           0.782          -3.581         -21.464          253.551
  118 (vir)     1         235.939           0.936          -3.685         -21.630          254.820
  119 (vir)     1         236.450           0.624          -3.613         -21.617          255.077
  120 (vir)     1         237.714           0.386          -3.513         -21.429          256.016
  121 (vir)     1         238.401           0.410          -3.590         -21.631          256.852
  122 (vir)     1         240.329           0.814          -3.854         -22.176          259.464
  123 (vir)     1         256.744           3.253          -2.175         -17.403          275.224
 
