 
  kpoint:       1             coordinate:     0.0000    0.0000    0.0000                  spin:  1
 
    n           k   ϵ_nk^DFT (eV)     Σ^c_nk (eV)     Σ^x_nk (eV)    v_nk^xc (eV)   ϵ_nk^G0W0 (eV)
 
    1 (occ)     1         -21.210           5.711         -27.131         -17.113          -25.517
    2 (occ)     1         -11.291           1.203         -21.568         -15.738          -15.918
    3 (occ)     1         -11.290           1.200         -21.562         -15.738          -15.914
    4 (occ)     1          -6.136           1.559         -20.762         -15.281          -10.058
    5 (vir)     1          -0.284          -0.436          -1.050          -3.271            1.501
    6 (vir)     1           2.158          -0.404          -1.098          -3.328            3.984
    7 (vir)     1           2.158          -0.404          -1.098          -3.326            3.983
    8 (vir)     1           2.329          -0.116          -0.277          -1.520            3.456
    9 (vir)     1           2.368          -0.146          -0.295          -1.558            3.485
   10 (vir)     1           2.368          -0.147          -0.294          -1.558            3.484
   11 (vir)     1           3.139          -0.325          -0.679          -2.332            4.466
   12 (vir)     1           3.139          -0.325          -0.679          -2.332            4.467
   13 (vir)     1           3.624          -0.738          -1.792          -4.598            5.692
   14 (vir)     1           4.537          -0.188          -0.296          -1.737            5.791
   15 (vir)     1           4.723          -0.679          -1.740          -4.330            6.634
   16 (vir)     1           4.724          -0.680          -1.740          -4.330            6.634
   17 (vir)     1           6.802          -0.663          -1.515          -4.949            9.574
   18 (vir)     1           6.803          -0.662          -1.514          -4.949            9.575
   19 (vir)     1           8.056          -1.155          -3.115          -7.715           11.501
   20 (vir)     1           8.149          -0.690          -1.403          -4.902           10.957
   21 (vir)     1           8.149          -0.690          -1.405          -4.902           10.955
   22 (vir)     1          10.907          -0.673          -0.368          -3.686           13.553
   23 (vir)     1          12.478          -1.576          -2.403          -7.101           15.600
   24 (vir)     1          12.479          -1.577          -2.403          -7.100           15.599
   25 (vir)     1          15.909          -3.419          -4.352         -11.388           19.525
   26 (vir)     1          18.528          -2.152          -3.129          -8.937           22.184
   27 (vir)     1          20.247          -2.690          -2.367          -8.432           23.622
   28 (vir)     1          20.248          -2.677          -2.368          -8.432           23.634
   29 (vir)     1          33.522          -5.223          -2.209          -9.723           35.814
   30 (vir)     1          34.212          -4.044          -4.772         -13.186           38.582
   31 (vir)     1          34.212          -4.045          -4.768         -13.186           38.585
   32 (vir)     1          41.541           0.673          -2.321          -9.362           49.254
   33 (vir)     1          41.541           0.681          -2.325          -9.362           49.259
   34 (vir)     1          43.956          -3.737          -2.769         -10.448           47.899
   35 (vir)     1          44.239          -5.370          -2.510         -11.079           47.438
   36 (vir)     1          46.121          -6.392          -2.480         -11.236           48.485
   37 (vir)     1          46.121          -6.397          -2.479         -11.235           48.481
   38 (vir)     1          46.947          -4.925          -2.071         -10.589           50.540
   39 (vir)     1          47.105          -9.211          -2.904         -11.854           46.844
   40 (vir)     1          47.105          -9.242          -2.901         -11.855           46.817
   41 (vir)     1          49.733          -8.598          -3.073         -11.668           49.730
   42 (vir)     1          58.920           2.088          -2.829         -12.756           70.936
   43 (vir)     1          58.920           2.129          -2.826         -12.757           70.981
   44 (vir)     1          63.652          -8.185          -1.212          -9.068           63.323
   45 (vir)     1          63.934           2.630          -3.234         -14.615           77.945
   46 (vir)     1          68.419           2.136          -1.882         -11.224           79.896
   47 (vir)     1          68.419           2.131          -1.881         -11.224           79.893
   48 (vir)     1          76.708           2.911          -2.640         -13.987           90.967
   49 (vir)     1          76.710           2.898          -2.641         -13.987           90.953
   50 (vir)     1          85.056           4.014          -2.231         -14.550          101.390
   51 (vir)     1          85.056           4.138          -2.236         -14.551          101.509
   52 (vir)     1          85.317           2.722          -3.027         -16.028          101.040
   53 (vir)     1         113.330           4.184          -2.095         -14.350          129.769
   54 (vir)     1         151.062           2.682          -1.972         -16.374          168.145
   55 (vir)     1         151.063           2.709          -1.978         -16.374          168.168
   56 (vir)     1         157.059           2.072          -1.834         -15.732          173.030
 
