 
  kpoint:       1             coordinate:     0.0000    0.0000    0.0000                  spin:  1
 
    n           k   ϵ_nk^DFT (eV)     Σ^c_nk (eV)     Σ^x_nk (eV)    v_nk^xc (eV)   ϵ_nk^G0W0 (eV)
 
    1 (occ)     1         -23.056           7.415         -28.830         -18.368          -26.102
    2 (occ)     1         -15.185           2.353         -20.955         -14.520          -19.268
    3 (occ)     1          -9.105           2.771         -22.987         -16.712          -12.609
    4 (occ)     1          -9.011           0.457         -19.109         -14.880          -12.783
    5 (occ)     1          -9.011           0.463         -19.157         -14.880          -12.825
    6 (vir)     1          -1.073          -1.635          -6.333         -11.867            2.826
    7 (vir)     1          -1.073          -1.641          -6.355         -11.867            2.799
    8 (vir)     1          -0.136          -0.646          -1.251          -3.673            1.640
    9 (vir)     1           0.682          -0.457          -0.998          -3.086            2.313
   10 (vir)     1           1.013          -0.316          -0.643          -2.076            2.130
   11 (vir)     1           1.013          -0.314          -0.639          -2.076            2.135
   12 (vir)     1           2.172          -0.384          -0.794          -2.507            3.501
   13 (vir)     1           2.496          -0.318          -0.575          -1.982            3.586
   14 (vir)     1           2.496          -0.316          -0.574          -1.982            3.589
   15 (vir)     1           2.545          -0.089          -0.069          -1.077            3.464
   16 (vir)     1           2.545          -0.089          -0.069          -1.077            3.464
   17 (vir)     1           2.824          -0.735          -1.632          -4.008            4.465
   18 (vir)     1           4.569          -0.178          -0.195          -1.472            5.668
   19 (vir)     1           4.680          -0.176          -0.162          -1.393            5.734
   20 (vir)     1           4.680          -0.175          -0.161          -1.393            5.736
   21 (vir)     1           6.839          -0.933          -1.718          -5.059            9.247
   22 (vir)     1           6.920          -0.552          -0.844          -3.452            8.975
   23 (vir)     1           6.920          -0.556          -0.843          -3.452            8.973
   24 (vir)     1           7.082          -1.521          -1.823          -5.908            9.646
   25 (vir)     1           7.082          -1.505          -1.812          -5.908            9.673
   26 (vir)     1          10.959          -1.977          -1.719          -6.420           13.683
   27 (vir)     1          10.959          -2.000          -1.707          -6.420           13.672
   28 (vir)     1          10.998          -2.183          -3.305          -8.679           14.190
   29 (vir)     1          11.833          -1.483          -1.998          -6.073           14.425
   30 (vir)     1          15.812          -1.179          -0.989          -4.977           18.620
   31 (vir)     1          15.812          -1.179          -0.998          -4.977           18.612
   32 (vir)     1          15.929          -2.244          -2.073          -7.469           19.081
   33 (vir)     1          17.115          -0.450          -0.349          -3.814           20.130
   34 (vir)     1          17.115          -0.445          -0.352          -3.814           20.133
   35 (vir)     1          17.542          -2.561          -1.679          -7.023           20.325
   36 (vir)     1          17.542          -2.559          -1.685          -7.023           20.321
   37 (vir)     1          21.859          -5.257          -4.122         -12.772           25.251
   38 (vir)     1          28.047          -4.872          -3.968         -11.727           30.934
   39 (vir)     1          33.155           1.669          -3.031         -11.234           43.027
   40 (vir)     1          33.155          -5.361          -3.089         -11.234           35.939
   41 (vir)     1          33.290           2.001          -4.712         -13.809           44.387
   42 (vir)     1          33.290           2.111          -4.727         -13.809           44.482
   43 (vir)     1          38.946         -10.329          -2.504         -12.143           38.255
   44 (vir)     1          38.946         -10.394          -2.562         -12.143           38.133
   45 (vir)     1          43.011         -10.285          -3.728         -12.913           41.911
   46 (vir)     1          46.763           2.414          -3.892         -13.961           59.247
   47 (vir)     1          46.763           2.136          -3.864         -13.961           58.996
   48 (vir)     1          49.567           1.218          -2.061         -10.608           59.331
   49 (vir)     1          49.567           1.586          -2.098         -10.608           59.662
   50 (vir)     1          51.891          -4.428          -1.439          -9.419           55.443
   51 (vir)     1          51.891          -4.388          -1.443          -9.419           55.479
   52 (vir)     1          54.268           2.785          -3.025         -13.299           67.328
   53 (vir)     1          54.742           3.329          -2.456         -12.253           67.869
   54 (vir)     1          54.742           3.491          -2.450         -12.253           68.037
   55 (vir)     1          58.831           3.364          -1.995         -10.901           71.100
   56 (vir)     1          62.178           2.286          -2.327         -12.667           74.804
   57 (vir)     1          62.178           2.463          -2.344         -12.667           74.964
   58 (vir)     1          65.403           3.713          -3.122         -15.724           81.719
   59 (vir)     1          70.024           3.872          -2.971         -14.287           85.212
   60 (vir)     1          75.294           5.118          -2.693         -15.867           93.585
   61 (vir)     1          75.294           4.677          -2.680         -15.867           93.158
   62 (vir)     1          93.995           2.324          -2.624         -16.322          110.018
   63 (vir)     1          93.995           2.300          -2.705         -16.322          109.913
   64 (vir)     1          95.023           2.685          -3.234         -17.793          112.266
   65 (vir)     1         152.795           2.491          -1.658         -15.556          169.183
   66 (vir)     1         221.328           4.008          -1.783         -16.683          240.236
   67 (vir)     1         229.185           4.185          -0.958         -13.595          246.006
 
