 
  kpoint:       1             coordinate:     0.0000    0.0000    0.0000                  spin:  1
 
    n           k   ϵ_nk^DFT (eV)     Σ^c_nk (eV)     Σ^x_nk (eV)    v_nk^xc (eV)   ϵ_nk^G0W0 (eV)
 
    1 (occ)     1         -30.131           8.854         -37.500         -23.235          -35.543
    2 (occ)     1         -13.438           2.417         -28.918         -21.022          -18.918
    3 (occ)     1          -9.622           3.215         -30.551         -22.151          -14.807
    4 (occ)     1          -9.622           3.215         -30.551         -22.151          -14.807
    5 (vir)     1          -0.625          -0.394          -1.860          -4.827            1.948
    6 (vir)     1           2.827          -0.417          -2.291          -5.092            5.211
    7 (vir)     1           6.449          -0.349          -1.447          -4.505            9.159
    8 (vir)     1           6.449          -0.349          -1.447          -4.505            9.159
    9 (vir)     1           6.562          -0.549          -2.314          -5.774            9.473
   10 (vir)     1           8.708          -0.321          -0.933          -3.318           10.772
   11 (vir)     1          13.116          -0.727          -3.080          -7.418           16.725
   12 (vir)     1          13.116          -0.727          -3.080          -7.418           16.725
   13 (vir)     1          14.508          -1.287          -3.474          -9.461           19.208
   14 (vir)     1          21.090          -1.060          -2.329          -8.027           25.728
   15 (vir)     1          21.092          -1.060          -2.330          -8.025           25.728
   16 (vir)     1          21.432          -1.058          -2.434          -7.926           25.866
   17 (vir)     1          21.432          -1.058          -2.434          -7.926           25.866
   18 (vir)     1          24.874          -2.348          -3.882         -11.070           29.714
   19 (vir)     1          31.921          -1.282          -1.781          -7.338           36.197
   20 (vir)     1          31.921          -1.282          -1.781          -7.338           36.197
   21 (vir)     1          34.490          -2.243          -1.638          -8.118           38.727
   22 (vir)     1          44.135          -1.782          -1.775          -8.914           49.491
   23 (vir)     1          44.135          -1.782          -1.775          -8.914           49.491
   24 (vir)     1          44.306          -2.101          -1.564          -8.853           49.494
   25 (vir)     1          44.306          -2.101          -1.564          -8.853           49.494
   26 (vir)     1          45.145          -1.803          -1.534          -8.780           50.588
   27 (vir)     1          45.145          -1.803          -1.534          -8.780           50.588
   28 (vir)     1          49.757          -1.912          -2.350          -9.517           55.012
   29 (vir)     1          76.369          -1.530          -6.120         -17.057           85.775
   30 (vir)     1          78.182          -5.726          -7.706         -19.518           84.267
   31 (vir)     1          78.182          -5.726          -7.706         -19.518           84.267
   32 (vir)     1          80.386          -2.771          -7.248         -19.291           89.658
   33 (vir)     1          80.386          -2.771          -7.248         -19.291           89.658
   34 (vir)     1          97.098          -0.749          -3.661         -14.350          107.039
   35 (vir)     1         102.065           0.327          -6.426         -22.818          118.784
   36 (vir)     1         102.065           0.327          -6.426         -22.818          118.784
   37 (vir)     1         114.343           1.866          -4.237         -18.984          130.956
   38 (vir)     1         139.945           2.175          -2.944         -18.109          157.285
 
