 
  kpoint:       1             coordinate:     0.0000    0.0000    0.0000                  spin:  1
 
    n           k   ϵ_nk^DFT (eV)     Σ^c_nk (eV)     Σ^x_nk (eV)    v_nk^xc (eV)   ϵ_nk^G0W0 (eV)
 
    1 (occ)     1         -21.425           9.165         -24.154         -15.110          -21.303
    2 (occ)     1         -19.264           7.364         -23.145         -15.179          -19.867
    3 (occ)     1         -12.659           3.257         -19.112         -13.663          -14.851
    4 (occ)     1         -10.660           1.872         -18.757         -14.110          -13.435
    5 (occ)     1          -9.580           2.069         -16.975         -12.742          -11.745
    6 (occ)     1          -9.580           2.066         -16.976         -12.742          -11.748
    7 (occ)     1          -6.761           0.381         -15.193         -12.191           -9.383
    8 (occ)     1          -6.761           0.381         -15.192         -12.191           -9.382
    9 (vir)     1          -2.817          -1.599          -7.691         -12.234            0.126
   10 (vir)     1          -2.817          -1.599          -7.689         -12.234            0.128
   11 (vir)     1          -0.015          -2.021          -4.258          -8.797            2.504
   12 (vir)     1           0.565          -1.244          -1.940          -5.191            2.572
   13 (vir)     1           0.681          -0.680          -0.661          -2.533            1.873
   14 (vir)     1           0.960          -0.436          -0.549          -2.048            2.023
   15 (vir)     1           0.960          -0.436          -0.549          -2.048            2.023
   16 (vir)     1           1.772          -0.630          -0.744          -2.861            3.259
   17 (vir)     1           1.772          -0.630          -0.744          -2.861            3.259
   18 (vir)     1           1.785          -2.245          -3.673          -8.252            4.120
   19 (vir)     1           1.862          -0.538          -0.694          -2.338            2.969
   20 (vir)     1           1.862          -0.539          -0.694          -2.338            2.968
   21 (vir)     1           2.852          -1.097          -1.625          -4.215            4.346
   22 (vir)     1           3.979          -1.527          -1.617          -5.033            5.868
   23 (vir)     1           3.979          -1.526          -1.617          -5.033            5.868
   24 (vir)     1           4.629          -1.145          -1.800          -4.803            6.487
   25 (vir)     1           4.629          -1.145          -1.800          -4.803            6.487
   26 (vir)     1           5.072          -1.327          -1.620          -4.659            6.784
   27 (vir)     1           5.226          -0.898          -1.991          -5.419            7.755
   28 (vir)     1           5.226          -0.901          -1.990          -5.419            7.754
   29 (vir)     1           5.399          -1.874          -1.361          -4.844            7.008
   30 (vir)     1           5.399          -1.864          -1.360          -4.844            7.019
   31 (vir)     1           6.036          -1.526          -1.009          -4.021            7.523
   32 (vir)     1           6.036          -1.530          -1.009          -4.021            7.519
   33 (vir)     1           6.157          -1.314          -1.113          -3.719            7.449
   34 (vir)     1           7.549          -2.933          -2.793          -7.639            9.461
   35 (vir)     1           7.673          -1.116          -1.303          -4.544            9.798
   36 (vir)     1           7.673          -1.118          -1.304          -4.544            9.795
   37 (vir)     1           8.379          -1.422          -1.057          -4.248           10.148
   38 (vir)     1          10.015          -2.700          -2.365          -6.949           11.899
   39 (vir)     1          10.015          -2.699          -2.365          -6.949           11.901
   40 (vir)     1          11.169          -3.249          -1.345          -6.086           12.662
   41 (vir)     1          11.169          -3.247          -1.345          -6.086           12.663
   42 (vir)     1          12.600          -1.469          -0.871          -5.355           15.616
   43 (vir)     1          12.600          -1.468          -0.872          -5.355           15.616
   44 (vir)     1          13.416          -0.827          -1.052          -5.316           16.852
   45 (vir)     1          13.565          -2.838          -3.537         -10.154           17.343
   46 (vir)     1          13.565          -2.847          -3.535         -10.154           17.336
   47 (vir)     1          13.726          -3.933          -1.964          -7.149           14.979
   48 (vir)     1          14.411          -1.817          -0.928          -5.658           17.325
   49 (vir)     1          14.411          -1.796          -0.927          -5.658           17.345
   50 (vir)     1          14.843          -3.305          -2.712          -9.685           18.511
   51 (vir)     1          14.843          -3.505          -2.713          -9.685           18.310
   52 (vir)     1          15.640          -4.575          -3.028          -8.988           17.025
   53 (vir)     1          16.196          -6.498          -3.399         -11.137           17.436
   54 (vir)     1          16.196          -6.497          -3.393         -11.137           17.442
   55 (vir)     1          17.038          -2.019          -1.149          -6.313           20.183
   56 (vir)     1          17.038          -2.019          -1.150          -6.313           20.182
   57 (vir)     1          17.123          -1.309          -0.352          -3.761           19.223
   58 (vir)     1          17.123          -1.312          -0.354          -3.761           19.217
   59 (vir)     1          18.394          -1.542          -1.421          -6.273           21.703
   60 (vir)     1          18.828          -1.190          -2.210          -9.123           24.552
   61 (vir)     1          18.828          -1.605          -2.205          -9.123           24.142
   62 (vir)     1          19.970          -3.921          -1.368          -6.318           20.998
   63 (vir)     1          19.970          -3.597          -1.367          -6.318           21.323
   64 (vir)     1          20.348          -4.312          -1.538          -6.543           21.041
   65 (vir)     1          21.006          -3.065          -1.956          -7.909           23.895
   66 (vir)     1          21.006          -3.065          -1.952          -7.909           23.898
   67 (vir)     1          23.278          -3.803          -2.112          -9.338           26.702
   68 (vir)     1          23.278          -3.806          -2.106          -9.338           26.704
   69 (vir)     1          23.503           1.437          -1.342          -6.645           30.243
   70 (vir)     1          23.503           1.635          -1.347          -6.645           30.435
   71 (vir)     1          24.366          -2.458          -1.533          -8.011           28.386
   72 (vir)     1          24.366          -2.455          -1.550          -8.011           28.372
   73 (vir)     1          25.528          -5.555          -1.491          -7.899           26.381
   74 (vir)     1          27.227          -7.085          -2.516          -9.658           27.284
   75 (vir)     1          27.234          -7.776          -2.381         -10.211           27.289
   76 (vir)     1          34.768         -12.637          -2.418         -11.581           31.294
   77 (vir)     1          42.037           3.941          -3.212         -13.103           55.870
   78 (vir)     1          42.037           3.913          -3.220         -13.103           55.833
   79 (vir)     1          48.530           5.348          -1.977         -12.133           64.034
   80 (vir)     1          48.530           5.340          -1.974         -12.133           64.029
   81 (vir)     1          55.918           3.380          -3.595         -14.980           70.683
   82 (vir)     1          55.918           3.611          -3.585         -14.980           70.924
   83 (vir)     1          63.096           3.183          -2.454         -13.948           77.772
   84 (vir)     1          63.599           1.198          -2.993         -13.493           75.297
   85 (vir)     1          88.473           1.175          -1.672         -11.221           99.197
   86 (vir)     1         109.755           1.725          -0.817          -8.931          119.593
   87 (vir)     1         235.268           3.281          -0.805         -13.033          250.778
 
