 
  kpoint:       1             coordinate:     0.0000    0.0000    0.0000                  spin:  1
 
    n           k   ϵ_nk^DFT (eV)     Σ^c_nk (eV)     Σ^x_nk (eV)    v_nk^xc (eV)   ϵ_nk^G0W0 (eV)
 
    1 (occ)     1         -28.778          10.262         -30.781         -19.722          -29.575
    2 (occ)     1         -14.580           4.202         -25.130         -17.908          -17.601
    3 (occ)     1         -11.393           1.577         -22.107         -17.192          -14.731
    4 (occ)     1         -11.393           1.577         -22.108         -17.192          -14.732
    5 (occ)     1          -9.507           1.934         -19.664         -14.763          -12.474
    6 (vir)     1          -3.911          -1.277          -8.137         -14.459            1.134
    7 (vir)     1          -3.911          -1.276          -8.138         -14.459            1.134
    8 (vir)     1           2.058          -0.666          -1.703          -5.155            4.843
    9 (vir)     1           3.832          -1.240          -2.993          -7.879            7.478
   10 (vir)     1           4.825          -0.402          -0.309          -3.011            7.126
   11 (vir)     1           4.826          -0.402          -0.310          -3.011            7.125
   12 (vir)     1           5.459          -1.017          -0.963          -4.610            8.088
   13 (vir)     1           5.459          -1.017          -0.964          -4.610            8.088
   14 (vir)     1           6.374          -1.509          -1.103          -5.493            9.255
   15 (vir)     1           6.374          -1.509          -1.104          -5.493            9.254
   16 (vir)     1           7.102          -0.828          -1.437          -5.147            9.984
   17 (vir)     1          10.006          -2.311          -5.291         -13.378           15.781
   18 (vir)     1          10.815          -2.298          -1.809          -7.137           13.845
   19 (vir)     1          10.815          -2.295          -1.809          -7.137           13.848
   20 (vir)     1          11.003           0.824          -0.879          -5.382           16.330
   21 (vir)     1          11.004           0.831          -0.878          -5.381           16.338
   22 (vir)     1          15.880          -3.156          -2.880         -10.163           20.007
   23 (vir)     1          52.380           1.369          -2.410         -16.060           67.399
   24 (vir)     1          56.574           2.142          -3.343         -18.490           73.863
   25 (vir)     1          56.574           2.143          -3.363         -18.490           73.844
   26 (vir)     1          60.193           0.975          -2.191         -15.093           74.070
 
