 
  kpoint:       1             coordinate:     0.0000    0.0000    0.0000                  spin:  1
 
    n           k   ϵ_nk^DFT (eV)     Σ^c_nk (eV)     Σ^x_nk (eV)    v_nk^xc (eV)   ϵ_nk^G0W0 (eV)
 
    1 (occ)     1         -28.330          12.143         -32.117         -19.914          -28.391
    2 (occ)     1         -22.757           8.312         -31.010         -20.194          -25.261
    3 (occ)     1         -13.045           1.757         -24.437         -18.825          -16.899
    4 (occ)     1         -12.347           3.404         -25.850         -18.322          -16.472
    5 (occ)     1         -10.373           2.584         -25.445         -18.848          -14.386
    6 (occ)     1          -7.830           2.600         -26.195         -19.376          -12.050
    7 (occ)     1          -6.432           2.636         -26.720         -19.843          -10.672
    8 (vir)     1          -1.550          -2.717         -11.522         -18.699            2.910
    9 (vir)     1          -0.056          -0.405          -1.167          -3.369            1.741
   10 (vir)     1           2.119          -1.246          -3.609          -8.032            5.296
   11 (vir)     1           3.538          -0.923          -2.791          -6.465            6.289
   12 (vir)     1           3.811          -0.259          -0.755          -2.179            4.977
   13 (vir)     1           6.145          -0.364          -1.111          -3.876            8.545
   14 (vir)     1           6.449          -0.205          -0.370          -2.221            8.095
   15 (vir)     1           6.832          -0.817          -1.323          -5.032            9.724
   16 (vir)     1           7.460          -0.653          -1.646          -5.376           10.537
   17 (vir)     1           8.733          -1.451          -3.196          -8.158           12.243
   18 (vir)     1           9.046          -0.866          -2.668          -6.531           12.044
   19 (vir)     1          13.780          -2.112          -2.764          -8.578           17.482
   20 (vir)     1          14.346          -2.510          -4.512         -11.127           18.451
   21 (vir)     1          15.238          -2.431          -4.182         -10.700           19.325
   22 (vir)     1          16.943          -2.251          -3.737          -9.938           20.893
   23 (vir)     1          18.932          -3.424          -4.487         -11.760           22.781
   24 (vir)     1          20.842          -2.502          -3.128          -9.533           24.746
   25 (vir)     1          24.384          -2.787          -3.440         -10.114           28.272
   26 (vir)     1          25.131          -3.105          -3.430         -10.505           29.101
   27 (vir)     1          27.230          -2.709          -3.697         -10.702           31.525
   28 (vir)     1          30.882          -1.454          -5.414         -13.401           37.414
   29 (vir)     1          32.211          -1.757          -4.678         -12.444           38.220
   30 (vir)     1          34.103          -1.066          -4.083         -11.493           40.447
   31 (vir)     1          34.784          -1.495          -3.118         -10.117           40.289
   32 (vir)     1          36.334           2.588          -4.648         -13.332           47.606
   33 (vir)     1          40.186           2.256          -3.756         -11.995           50.681
   34 (vir)     1          45.066           1.969          -4.442         -13.531           56.125
   35 (vir)     1          48.560           2.919          -5.831         -16.702           62.349
   36 (vir)     1          49.130           1.459          -3.774         -12.395           59.211
   37 (vir)     1          50.327           2.048          -3.818         -13.207           61.764
   38 (vir)     1          55.721           1.871          -4.424         -14.456           67.624
   39 (vir)     1          58.063           1.708          -4.628         -15.123           70.266
   40 (vir)     1          59.892           2.903          -3.905         -14.373           73.263
   41 (vir)     1          59.985           2.031          -4.381         -14.853           72.487
   42 (vir)     1          70.186           2.185          -3.710         -14.653           83.314
   43 (vir)     1          80.234           3.903          -3.068         -13.208           94.277
   44 (vir)     1         108.476           3.759          -3.132         -17.382          126.485
   45 (vir)     1         110.305           3.769          -2.860         -16.742          127.956
   46 (vir)     1         113.767           4.227          -2.890         -17.351          132.455
   47 (vir)     1         120.906           2.885          -3.357         -18.466          138.900
   48 (vir)     1         122.611           2.530          -3.560         -18.823          140.403
   49 (vir)     1         128.133           3.703          -2.745         -17.942          147.033
   50 (vir)     1         144.164           3.115          -2.842         -18.688          163.124
   51 (vir)     1         145.183           3.285          -2.689         -18.449          164.228
   52 (vir)     1         170.234           1.870          -4.814         -23.084          190.376
   53 (vir)     1         173.629           1.392          -4.879         -23.331          193.472
   54 (vir)     1         173.884           1.426          -5.240         -23.629          193.699
   55 (vir)     1         174.949           1.517          -4.914         -23.367          194.920
   56 (vir)     1         176.137           1.492          -5.092         -23.519          196.056
   57 (vir)     1         179.647           1.294          -5.097         -23.450          199.294
   58 (vir)     1         180.591           1.423          -4.662         -23.129          200.481
   59 (vir)     1         182.037           1.319          -4.311         -22.823          201.868
   60 (vir)     1         183.579           1.506          -4.159         -22.655          203.581
   61 (vir)     1         191.879           1.694          -3.943         -22.561          212.190
   62 (vir)     1         208.582           1.495          -2.541         -18.278          225.814
   63 (vir)     1         209.819           1.137          -2.643         -19.603          227.916
   64 (vir)     1         211.032           1.150          -2.572         -19.661          229.271
   65 (vir)     1         216.071           1.020          -2.624         -20.071          234.537
   66 (vir)     1         216.751           1.032          -2.559         -20.051          235.275
   67 (vir)     1         224.286           0.911          -2.357         -19.765          242.605
   68 (vir)     1         225.427           1.061          -2.430         -19.863          243.921
   69 (vir)     1         230.773           0.862          -2.663         -21.496          250.468
   70 (vir)     1         232.391           1.022          -2.688         -21.503          252.228
   71 (vir)     1         234.239           1.041          -2.725         -21.240          253.796
   72 (vir)     1         237.327           1.418          -2.312         -19.112          255.545
   73 (vir)     1         238.312           0.887          -2.634         -21.551          258.116
   74 (vir)     1         238.571           0.892          -2.606         -21.327          258.184
   75 (vir)     1         242.784           1.017          -3.056         -22.588          263.333
   76 (vir)     1         243.184           1.011          -3.014         -22.557          263.738
 
