 
  kpoint:       1             coordinate:     0.0000    0.0000    0.0000                  spin:  1
 
    n           k   ϵ_nk^DFT (eV)     Σ^c_nk (eV)     Σ^x_nk (eV)    v_nk^xc (eV)   ϵ_nk^G0W0 (eV)
 
    1 (occ)     1         -26.341           9.158         -29.151         -17.819          -28.516
    2 (occ)     1         -25.741           8.890         -29.301         -18.167          -27.984
    3 (occ)     1         -25.240           8.552         -29.079         -18.121          -27.647
    4 (occ)     1         -22.979           6.908         -27.558         -17.577          -26.052
    5 (occ)     1         -22.744           7.600         -28.110         -18.019          -25.235
    6 (occ)     1         -21.974           7.053         -27.592         -17.775          -24.739
    7 (occ)     1         -18.935           5.706         -25.310         -16.691          -21.849
    8 (occ)     1         -16.843           4.260         -23.878         -16.622          -19.838
    9 (occ)     1         -16.460           4.035         -24.219         -16.997          -19.647
   10 (occ)     1         -15.578           3.618         -23.657         -16.684          -18.933
   11 (occ)     1         -14.995           3.204         -23.014         -16.677          -18.127
   12 (occ)     1         -13.666           2.959         -22.883         -16.857          -16.732
   13 (occ)     1         -13.533           2.725         -22.856         -16.943          -16.720
   14 (occ)     1         -12.797           2.559         -22.542         -16.633          -16.148
   15 (occ)     1         -12.061           2.900         -22.743         -16.949          -14.955
   16 (occ)     1         -11.812           4.007         -20.238         -14.567          -13.476
   17 (occ)     1         -11.406           2.297         -22.560         -17.327          -14.342
   18 (occ)     1         -10.633           3.236         -20.929         -15.654          -12.673
   19 (occ)     1         -10.577           3.079         -21.323         -16.073          -12.748
   20 (occ)     1         -10.001           3.936         -25.920         -19.106          -12.879
   21 (occ)     1          -9.629           2.605         -20.544         -15.531          -12.037
   22 (occ)     1          -7.819           2.080         -19.597         -15.345           -9.992
   23 (occ)     1          -7.620           2.961         -21.841         -16.386          -10.114
   24 (occ)     1          -7.081           1.460         -19.449         -15.805           -9.265
   25 (occ)     1          -7.042           2.047         -21.525         -17.041           -9.479
   26 (occ)     1          -6.327           2.586         -22.436         -17.155           -9.022
   27 (occ)     1          -5.995           3.139         -24.361         -18.641           -8.577
   28 (occ)     1          -5.289           0.357         -17.805         -15.368           -7.369
   29 (vir)     1          -1.414          -2.551          -9.052         -13.983            0.966
   30 (vir)     1          -1.299          -2.610          -9.446         -14.496            1.141
   31 (vir)     1          -0.999          -1.257          -2.445          -5.387            0.686
   32 (vir)     1          -0.562          -1.015          -1.537          -4.019            0.905
   33 (vir)     1          -0.205          -2.826          -7.519         -12.606            2.057
   34 (vir)     1          -0.094          -1.217          -2.427          -5.259            1.521
   35 (vir)     1           0.278          -0.908          -1.136          -3.368            1.602
   36 (vir)     1           0.426          -0.726          -0.996          -2.878            1.581
   37 (vir)     1           0.483          -0.810          -1.071          -3.124            1.725
   38 (vir)     1           0.750          -1.042          -1.597          -4.140            2.250
   39 (vir)     1           0.960          -0.647          -0.849          -2.575            2.038
   40 (vir)     1           1.227          -0.822          -1.153          -3.277            2.528
   41 (vir)     1           1.349          -0.710          -0.841          -2.728            2.527
   42 (vir)     1           1.469          -0.571          -0.740          -2.337            2.496
   43 (vir)     1           1.668          -0.827          -0.952          -3.062            2.951
   44 (vir)     1           1.882          -0.707          -0.899          -2.730            3.006
   45 (vir)     1           2.045          -0.854          -1.167          -3.268            3.293
   46 (vir)     1           2.100          -0.664          -0.753          -2.511            3.194
   47 (vir)     1           2.322          -0.844          -1.194          -3.329            3.613
   48 (vir)     1           2.583          -2.041          -3.235          -6.813            4.120
   49 (vir)     1           2.613          -0.627          -0.565          -2.273            3.694
   50 (vir)     1           2.696          -0.957          -1.403          -3.516            3.853
   51 (vir)     1           2.820          -1.245          -2.119          -4.897            4.354
   52 (vir)     1           2.985          -2.060          -3.254          -6.849            4.519
   53 (vir)     1           3.129          -1.159          -1.808          -4.318            4.482
   54 (vir)     1           3.183          -1.697          -2.495          -5.628            4.618
   55 (vir)     1           3.240          -1.151          -1.983          -4.506            4.612
   56 (vir)     1           3.323          -1.113          -1.863          -4.383            4.730
   57 (vir)     1           3.484          -1.339          -2.081          -4.938            5.002
   58 (vir)     1           3.689          -1.314          -2.260          -5.059            5.175
   59 (vir)     1           3.719          -0.723          -0.879          -2.759            4.876
   60 (vir)     1           3.816          -1.289          -2.089          -4.917            5.356
   61 (vir)     1           3.936          -1.582          -2.920          -6.273            5.707
   62 (vir)     1           4.050          -1.681          -3.078          -6.526            5.816
   63 (vir)     1           4.239          -1.437          -2.318          -5.363            5.847
   64 (vir)     1           4.344          -0.976          -1.368          -3.697            5.697
   65 (vir)     1           4.427          -0.786          -0.826          -2.776            5.591
   66 (vir)     1           4.526          -1.256          -1.785          -4.526            6.012
   67 (vir)     1           4.882          -1.657          -2.616          -6.007            6.615
   68 (vir)     1           5.089          -1.592          -2.682          -5.963            6.778
   69 (vir)     1           5.207          -0.874          -0.958          -3.112            6.488
   70 (vir)     1           5.380          -1.459          -2.560          -5.667            7.028
   71 (vir)     1           5.467          -1.150          -1.251          -3.910            6.976
   72 (vir)     1           5.691          -1.085          -1.003          -3.458            7.062
   73 (vir)     1           5.888          -1.464          -1.987          -5.143            7.579
   74 (vir)     1           5.996          -1.751          -2.676          -6.252            7.822
   75 (vir)     1           6.239          -1.470          -1.829          -5.098            8.038
   76 (vir)     1           6.263          -1.475          -1.941          -5.018            7.866
   77 (vir)     1           6.499          -2.321          -3.576          -7.931            8.533
   78 (vir)     1           6.598          -2.065          -2.922          -6.925            8.536
   79 (vir)     1           6.862          -1.358          -1.729          -4.793            8.567
   80 (vir)     1           7.056          -1.762          -2.188          -5.837            8.943
   81 (vir)     1           7.206          -1.613          -1.886          -5.238            8.944
   82 (vir)     1           7.297          -1.597          -1.777          -5.144            9.066
   83 (vir)     1           7.399          -2.805          -4.544          -9.617            9.667
   84 (vir)     1           7.503          -1.711          -1.891          -5.355            9.257
   85 (vir)     1           7.705          -2.953          -4.331          -9.548            9.970
   86 (vir)     1           8.003          -1.841          -2.620          -6.432            9.973
   87 (vir)     1           8.192          -1.656          -1.904          -5.439           10.071
   88 (vir)     1           8.588          -2.616          -3.730          -8.561           10.803
   89 (vir)     1           8.955          -1.808          -1.600          -4.997           10.543
   90 (vir)     1           9.041          -2.362          -2.857          -7.154           10.976
   91 (vir)     1           9.244          -2.461          -2.759          -7.306           11.330
   92 (vir)     1           9.374          -1.890          -2.279          -6.121           11.326
   93 (vir)     1           9.662          -2.551          -2.993          -7.574           11.693
   94 (vir)     1           9.722          -2.603          -2.730          -7.260           11.649
   95 (vir)     1          10.000          -2.682          -2.733          -7.414           12.000
   96 (vir)     1          10.283          -2.683          -2.900          -7.690           12.391
   97 (vir)     1          10.474          -3.327          -4.080          -9.812           12.879
   98 (vir)     1          10.694          -2.450          -2.910          -7.437           12.771
   99 (vir)     1          11.238          -2.412          -2.631          -7.211           13.407
  100 (vir)     1          11.332          -2.709          -2.824          -7.785           13.584
  101 (vir)     1          11.462          -2.482          -2.519          -7.127           13.588
  102 (vir)     1          11.688          -2.230          -2.151          -6.437           13.744
  103 (vir)     1          11.722          -2.742          -1.916          -6.478           13.540
  104 (vir)     1          12.255          -2.380          -2.260          -6.655           14.270
  105 (vir)     1          12.370          -2.671          -2.507          -7.379           14.571
  106 (vir)     1          12.493          -2.890          -2.813          -7.966           14.755
  107 (vir)     1          12.645          -2.709          -2.744          -7.641           14.833
  108 (vir)     1          12.721          -2.737          -2.610          -7.448           14.823
  109 (vir)     1          12.873          -2.374          -2.191          -6.738           15.046
  110 (vir)     1          13.113          -2.718          -2.099          -6.826           15.121
  111 (vir)     1          13.546          -2.928          -2.565          -7.740           15.793
  112 (vir)     1          13.805          -2.917          -2.426          -7.350           15.813
  113 (vir)     1          13.931          -2.811          -2.128          -7.024           16.016
  114 (vir)     1          14.194          -3.080          -2.709          -8.119           16.524
  115 (vir)     1          14.464          -3.487          -3.149          -8.976           16.804
  116 (vir)     1          14.758          -3.934          -2.159          -7.299           15.964
  117 (vir)     1          15.148          -5.256          -4.876         -12.830           17.846
  118 (vir)     1          15.552          -3.633          -3.097          -9.017           17.838
  119 (vir)     1          15.793          -4.596          -4.321         -11.568           18.443
  120 (vir)     1          15.932          -4.458          -3.989         -11.050           18.535
  121 (vir)     1          16.345          -3.259          -2.293          -7.655           18.448
  122 (vir)     1          16.675          -3.383          -2.487          -8.165           18.970
  123 (vir)     1          16.848          -2.872          -2.415          -7.595           19.155
  124 (vir)     1          17.086          -2.513          -2.052          -6.788           19.309
  125 (vir)     1          17.227          -2.784          -2.249          -7.252           19.445
  126 (vir)     1          17.628          -1.962          -1.396          -5.312           19.582
  127 (vir)     1          17.931          -3.451          -2.415          -8.021           20.086
  128 (vir)     1          18.030          -3.246          -2.404          -7.873           20.254
  129 (vir)     1          18.344          -3.539          -2.336          -7.961           20.430
  130 (vir)     1          18.790          -2.727          -1.799          -6.737           21.000
  131 (vir)     1          18.935          -3.535          -2.054          -7.560           20.905
  132 (vir)     1          19.335          -3.141          -2.178          -7.520           21.536
  133 (vir)     1          19.859          -3.481          -2.397          -8.163           22.143
  134 (vir)     1          20.164          -3.667          -1.928          -7.381           21.950
  135 (vir)     1          20.507          -4.062          -2.479          -8.606           22.571
  136 (vir)     1          20.672          -3.682          -2.749          -8.842           23.083
  137 (vir)     1          20.868          -3.417          -2.172          -7.728           23.007
  138 (vir)     1          20.929          -3.858          -2.552          -8.826           23.345
  139 (vir)     1          21.221          -3.678          -2.114          -7.918           23.347
  140 (vir)     1          21.461          -3.683          -2.107          -7.781           23.452
  141 (vir)     1          21.567          -3.444          -2.575          -8.527           24.076
  142 (vir)     1          21.779          -3.390          -2.369          -8.137           24.157
  143 (vir)     1          22.161          -3.797          -2.454          -8.532           24.442
  144 (vir)     1          22.255          -4.222          -2.348          -8.497           24.182
  145 (vir)     1          22.746          -3.461          -2.300          -8.188           25.172
  146 (vir)     1          22.850          -4.124          -2.679          -9.166           25.213
  147 (vir)     1          23.121          -4.141          -2.609          -9.155           25.526
  148 (vir)     1          23.664          -3.665          -2.293          -8.201           25.906
  149 (vir)     1          23.904          -4.144          -3.159          -9.820           26.421
  150 (vir)     1          24.127          -3.982          -2.196          -8.228           26.176
  151 (vir)     1          24.438          -3.552          -1.873          -7.619           26.632
  152 (vir)     1          24.575          -3.713          -1.857          -7.579           26.584
  153 (vir)     1          25.106          -4.424          -2.971          -9.897           27.608
  154 (vir)     1          25.374          -4.530          -2.332          -8.682           27.195
  155 (vir)     1          25.746          -4.535          -2.715          -9.517           28.013
  156 (vir)     1          26.064          -4.052          -2.385          -8.601           28.228
  157 (vir)     1          26.250          -4.397          -2.363          -8.648           28.138
  158 (vir)     1          26.801          -4.737          -2.924          -9.832           28.972
  159 (vir)     1          26.977          -4.541          -2.269          -8.682           28.850
  160 (vir)     1          27.256          -4.815          -2.271          -8.688           28.858
  161 (vir)     1          27.506          -5.223          -2.890          -9.578           28.971
  162 (vir)     1          28.377          -4.132          -2.016          -8.127           30.356
  163 (vir)     1          28.510           1.879          -3.184         -10.333           37.538
  164 (vir)     1          28.811          -4.078          -2.178          -8.308           30.862
  165 (vir)     1          28.908          -4.506          -2.143          -8.494           30.754
  166 (vir)     1          29.113          -3.965          -1.986          -8.047           31.209
  167 (vir)     1          30.075          -7.855          -2.662          -9.801           29.359
  168 (vir)     1          30.780          -4.913          -2.506          -9.253           32.613
  169 (vir)     1          31.242          -5.154          -2.459          -9.159           32.787
  170 (vir)     1          31.487          -5.127          -2.410          -8.994           32.944
  171 (vir)     1          31.830          -4.028          -2.018          -8.011           33.795
  172 (vir)     1          32.356          -4.692          -2.337          -9.107           34.434
  173 (vir)     1          34.123          -5.701          -2.793         -10.004           35.633
  174 (vir)     1          34.864          -6.945          -2.533          -9.954           35.339
  175 (vir)     1          35.102          -6.284          -2.936         -10.528           36.411
  176 (vir)     1          35.586          -6.671          -3.120         -11.041           36.836
  177 (vir)     1          35.927          -6.874          -2.970         -10.646           36.730
  178 (vir)     1          36.808          -7.025          -3.310         -11.408           37.882
  179 (vir)     1          37.397          -7.125          -2.783         -10.526           38.015
  180 (vir)     1          38.084          -7.234          -2.811         -10.728           38.767
  181 (vir)     1          38.439          -6.696          -2.637         -10.339           39.444
  182 (vir)     1          39.154          -7.801          -3.565         -11.735           39.522
  183 (vir)     1          39.194          -7.194          -2.962         -11.145           40.183
  184 (vir)     1          40.002          -7.763          -3.154         -11.488           40.573
  185 (vir)     1          40.351          -8.947          -3.257         -11.703           39.850
  186 (vir)     1          41.014           1.851          -3.627         -12.444           51.682
  187 (vir)     1          41.240           4.598          -3.905         -12.630           54.563
  188 (vir)     1          41.962          -8.193          -3.142         -11.487           42.113
  189 (vir)     1          42.143          -8.784          -3.510         -12.304           42.153
  190 (vir)     1          42.584          -8.289          -2.621         -10.552           42.225
  191 (vir)     1          43.363         -10.482          -3.459         -12.797           42.219
  192 (vir)     1          44.051          -9.115          -3.072         -11.581           43.444
  193 (vir)     1          44.330          -8.720          -3.003         -11.701           44.308
  194 (vir)     1          45.233         -10.146          -3.250         -12.505           44.342
  195 (vir)     1          45.475         -10.490          -3.187         -12.281           44.078
  196 (vir)     1          46.195         -11.143          -3.543         -13.069           44.577
  197 (vir)     1          46.388          -9.603          -3.547         -12.592           45.830
  198 (vir)     1          46.705         -10.900          -3.448         -12.992           45.349
  199 (vir)     1          47.413         -10.433          -3.483         -12.838           46.336
  200 (vir)     1          47.535         -10.975          -3.458         -12.856           45.957
  201 (vir)     1          48.144         -11.574          -3.474         -12.891           45.987
  202 (vir)     1          48.667         -11.622          -3.555         -13.286           46.776
  203 (vir)     1          48.969          -9.591          -3.285         -12.735           48.829
  204 (vir)     1          49.340         -10.927          -3.088         -12.492           47.818
  205 (vir)     1          49.487          -8.625          -3.299         -12.903           50.467
  206 (vir)     1          50.323         -11.440          -3.122         -12.616           48.378
  207 (vir)     1          50.584          -8.749          -3.729         -13.365           51.471
  208 (vir)     1          51.111          -9.159          -3.446         -13.102           51.609
  209 (vir)     1          51.437         -11.221          -3.107         -12.448           49.557
  210 (vir)     1          51.523          -9.267          -3.769         -13.879           52.366
  211 (vir)     1          52.042          -9.675          -3.608         -13.274           52.033
  212 (vir)     1          52.402          -8.965          -3.332         -12.984           53.089
  213 (vir)     1          52.486         -11.464          -3.443         -13.048           50.627
  214 (vir)     1          53.143          -7.807          -3.041         -12.595           54.890
  215 (vir)     1          53.461         -10.692          -2.972         -12.521           52.319
  216 (vir)     1          54.136         -12.747          -3.051         -12.882           51.220
  217 (vir)     1          54.573         -12.121          -3.183         -12.895           52.163
  218 (vir)     1          55.085         -11.853          -3.250         -13.273           53.255
  219 (vir)     1          55.545         -11.307          -3.189         -13.271           54.319
  220 (vir)     1          56.230           5.603          -3.551         -13.637           71.920
  221 (vir)     1          56.448           5.568          -3.395         -13.618           72.239
  222 (vir)     1          56.629           5.529          -3.434         -13.521           72.244
  223 (vir)     1          56.860           5.406          -3.142         -13.066           72.190
  224 (vir)     1          56.958           5.654          -3.135         -13.143           72.619
  225 (vir)     1          57.240           4.897          -3.172         -13.326           72.291
  226 (vir)     1          57.403           5.565          -3.146         -13.092           72.915
  227 (vir)     1          57.902           5.197          -3.285         -13.436           73.251
  228 (vir)     1          58.248           4.849          -3.245         -13.409           73.261
  229 (vir)     1          58.902           5.296          -3.024         -12.975           74.149
  230 (vir)     1          59.316           4.594          -2.915         -13.042           74.037
  231 (vir)     1          59.369          -9.414          -3.360         -13.730           60.325
  232 (vir)     1          60.118           5.636          -3.440         -14.250           76.563
  233 (vir)     1          60.264           3.700          -3.182         -13.259           74.041
  234 (vir)     1          60.791           4.985          -2.954         -13.334           76.155
  235 (vir)     1          60.909           4.585          -2.983         -13.297           75.808
  236 (vir)     1          61.202           4.518          -3.094         -13.545           76.172
  237 (vir)     1          61.959           4.811          -3.191         -13.928           77.507
  238 (vir)     1          62.203           4.247          -2.897         -13.147           76.700
  239 (vir)     1          62.853           4.051          -3.004         -13.439           77.340
  240 (vir)     1          63.617           4.629          -2.908         -13.492           78.829
  241 (vir)     1          63.805           4.575          -3.027         -13.551           78.904
  242 (vir)     1          63.910           4.935          -2.822         -13.244           79.268
  243 (vir)     1          64.710           4.377          -2.986         -13.601           79.702
  244 (vir)     1          64.933           3.199          -2.795         -13.448           78.785
  245 (vir)     1          65.158           4.593          -3.363         -14.031           80.418
  246 (vir)     1          65.825           4.624          -2.852         -13.078           80.675
  247 (vir)     1          66.019           4.889          -3.108         -13.722           81.522
  248 (vir)     1          66.536           4.450          -2.898         -13.653           81.741
  249 (vir)     1          67.205           4.949          -2.981         -13.707           82.880
  250 (vir)     1          67.654           4.246          -2.866         -13.662           82.696
  251 (vir)     1          67.826           3.746          -2.638         -13.536           82.470
  252 (vir)     1          68.523           3.809          -2.756         -13.551           83.126
  253 (vir)     1          69.028           4.107          -2.709         -13.364           83.791
  254 (vir)     1          69.397           5.084          -3.033         -14.138           85.586
  255 (vir)     1          70.544           4.167          -2.829         -13.746           85.628
  256 (vir)     1          70.664           4.115          -2.754         -13.802           85.826
  257 (vir)     1          71.218           4.270          -3.068         -14.561           86.981
  258 (vir)     1          71.563           4.306          -3.050         -14.385           87.204
  259 (vir)     1          71.636           4.390          -2.762         -14.032           87.296
  260 (vir)     1          72.058           4.556          -2.550         -13.639           87.703
  261 (vir)     1          72.958           4.436          -2.650         -13.808           88.552
  262 (vir)     1          73.284           4.513          -2.819         -13.966           88.944
  263 (vir)     1          74.036           3.900          -2.957         -14.340           89.319
  264 (vir)     1          74.131           4.338          -2.918         -14.245           89.797
  265 (vir)     1          74.805           4.408          -2.909         -14.182           90.487
  266 (vir)     1          75.000           4.962          -2.743         -13.803           91.022
  267 (vir)     1          75.238           4.147          -2.642         -13.907           90.650
  268 (vir)     1          75.724           4.069          -2.830         -14.116           91.079
  269 (vir)     1          75.992           5.095          -2.766         -14.393           92.714
  270 (vir)     1          76.504           4.109          -2.713         -14.220           92.120
  271 (vir)     1          77.102           4.660          -2.893         -14.543           93.413
  272 (vir)     1          77.392           4.339          -2.787         -14.251           93.194
  273 (vir)     1          77.610           4.140          -2.745         -14.129           93.135
  274 (vir)     1          78.317           4.025          -2.647         -14.027           93.722
  275 (vir)     1          79.005           4.371          -2.712         -14.202           94.866
  276 (vir)     1          79.289           4.241          -2.786         -14.603           95.347
  277 (vir)     1          79.476           4.578          -2.846         -14.778           95.986
  278 (vir)     1          80.960           4.569          -2.829         -14.845           97.544
  279 (vir)     1          81.089           4.788          -2.821         -14.905           97.961
  280 (vir)     1          81.765           3.870          -2.933         -14.974           97.676
  281 (vir)     1          81.887           4.454          -2.980         -15.149           98.509
  282 (vir)     1          82.613           4.544          -2.952         -15.199           99.404
  283 (vir)     1          83.138           3.461          -2.441         -13.940           98.098
  284 (vir)     1          83.462           4.007          -2.779         -14.816           99.506
  285 (vir)     1          83.689           3.508          -2.668         -14.604           99.133
  286 (vir)     1          83.823           3.576          -2.711         -14.705           99.392
  287 (vir)     1          85.361           3.885          -2.630         -14.280          100.897
  288 (vir)     1          85.829           3.336          -2.715         -14.786          101.236
  289 (vir)     1          86.283           4.451          -2.703         -14.946          102.977
  290 (vir)     1          86.456           4.231          -2.706         -14.751          102.732
  291 (vir)     1          86.920           4.598          -2.901         -15.518          104.135
  292 (vir)     1          87.175           4.593          -2.920         -15.527          104.376
  293 (vir)     1          87.222           3.390          -2.751         -15.120          102.981
  294 (vir)     1          87.966           3.656          -2.642         -14.878          103.857
  295 (vir)     1          88.799           4.297          -2.696         -14.794          105.194
  296 (vir)     1          88.867           4.169          -2.789         -15.353          105.600
  297 (vir)     1          89.599           3.831          -3.121         -15.640          105.950
  298 (vir)     1          89.946           3.931          -2.634         -14.966          106.209
  299 (vir)     1          90.898           3.291          -2.788         -15.828          107.229
  300 (vir)     1          92.040           3.360          -2.677         -15.160          107.883
  301 (vir)     1          92.550           3.325          -2.323         -14.033          107.586
  302 (vir)     1          93.068           3.719          -2.677         -15.190          109.301
  303 (vir)     1          93.944           3.613          -2.547         -14.906          109.916
  304 (vir)     1          95.118           3.245          -2.413         -14.771          110.720
  305 (vir)     1          95.677           4.001          -2.762         -15.557          112.473
  306 (vir)     1          96.430           3.025          -2.672         -15.512          112.295
  307 (vir)     1          96.774           3.085          -2.716         -15.338          112.481
  308 (vir)     1          97.656           2.742          -2.156         -13.988          112.229
  309 (vir)     1          98.358           3.054          -2.442         -14.612          113.582
  310 (vir)     1          99.211           3.025          -2.547         -15.228          114.915
  311 (vir)     1         101.321           2.950          -2.488         -14.863          116.645
  312 (vir)     1         101.697           2.796          -2.510         -14.981          116.963
  313 (vir)     1         102.896           3.014          -2.587         -15.160          118.484
  314 (vir)     1         104.376           3.105          -2.735         -15.681          120.427
  315 (vir)     1         106.717           2.738          -2.713         -15.634          122.375
  316 (vir)     1         107.026           2.633          -2.310         -14.593          121.940
  317 (vir)     1         110.350           2.807          -2.652         -15.912          126.417
  318 (vir)     1         112.138           2.999          -2.611         -15.994          128.521
  319 (vir)     1         113.791           2.876          -2.528         -15.800          129.938
  320 (vir)     1         114.469           2.601          -2.804         -16.443          130.710
  321 (vir)     1         116.596           2.546          -2.912         -16.740          132.970
  322 (vir)     1         119.644           3.001          -2.829         -17.127          136.942
  323 (vir)     1         120.238           2.324          -2.697         -16.339          136.205
  324 (vir)     1         123.416           2.522          -2.726         -16.824          140.036
  325 (vir)     1         126.257           2.400          -2.657         -16.804          142.803
  326 (vir)     1         128.498           2.552          -2.700         -17.165          145.516
  327 (vir)     1         128.658           2.628          -2.813         -17.438          145.911
  328 (vir)     1         130.463           2.361          -2.680         -16.990          147.135
  329 (vir)     1         131.839           3.874          -3.478         -19.211          151.445
  330 (vir)     1         132.631           2.156          -2.545         -16.623          148.865
  331 (vir)     1         134.082           2.698          -3.212         -18.484          152.051
  332 (vir)     1         136.572           2.588          -3.054         -17.945          154.051
  333 (vir)     1         138.769           2.674          -2.828         -17.626          156.241
  334 (vir)     1         139.564           2.634          -2.827         -17.653          157.024
  335 (vir)     1         140.802           2.727          -2.759         -17.702          158.473
  336 (vir)     1         141.460           2.477          -2.490         -17.099          158.547
  337 (vir)     1         153.879           2.643          -1.778         -15.709          170.453
  338 (vir)     1         161.596           2.673          -1.578         -15.227          177.918
  339 (vir)     1         163.127           2.561          -1.592         -15.369          179.465
  340 (vir)     1         163.742           2.677          -1.585         -15.534          180.368
  341 (vir)     1         165.035           2.080          -1.551         -15.038          180.602
  342 (vir)     1         180.355           1.426          -5.184         -23.100          199.697
  343 (vir)     1         183.111           1.418          -5.010         -22.951          202.470
  344 (vir)     1         185.997           1.735          -4.882         -22.938          205.788
  345 (vir)     1         188.907           1.768          -5.018         -23.112          208.769
  346 (vir)     1         193.083           1.627          -4.915         -23.088          212.883
  347 (vir)     1         211.618           5.248          -1.917         -16.283          231.231
  348 (vir)     1         225.809           5.763          -2.137         -17.442          246.877
  349 (vir)     1         231.075           5.766          -2.113         -17.639          252.367
  350 (vir)     1         231.454           5.784          -1.948         -16.788          252.078
  351 (vir)     1         237.019           4.452          -2.144         -17.363          256.690
  352 (vir)     1         239.810           1.222          -3.121         -20.249          258.160
  353 (vir)     1         239.920           4.899          -1.625         -15.694          258.888
  354 (vir)     1         240.589          12.939          -1.083         -14.028          266.473
  355 (vir)     1         240.870           0.983          -3.592         -21.691          259.952
  356 (vir)     1         241.810           6.318          -1.644         -15.950          262.434
  357 (vir)     1         242.433          11.787          -1.153         -14.298          267.365
  358 (vir)     1         243.659           1.204          -3.358         -21.146          262.650
  359 (vir)     1         244.544           1.808          -2.548         -18.814          262.618
  360 (vir)     1         245.297           1.332          -2.747         -19.468          263.350
  361 (vir)     1         246.081           1.067          -3.757         -22.296          265.687
  362 (vir)     1         248.173           0.836          -3.671         -22.076          267.413
  363 (vir)     1         254.505           1.879          -2.670         -19.316          273.029
  364 (vir)     1         289.016           4.758          -2.701         -20.032          311.105
 
