 
  kpoint:       1             coordinate:     0.0000    0.0000    0.0000                  spin:  1
 
    n           k   ϵ_nk^DFT (eV)     Σ^c_nk (eV)     Σ^x_nk (eV)    v_nk^xc (eV)   ϵ_nk^G0W0 (eV)
 
    1 (occ)     1         -28.731           9.071         -32.608         -20.568          -31.700
    2 (occ)     1         -20.614           6.712         -23.832         -15.365          -22.370
    3 (occ)     1         -13.445           4.080         -25.440         -18.061          -16.744
    4 (occ)     1         -11.728           2.791         -22.371         -16.667          -14.642
    5 (occ)     1         -11.728           2.791         -22.371         -16.667          -14.641
    6 (occ)     1         -11.696           2.106         -20.865         -15.451          -15.004
    7 (occ)     1          -7.465           0.541         -17.508         -13.862          -10.570
    8 (occ)     1          -7.465           0.541         -17.508         -13.862          -10.570
    9 (vir)     1          -1.930          -1.828          -8.803         -14.147            1.586
   10 (vir)     1          -1.930          -1.828          -8.803         -14.147            1.586
   11 (vir)     1           0.071          -2.085          -5.129         -10.377            3.235
   12 (vir)     1           0.496          -0.792          -1.575          -4.259            2.389
   13 (vir)     1           0.932          -0.326          -0.501          -1.940            2.045
   14 (vir)     1           0.932          -0.326          -0.501          -1.940            2.045
   15 (vir)     1           0.980          -0.510          -0.726          -2.596            2.340
   16 (vir)     1           2.144          -0.438          -0.640          -2.563            3.629
   17 (vir)     1           2.144          -0.438          -0.640          -2.563            3.629
   18 (vir)     1           2.173          -0.306          -0.417          -1.730            3.182
   19 (vir)     1           2.173          -0.305          -0.417          -1.730            3.182
   20 (vir)     1           2.611          -0.627          -1.103          -3.180            4.061
   21 (vir)     1           4.555          -0.882          -1.672          -4.545            6.545
   22 (vir)     1           4.555          -0.882          -1.672          -4.544            6.545
   23 (vir)     1           4.743          -1.067          -1.695          -4.516            6.497
   24 (vir)     1           5.330          -1.562          -1.621          -5.093            7.239
   25 (vir)     1           5.330          -1.562          -1.621          -5.093            7.239
   26 (vir)     1           6.601          -1.585          -1.089          -4.143            8.070
   27 (vir)     1           6.601          -1.586          -1.089          -4.143            8.069
   28 (vir)     1           6.984          -1.231          -1.477          -4.905            9.181
   29 (vir)     1           9.279          -1.710          -2.104          -6.095           11.560
   30 (vir)     1          10.744          -2.299          -1.786          -6.557           13.217
   31 (vir)     1          10.744          -2.299          -1.786          -6.557           13.217
   32 (vir)     1          11.716          -4.036          -4.797         -11.597           14.480
   33 (vir)     1          12.441          -3.533          -2.952          -8.983           14.939
   34 (vir)     1          12.441          -3.533          -2.952          -8.983           14.939
   35 (vir)     1          12.932          -2.286          -2.015          -7.077           15.708
   36 (vir)     1          12.932          -2.285          -2.015          -7.077           15.708
   37 (vir)     1          13.339          -1.987          -0.932          -5.579           15.998
   38 (vir)     1          13.339          -1.988          -0.932          -5.579           15.997
   39 (vir)     1          13.721          -2.545          -1.663          -6.713           16.227
   40 (vir)     1          15.039          -4.011          -3.280         -10.084           17.831
   41 (vir)     1          15.039          -4.012          -3.280         -10.084           17.831
   42 (vir)     1          15.535          -2.276          -2.347          -7.315           18.226
   43 (vir)     1          17.053          -1.085          -0.320          -3.665           19.312
   44 (vir)     1          17.053          -1.086          -0.320          -3.665           19.311
   45 (vir)     1          18.746          -3.494          -1.518          -6.859           20.594
   46 (vir)     1          18.746          -3.494          -1.518          -6.859           20.593
   47 (vir)     1          19.536          -4.557          -2.489          -9.389           21.878
   48 (vir)     1          19.536          -4.557          -2.489          -9.389           21.879
   49 (vir)     1          20.391          -4.120          -2.197          -8.087           22.160
   50 (vir)     1          20.391          -4.120          -2.197          -8.087           22.160
   51 (vir)     1          20.568          -5.185          -3.534         -10.764           22.612
   52 (vir)     1          21.316          -3.398          -2.384          -8.289           23.823
   53 (vir)     1          21.316          -3.398          -2.384          -8.289           23.823
   54 (vir)     1          23.993          -4.061          -1.784          -7.662           25.810
   55 (vir)     1          28.857          -9.905          -4.302         -14.875           29.524
   56 (vir)     1          34.700          -6.681          -3.585         -11.814           36.248
   57 (vir)     1          34.700          -6.681          -3.586         -11.814           36.247
   58 (vir)     1          35.502           3.522          -4.567         -14.218           48.674
   59 (vir)     1          35.502           3.522          -4.567         -14.218           48.674
   60 (vir)     1          40.267           2.840          -3.883         -12.391           51.615
   61 (vir)     1          47.161           1.926          -4.139         -14.051           58.998
   62 (vir)     1          47.161           1.926          -4.139         -14.051           58.999
   63 (vir)     1          47.189           3.654          -2.793         -12.591           60.642
   64 (vir)     1          47.189           3.657          -2.794         -12.591           60.644
   65 (vir)     1          48.604           2.687          -3.677         -12.753           60.368
   66 (vir)     1          65.991           2.332          -4.235         -15.786           79.873
   67 (vir)     1          69.855           2.034          -3.871         -15.829           83.847
   68 (vir)     1          69.855           2.035          -3.873         -15.829           83.846
   69 (vir)     1          76.287           2.611          -3.831         -16.939           92.006
   70 (vir)     1          90.212           1.099          -1.320          -9.588           99.580
   71 (vir)     1         124.106           3.438          -3.383         -18.434          142.594
   72 (vir)     1         124.106           3.426          -3.383         -18.434          142.582
   73 (vir)     1         133.032           3.927          -3.580         -19.243          152.623
   74 (vir)     1         174.730           1.207          -5.169         -23.039          193.807
   75 (vir)     1         174.732           1.211          -5.169         -23.037          193.811
   76 (vir)     1         175.355           2.004          -4.961         -22.065          194.462
   77 (vir)     1         180.618           1.621          -5.233         -23.318          200.324
   78 (vir)     1         180.618           1.618          -5.235         -23.318          200.319
   79 (vir)     1         215.623           5.326          -1.276         -13.703          233.375
   80 (vir)     1         220.791           2.676          -2.920         -18.714          239.261
   81 (vir)     1         227.810           0.631          -2.757         -20.759          246.443
   82 (vir)     1         227.810           0.630          -2.758         -20.759          246.441
   83 (vir)     1         232.600           1.021          -3.556         -21.530          251.596
   84 (vir)     1         232.600           1.021          -3.555         -21.530          251.596
   85 (vir)     1         235.590           1.114          -3.729         -21.974          254.949
   86 (vir)     1         235.590           1.115          -3.728         -21.974          254.951
   87 (vir)     1         244.048           1.557          -3.164         -20.478          262.918
 
