 
  kpoint:       1             coordinate:     0.0000    0.0000    0.0000                  spin:  1
 
    n           k   ϵ_nk^DFT (eV)     Σ^c_nk (eV)     Σ^x_nk (eV)    v_nk^xc (eV)   ϵ_nk^G0W0 (eV)
 
    1 (occ)     1         -56.429          12.302         -51.712         -31.158          -64.680
    2 (occ)     1         -56.425          12.311         -51.719         -31.164          -64.670
    3 (occ)     1         -55.778          12.029         -51.738         -31.163          -64.324
    4 (occ)     1         -55.778          12.031         -51.738         -31.163          -64.322
    5 (occ)     1         -28.408           6.470         -43.643         -30.979          -34.601
    6 (occ)     1         -28.385           6.215         -43.682         -31.032          -34.821
    7 (occ)     1         -28.380           6.197         -43.709         -31.059          -34.832
    8 (occ)     1         -28.356           6.450         -43.804         -31.132          -34.578
    9 (occ)     1         -28.336           6.489         -43.762         -31.060          -34.549
   10 (occ)     1         -28.330           6.479         -43.785         -31.084          -34.552
   11 (occ)     1         -27.728           6.005         -43.700         -31.051          -34.372
   12 (occ)     1         -27.728           6.003         -43.699         -31.050          -34.375
   13 (occ)     1         -27.727           6.096         -43.707         -31.056          -34.282
   14 (occ)     1         -27.727           6.101         -43.706         -31.054          -34.277
   15 (occ)     1         -27.715           6.249         -43.730         -31.062          -34.134
   16 (occ)     1         -27.714           6.254         -43.730         -31.062          -34.129
   17 (occ)     1          -3.795           0.714          -7.336          -5.699           -4.717
   18 (occ)     1          -2.642          -0.437          -6.094          -5.175           -3.998
   19 (vir)     1          -2.034          -1.223          -1.853          -4.421           -0.689
   20 (vir)     1          -1.453          -1.133          -2.193          -4.550           -0.229
   21 (vir)     1          -1.222          -1.303          -1.599          -4.253            0.129
   22 (vir)     1          -0.697          -1.585          -1.757          -4.522            0.482
   23 (vir)     1          -0.317          -1.866          -1.436          -4.206            0.586
   24 (vir)     1          -0.310          -1.903          -1.916          -4.762            0.632
   25 (vir)     1          -0.146          -1.733          -1.483          -4.291            0.930
   26 (vir)     1           0.628          -2.086          -0.992          -3.855            1.404
   27 (vir)     1           0.742          -2.262          -1.306          -4.332            1.505
   28 (vir)     1           1.094          -2.422          -1.239          -4.310            1.744
   29 (vir)     1           1.914           0.349          -1.588          -4.982            5.658
   30 (vir)     1           2.302          -1.878          -1.064          -4.397            3.756
   31 (vir)     1           2.375           0.143          -0.960          -4.150            5.708
   32 (vir)     1           2.474           0.888          -1.216          -4.589            6.734
   33 (vir)     1           2.796          -2.552          -1.224          -4.559            3.579
   34 (vir)     1           2.954          -1.874          -0.695          -4.007            4.391
   35 (vir)     1           3.246           0.419          -0.788          -4.201            7.078
   36 (vir)     1           3.445          -2.741          -0.654          -3.853            3.902
   37 (vir)     1           3.772           1.111          -1.083          -4.629            8.429
   38 (vir)     1           4.957           0.451          -0.818          -4.352            8.942
   39 (vir)     1           4.993           0.532          -0.864          -4.442            9.103
   40 (vir)     1           5.134           0.814          -0.853          -4.398            9.493
   41 (vir)     1           5.476           0.669          -1.622          -5.550           10.073
   42 (vir)     1           6.904           1.079          -2.006          -6.254           12.232
   43 (vir)     1           7.122           0.682          -1.256          -5.488           12.036
   44 (vir)     1           7.566           0.103          -1.514          -5.819           11.974
   45 (vir)     1           7.700          -0.165          -2.381          -6.903           12.058
   46 (vir)     1           8.320           0.313          -2.010          -6.644           13.267
   47 (vir)     1           8.777          -0.269          -2.341          -6.886           13.053
   48 (vir)     1           8.881           0.688          -1.084          -5.335           13.821
   49 (vir)     1           9.996           0.547          -1.514          -6.042           15.070
   50 (vir)     1          10.429           0.391          -1.539          -6.203           15.484
   51 (vir)     1          10.430          -0.025          -2.798          -7.943           15.550
   52 (vir)     1          13.219           0.218          -2.704          -8.317           19.050
   53 (vir)     1          15.080           0.491          -3.014          -8.940           21.497
   54 (vir)     1          15.906           0.313          -2.700          -8.398           21.918
   55 (vir)     1          16.403           0.414          -2.496          -8.259           22.580
   56 (vir)     1          18.733           0.497          -3.681         -10.031           25.580
   57 (vir)     1          79.074           0.011          -5.393         -15.135           88.827
   58 (vir)     1          79.120           0.009          -5.342         -15.039           88.825
   59 (vir)     1          81.113           0.036          -5.477         -15.567           91.238
   60 (vir)     1          81.600           0.039          -5.781         -16.045           91.902
   61 (vir)     1          86.735           0.369         -11.000         -28.050          104.153
   62 (vir)     1          88.007           0.379         -10.947         -28.062          105.501
   63 (vir)     1          88.386           0.385         -10.860         -27.955          105.866
   64 (vir)     1          88.551           0.367         -10.915         -28.033          106.036
   65 (vir)     1          89.328           0.408         -10.754         -27.870          106.851
   66 (vir)     1          89.893           0.407         -10.897         -28.122          107.525
   67 (vir)     1          92.098           0.418         -10.067         -26.683          109.133
   68 (vir)     1          92.332           0.396         -10.738         -28.026          110.016
   69 (vir)     1         101.802           0.489         -10.372         -28.198          120.116
   70 (vir)     1         104.413           0.490         -10.308         -28.263          122.858
   71 (vir)     1         109.964           0.522         -10.224         -28.529          128.790
   72 (vir)     1         115.877           0.520          -9.706         -27.782          134.472
 
