 
  kpoint:       1             coordinate:     0.0000    0.0000    0.0000                  spin:  1
 
    n           k   ϵ_nk^DFT (eV)     Σ^c_nk (eV)     Σ^x_nk (eV)    v_nk^xc (eV)   ϵ_nk^G0W0 (eV)
 
    1 (occ)     1         -21.210           5.696         -27.135         -17.113          -25.536
    2 (occ)     1         -11.291           1.188         -21.557         -15.738          -15.922
    3 (occ)     1         -11.290           1.188         -21.557         -15.738          -15.922
    4 (occ)     1          -6.136           1.546         -20.758         -15.281          -10.066
    5 (vir)     1          -0.284          -0.436          -1.050          -3.271            1.501
    6 (vir)     1           2.158          -0.403          -1.099          -3.328            3.983
    7 (vir)     1           2.158          -0.403          -1.099          -3.326            3.983
    8 (vir)     1           2.329          -0.115          -0.278          -1.520            3.456
    9 (vir)     1           2.368          -0.146          -0.296          -1.558            3.484
   10 (vir)     1           2.368          -0.145          -0.295          -1.558            3.484
   11 (vir)     1           3.139          -0.325          -0.679          -2.332            4.467
   12 (vir)     1           3.139          -0.325          -0.679          -2.332            4.467
   13 (vir)     1           3.624          -0.738          -1.794          -4.598            5.691
   14 (vir)     1           4.537          -0.186          -0.297          -1.737            5.791
   15 (vir)     1           4.723          -0.679          -1.742          -4.330            6.632
   16 (vir)     1           4.724          -0.679          -1.742          -4.330            6.633
   17 (vir)     1           6.802          -0.662          -1.514          -4.949            9.575
   18 (vir)     1           6.803          -0.662          -1.514          -4.949            9.575
   19 (vir)     1           8.056          -1.151          -3.115          -7.715           11.505
   20 (vir)     1           8.149          -0.688          -1.404          -4.902           10.958
   21 (vir)     1           8.149          -0.688          -1.404          -4.902           10.958
   22 (vir)     1          10.907          -0.663          -0.368          -3.686           13.562
   23 (vir)     1          12.478          -1.580          -2.405          -7.101           15.594
   24 (vir)     1          12.479          -1.579          -2.404          -7.100           15.596
   25 (vir)     1          15.909          -3.407          -4.356         -11.388           19.535
   26 (vir)     1          18.528          -2.153          -3.139          -8.937           22.174
   27 (vir)     1          20.247          -2.679          -2.368          -8.432           23.631
   28 (vir)     1          20.248          -2.681          -2.369          -8.432           23.630
   29 (vir)     1          33.522          -5.191          -2.238          -9.723           35.817
   30 (vir)     1          34.212          -4.045          -4.799         -13.186           38.554
   31 (vir)     1          34.212          -4.045          -4.799         -13.186           38.554
   32 (vir)     1          41.541           0.653          -2.372          -9.362           49.183
   33 (vir)     1          41.541           0.648          -2.372          -9.362           49.179
   34 (vir)     1          43.956          -3.698          -2.856         -10.448           47.851
   35 (vir)     1          44.239          -5.365          -2.544         -11.079           47.409
   36 (vir)     1          46.121          -6.337          -2.538         -11.236           48.482
   37 (vir)     1          46.121          -6.330          -2.537         -11.235           48.489
   38 (vir)     1          46.947          -4.879          -2.257         -10.589           50.399
   39 (vir)     1          47.105          -9.152          -3.013         -11.854           46.794
   40 (vir)     1          47.105          -9.151          -3.013         -11.855           46.796
   41 (vir)     1          49.733          -8.481          -3.122         -11.668           49.798
   42 (vir)     1          58.920           2.117          -2.869         -12.756           70.924
   43 (vir)     1          58.920           2.120          -2.870         -12.757           70.928
   44 (vir)     1          63.652          -8.191          -1.237          -9.068           63.293
   45 (vir)     1          63.934           2.669          -3.261         -14.615           77.958
   46 (vir)     1          68.419           2.171          -1.897         -11.224           79.916
   47 (vir)     1          68.419           2.174          -1.897         -11.224           79.919
   48 (vir)     1          76.708           2.883          -2.689         -13.987           90.889
   49 (vir)     1          76.710           2.877          -2.690         -13.987           90.884
   50 (vir)     1          85.056           4.051          -2.390         -14.550          101.267
   51 (vir)     1          85.056           4.047          -2.390         -14.551          101.264
   52 (vir)     1          85.317           2.708          -3.110         -16.028          100.942
   53 (vir)     1         113.330           4.039          -2.332         -14.350          129.387
   54 (vir)     1         151.062           2.647          -1.989         -16.374          168.094
   55 (vir)     1         151.063           2.648          -1.989         -16.374          168.095
   56 (vir)     1         157.059           2.086          -1.945         -15.732          172.932
 
