 
  kpoint:       1             coordinate:     0.0000    0.0000    0.0000                  spin:  1
 
    n           k   ϵ_nk^DFT (eV)     Σ^c_nk (eV)     Σ^x_nk (eV)    v_nk^xc (eV)   ϵ_nk^G0W0 (eV)
 
    1 (occ)     1         -21.278           7.283         -24.866         -15.672          -23.190
    2 (occ)     1         -11.844           1.193         -19.257         -14.058          -15.850
    3 (occ)     1          -8.008           1.234         -18.668         -13.688          -11.753
    4 (occ)     1          -8.008           1.235         -18.678         -13.688          -11.762
    5 (vir)     1          -1.082          -0.984          -3.065          -6.907            1.775
    6 (vir)     1           0.931          -0.694          -2.391          -5.565            3.410
    7 (vir)     1           2.240          -0.366          -0.908          -2.975            3.941
    8 (vir)     1           2.240          -0.384          -0.908          -2.975            3.923
    9 (vir)     1           2.826          -0.553          -0.817          -3.109            4.566
   10 (vir)     1           3.515          -0.723          -1.903          -5.421            6.311
   11 (vir)     1           3.515          -0.720          -1.907          -5.421            6.310
   12 (vir)     1           3.981          -0.651          -1.895          -5.360            6.795
   13 (vir)     1           3.981          -0.654          -1.894          -5.360            6.792
   14 (vir)     1           4.629          -0.724          -1.256          -4.010            6.659
   15 (vir)     1           7.058          -0.732          -1.311          -4.161            9.176
   16 (vir)     1           7.058          -0.724          -1.312          -4.161            9.184
   17 (vir)     1           8.466          -0.857          -0.559          -3.699           10.749
   18 (vir)     1           8.868          -1.003          -0.467          -3.547           10.946
   19 (vir)     1           8.868          -1.054          -0.472          -3.547           10.889
   20 (vir)     1           9.208          -0.664          -0.405          -3.456           11.595
   21 (vir)     1           9.208          -0.669          -0.407          -3.456           11.588
   22 (vir)     1           9.471          -0.708          -0.416          -3.457           11.804
   23 (vir)     1           9.471          -0.707          -0.412          -3.457           11.809
   24 (vir)     1           9.856          -1.625          -2.321          -7.011           12.922
   25 (vir)     1          10.161          -1.355          -2.314          -6.702           13.194
   26 (vir)     1          14.999          -3.639          -4.578         -12.567           19.348
   27 (vir)     1          14.999          -3.635          -4.605         -12.567           19.325
   28 (vir)     1          15.601          -3.784          -5.259         -13.489           20.047
   29 (vir)     1          15.601          -3.768          -5.244         -13.489           20.079
   30 (vir)     1          21.816          -6.592          -3.770         -12.551           24.005
   31 (vir)     1          29.476          -6.549          -2.516          -9.801           30.212
   32 (vir)     1          29.476          -6.526          -2.579          -9.801           30.172
   33 (vir)     1          30.046          -7.528          -2.233         -10.051           30.335
   34 (vir)     1          41.727          -8.372          -1.938         -10.395           41.813
   35 (vir)     1          41.727          -9.496          -1.905         -10.395           40.721
   36 (vir)     1          56.020           2.447          -2.201         -11.880           68.145
   37 (vir)     1         138.043           2.075          -1.842         -15.937          154.214
   38 (vir)     1         146.557           6.765          -1.041         -10.977          163.258
 
