 
  kpoint:       1             coordinate:     0.0000    0.0000    0.0000                  spin:  1
 
    n           k   ϵ_nk^DFT (eV)     Σ^c_nk (eV)     Σ^x_nk (eV)    v_nk^xc (eV)   ϵ_nk^G0W0 (eV)
 
    1 (occ)     1         -22.027           8.537         -24.790         -15.650          -22.630
    2 (occ)     1         -18.660           5.088         -23.831         -15.674          -21.729
    3 (occ)     1         -14.501           3.297         -21.081         -14.606          -17.679
    4 (occ)     1         -12.141           2.056         -19.564         -14.379          -15.271
    5 (occ)     1         -11.121           2.000         -20.013         -15.306          -13.827
    6 (occ)     1          -9.479           1.291         -18.626         -14.403          -12.411
    7 (occ)     1          -9.043           1.908         -17.905         -13.346          -11.694
    8 (occ)     1          -7.513           1.698         -18.755         -14.121          -10.449
    9 (occ)     1          -6.413           0.610         -16.823         -13.489           -9.136
   10 (vir)     1          -1.420          -2.244          -6.286         -11.671            1.721
   11 (vir)     1          -0.380          -1.935          -4.952          -9.780            2.513
   12 (vir)     1          -0.099          -1.003          -1.733          -4.469            1.633
   13 (vir)     1           0.300          -0.724          -0.929          -3.036            1.683
   14 (vir)     1           0.568          -0.656          -0.769          -2.776            1.919
   15 (vir)     1           0.887          -0.507          -0.541          -2.114            1.953
   16 (vir)     1           1.436          -0.427          -0.425          -1.928            2.513
   17 (vir)     1           1.678          -0.607          -0.812          -2.621            2.880
   18 (vir)     1           1.763          -0.489          -0.550          -2.029            2.753
   19 (vir)     1           1.874          -0.651          -1.037          -3.051            3.237
   20 (vir)     1           1.912          -0.453          -0.450          -1.986            2.994
   21 (vir)     1           3.012          -0.900          -1.506          -4.104            4.710
   22 (vir)     1           3.293          -1.014          -1.547          -4.586            5.318
   23 (vir)     1           3.387          -0.948          -1.555          -4.163            5.047
   24 (vir)     1           4.005          -0.973          -1.296          -3.971            5.706
   25 (vir)     1           4.144          -0.950          -1.452          -4.348            6.091
   26 (vir)     1           4.470          -1.010          -1.086          -3.803            6.177
   27 (vir)     1           4.589          -0.971          -1.562          -4.435            6.490
   28 (vir)     1           4.890          -0.873          -1.117          -3.648            6.547
   29 (vir)     1           5.205          -1.033          -1.524          -4.357            7.004
   30 (vir)     1           5.559          -1.356          -1.916          -5.448            7.735
   31 (vir)     1           5.613          -1.290          -1.579          -4.718            7.462
   32 (vir)     1           5.679          -1.052          -1.152          -4.075            7.550
   33 (vir)     1           5.921          -1.403          -1.911          -5.454            8.062
   34 (vir)     1           6.329          -1.177          -1.462          -4.646            8.336
   35 (vir)     1           6.374          -1.247          -1.349          -4.603            8.381
   36 (vir)     1           6.750          -1.362          -1.441          -4.654            8.600
   37 (vir)     1           7.829          -1.408          -1.135          -4.257            9.543
   38 (vir)     1           7.912          -1.440          -1.460          -4.764            9.777
   39 (vir)     1           7.920          -1.835          -1.392          -5.272            9.966
   40 (vir)     1           8.100          -1.703          -1.237          -4.819            9.979
   41 (vir)     1           8.704          -1.449          -1.444          -4.901           10.712
   42 (vir)     1           9.401          -1.826          -1.395          -5.058           11.238
   43 (vir)     1           9.920          -2.090          -1.330          -5.048           11.548
   44 (vir)     1          10.066          -1.538          -1.192          -4.898           12.234
   45 (vir)     1          10.198          -1.589          -0.708          -4.087           11.988
   46 (vir)     1          10.715          -0.532          -0.546          -3.841           13.479
   47 (vir)     1          10.827          -1.646          -1.590          -5.658           13.249
   48 (vir)     1          12.002          -1.915          -1.553          -5.847           14.381
   49 (vir)     1          12.026          -1.792          -1.262          -5.369           14.342
   50 (vir)     1          12.246          -2.164          -1.592          -6.020           14.510
   51 (vir)     1          12.528          -2.038          -1.777          -6.376           15.089
   52 (vir)     1          12.895          -2.077          -1.720          -6.103           15.202
   53 (vir)     1          13.808          -2.739          -2.056          -6.976           15.990
   54 (vir)     1          13.921          -3.116          -2.774          -8.497           16.527
   55 (vir)     1          14.610          -2.286          -1.650          -6.170           16.844
   56 (vir)     1          14.992          -3.520          -2.728          -8.816           17.561
   57 (vir)     1          15.127          -4.404          -3.362         -10.695           18.057
   58 (vir)     1          15.731          -4.041          -3.374         -10.220           18.536
   59 (vir)     1          16.360          -3.451          -2.422          -8.462           18.949
   60 (vir)     1          16.772          -1.522          -1.318          -5.960           19.892
   61 (vir)     1          17.460          -4.239          -3.191         -10.292           20.322
   62 (vir)     1          18.384          -3.572          -2.284          -8.264           20.792
   63 (vir)     1          19.099          -3.763          -1.377          -6.560           20.519
   64 (vir)     1          19.226          -5.045          -2.835         -10.333           21.679
   65 (vir)     1          19.770          -4.808          -2.698          -9.555           21.819
   66 (vir)     1          20.968          -3.577          -1.208          -6.429           22.613
   67 (vir)     1          21.256          -3.438          -1.169          -6.366           23.015
   68 (vir)     1          21.813          -4.875          -1.357          -7.425           23.006
   69 (vir)     1          23.644          -4.767          -1.729          -8.126           25.275
   70 (vir)     1          24.658          -4.162          -1.415          -6.810           25.890
   71 (vir)     1          26.067          -5.207          -1.753          -7.881           26.989
   72 (vir)     1          26.208          -6.534          -1.270          -7.243           25.646
   73 (vir)     1          26.961          -5.497          -1.521          -7.688           27.631
   74 (vir)     1          27.357          -4.238          -1.634          -7.595           29.079
   75 (vir)     1          29.421          -6.484          -1.854          -8.097           29.180
   76 (vir)     1          31.060          -4.668          -0.882          -5.788           31.299
   77 (vir)     1          31.343          -2.434          -3.525         -11.718           37.101
   78 (vir)     1          32.676           0.963          -2.705         -10.655           41.589
   79 (vir)     1          32.884          -7.860          -2.250         -10.115           32.889
   80 (vir)     1          34.436          -7.998          -1.970          -9.633           34.101
   81 (vir)     1          36.384           2.576          -2.233          -9.973           46.700
   82 (vir)     1          36.668          -9.085          -2.412         -10.893           36.064
   83 (vir)     1          39.180         -10.490          -2.364         -11.877           38.204
   84 (vir)     1          39.466          -9.552          -2.319          -9.910           37.505
   85 (vir)     1          39.587         -10.302          -2.134         -10.937           38.089
   86 (vir)     1          42.112         -12.561          -2.211         -10.682           38.022
   87 (vir)     1          43.716           2.779          -1.540          -8.664           53.620
   88 (vir)     1          44.396         -11.352          -2.417         -12.755           43.381
   89 (vir)     1          45.965           4.248          -2.235         -10.917           58.895
   90 (vir)     1          46.884         -12.134          -2.142         -10.090           42.698
   91 (vir)     1          51.992           3.399          -2.523         -12.435           65.303
   92 (vir)     1          56.020           4.810          -2.132         -12.204           70.903
   93 (vir)     1          58.572           5.743          -2.812         -13.530           75.033
   94 (vir)     1          59.728           2.930          -1.946         -12.268           72.981
   95 (vir)     1          61.991           4.269          -2.185         -13.592           77.668
   96 (vir)     1          63.168           4.035          -2.175         -13.002           78.030
   97 (vir)     1          63.251           5.065          -2.256         -13.204           79.264
   98 (vir)     1          64.419           7.140          -2.767         -13.919           82.711
   99 (vir)     1          68.088           3.525          -2.345         -13.347           82.615
  100 (vir)     1          70.290           3.678          -1.886         -13.366           85.449
  101 (vir)     1          72.144           5.847          -2.229         -13.161           88.923
  102 (vir)     1          72.166           5.808          -2.256         -13.250           88.969
  103 (vir)     1          74.678           3.341          -1.783         -13.592           89.828
  104 (vir)     1          79.390           4.990          -2.243         -13.789           95.925
  105 (vir)     1          84.270           3.251          -2.443         -14.092           99.169
  106 (vir)     1          87.556           3.415          -2.283         -14.317          103.005
  107 (vir)     1          97.779           1.874          -2.221         -15.383          112.815
  108 (vir)     1         111.719           3.228          -2.275         -15.082          127.754
  109 (vir)     1         147.895           2.571          -0.389         -11.081          161.158
  110 (vir)     1         155.814           4.124          -1.551         -16.176          174.563
  111 (vir)     1         162.741           2.432          -1.586         -15.867          179.454
  112 (vir)     1         164.175           3.669          -1.416         -15.817          182.244
  113 (vir)     1         219.896           0.740          -1.819         -12.905          231.722
  114 (vir)     1         241.728           0.845          -1.622         -13.432          254.383
 
