 
  kpoint:       1             coordinate:     0.0000    0.0000    0.0000                  spin:  1
 
    n           k   ϵ_nk^DFT (eV)     Σ^c_nk (eV)     Σ^x_nk (eV)    v_nk^xc (eV)   ϵ_nk^G0W0 (eV)
 
    1 (occ)     1         -21.210           6.328         -27.984         -17.113          -25.753
    2 (occ)     1         -11.291           1.350         -21.487         -15.738          -15.691
    3 (occ)     1         -11.290           1.447         -21.636         -15.738          -15.741
    4 (occ)     1          -6.136           1.793         -20.896         -15.281           -9.958
    5 (vir)     1          -0.284          -0.501          -1.070          -3.271            1.416
    6 (vir)     1           2.158          -0.420          -1.051          -3.328            4.016
    7 (vir)     1           2.158          -0.433          -1.077          -3.326            3.974
    8 (vir)     1           2.329          -0.109          -0.263          -1.520            3.476
    9 (vir)     1           2.368          -0.173          -0.295          -1.558            3.458
   10 (vir)     1           2.368          -0.172          -0.286          -1.558            3.468
   11 (vir)     1           3.139          -0.342          -0.652          -2.332            4.476
   12 (vir)     1           3.139          -0.294          -0.612          -2.332            4.564
   13 (vir)     1           3.624          -0.850          -1.809          -4.598            5.563
   14 (vir)     1           4.537          -0.174          -0.271          -1.737            5.828
   15 (vir)     1           4.723          -0.737          -1.699          -4.330            6.617
   16 (vir)     1           4.724          -0.754          -1.747          -4.330            6.553
   17 (vir)     1           6.802          -0.779          -1.482          -4.949            9.491
   18 (vir)     1           6.803          -0.770          -1.488          -4.949            9.493
   19 (vir)     1           8.056          -1.248          -2.964          -7.715           11.559
   20 (vir)     1           8.149          -0.763          -1.325          -4.902           10.963
   21 (vir)     1           8.149          -0.705          -1.336          -4.902           11.009
   22 (vir)     1          10.907          -0.949          -0.392          -3.686           13.252
   23 (vir)     1          12.478          -1.695          -2.242          -7.101           15.641
   24 (vir)     1          12.479          -1.721          -2.308          -7.100           15.550
   25 (vir)     1          15.909          -3.890          -4.291         -11.388           19.116
   26 (vir)     1          18.528          -2.445          -2.951          -8.937           22.070
   27 (vir)     1          20.247          -3.244          -2.087          -8.432           23.348
   28 (vir)     1          20.248          -3.172          -2.149          -8.432           23.358
   29 (vir)     1          33.522          -5.737          -2.205          -9.723           35.304
   30 (vir)     1          34.212          -4.421          -4.610         -13.186           38.367
   31 (vir)     1          34.212          -4.116          -4.439         -13.186           38.843
   32 (vir)     1          41.541           1.795          -2.187          -9.362           50.511
   33 (vir)     1          41.541           1.056          -2.310          -9.362           49.649
   34 (vir)     1          43.956          -3.976          -2.541         -10.448           47.888
   35 (vir)     1          44.239          -5.543          -2.326         -11.079           47.449
   36 (vir)     1          46.121          -5.874          -2.326         -11.236           49.156
   37 (vir)     1          46.121          -6.577          -2.370         -11.235           48.410
   38 (vir)     1          46.947          -4.360          -1.919         -10.589           51.256
   39 (vir)     1          47.105          -8.454          -2.963         -11.854           47.542
   40 (vir)     1          47.105          -8.426          -2.745         -11.855           47.789
   41 (vir)     1          49.733          -7.971          -2.971         -11.668           50.459
   42 (vir)     1          58.920          -9.515          -2.735         -12.756           59.426
   43 (vir)     1          58.920           4.369          -2.873         -12.757           73.174
   44 (vir)     1          63.652          -9.192          -0.982          -9.068           62.546
   45 (vir)     1          63.934           4.361          -2.735         -14.615           80.176
   46 (vir)     1          68.419           3.124          -1.665         -11.224           81.102
   47 (vir)     1          68.419           2.758          -1.721         -11.224           80.680
   48 (vir)     1          76.708           2.261          -1.930         -13.987           91.027
   49 (vir)     1          76.710           5.705          -2.361         -13.987           94.041
   50 (vir)     1          85.056           5.979          -2.210         -14.550          103.375
   51 (vir)     1          85.056           3.162          -1.796         -14.551          100.973
   52 (vir)     1          85.317           3.028          -2.076         -16.028          102.297
   53 (vir)     1         113.330           1.699          -1.324         -14.350          128.055
   54 (vir)     1         151.062           3.373          -1.785         -16.374          169.023
   55 (vir)     1         151.063           4.539          -1.789         -16.374          170.187
   56 (vir)     1         157.059           2.028          -1.429         -15.732          173.391
 
