 
  kpoint:       1             coordinate:     0.0000    0.0000    0.0000                  spin:  1
 
    n           k   ϵ_nk^DFT (eV)     Σ^c_nk (eV)     Σ^x_nk (eV)    v_nk^xc (eV)   ϵ_nk^G0W0 (eV)
 
    1 (occ)     1         -26.014           9.437         -30.090         -18.538          -28.129
    2 (occ)     1         -24.346           8.415         -28.816         -18.014          -26.734
    3 (occ)     1         -23.722           7.838         -28.187         -17.779          -26.292
    4 (occ)     1         -21.818           7.155         -27.619         -17.811          -24.470
    5 (occ)     1         -19.523           6.175         -25.229         -16.298          -22.279
    6 (occ)     1         -16.607           4.191         -23.761         -16.362          -19.815
    7 (occ)     1         -16.236           4.189         -24.051         -16.903          -19.195
    8 (occ)     1         -14.124           3.036         -22.258         -16.039          -17.307
    9 (occ)     1         -14.081           3.050         -22.650         -16.525          -17.156
   10 (occ)     1         -13.111           2.805         -22.860         -16.963          -16.203
   11 (occ)     1         -12.319           2.559         -22.265         -16.531          -15.494
   12 (occ)     1         -11.175           2.978         -19.892         -14.485          -13.604
   13 (occ)     1         -11.003           2.271         -21.108         -15.699          -14.140
   14 (occ)     1         -10.622           1.984         -21.352         -16.183          -13.808
   15 (occ)     1          -9.691           3.784         -25.778         -19.103          -12.582
   16 (occ)     1          -9.400           2.129         -19.885         -15.097          -12.060
   17 (occ)     1          -8.566           1.970         -19.626         -15.255          -10.968
   18 (occ)     1          -6.326           2.475         -21.437         -16.518           -8.769
   19 (occ)     1          -6.280           1.680         -20.036         -16.054           -8.581
   20 (occ)     1          -5.778           3.228         -24.740         -18.938           -8.353
   21 (occ)     1          -5.709           0.987         -19.654         -16.391           -7.985
   22 (vir)     1          -2.047          -2.340          -9.038         -14.026            0.602
   23 (vir)     1          -0.836          -1.456          -3.740          -7.163            1.131
   24 (vir)     1          -0.748          -1.961          -6.073         -10.344            1.562
   25 (vir)     1          -0.560          -1.015          -1.812          -4.416            1.029
   26 (vir)     1           0.010          -0.847          -1.313          -3.583            1.433
   27 (vir)     1           0.459          -0.620          -0.771          -2.500            1.568
   28 (vir)     1           0.508          -0.842          -1.331          -3.610            1.946
   29 (vir)     1           0.621          -0.781          -0.901          -3.012            1.951
   30 (vir)     1           1.089          -0.720          -1.156          -3.129            2.342
   31 (vir)     1           1.121          -0.751          -1.147          -3.200            2.423
   32 (vir)     1           1.505          -0.488          -0.629          -2.133            2.520
   33 (vir)     1           1.586          -0.712          -0.939          -2.965            2.900
   34 (vir)     1           1.747          -0.672          -1.045          -3.009            3.039
   35 (vir)     1           2.115          -2.426          -4.185          -8.506            4.010
   36 (vir)     1           2.223          -1.244          -1.910          -4.651            3.720
   37 (vir)     1           2.377          -0.681          -0.918          -2.780            3.558
   38 (vir)     1           2.416          -0.729          -1.042          -2.946            3.592
   39 (vir)     1           2.468          -0.960          -1.524          -3.812            3.795
   40 (vir)     1           2.568          -0.784          -0.986          -2.915            3.713
   41 (vir)     1           2.815          -0.555          -0.667          -2.337            3.930
   42 (vir)     1           3.061          -1.061          -1.638          -4.201            4.563
   43 (vir)     1           3.108          -0.908          -1.169          -3.269            4.301
   44 (vir)     1           3.167          -0.989          -1.640          -4.001            4.539
   45 (vir)     1           3.422          -1.098          -1.821          -4.458            4.961
   46 (vir)     1           3.643          -1.194          -1.990          -4.743            5.202
   47 (vir)     1           3.810          -1.073          -1.792          -4.376            5.322
   48 (vir)     1           3.940          -1.292          -2.100          -5.047            5.595
   49 (vir)     1           4.213          -0.665          -0.837          -2.725            5.436
   50 (vir)     1           4.398          -0.879          -1.244          -3.509            5.784
   51 (vir)     1           4.427          -0.688          -0.699          -2.598            5.639
   52 (vir)     1           4.493          -1.184          -1.876          -4.714            6.147
   53 (vir)     1           4.885          -1.495          -2.532          -5.788            6.647
   54 (vir)     1           5.108          -1.265          -1.875          -4.879            6.847
   55 (vir)     1           5.336          -0.885          -0.876          -3.217            6.793
   56 (vir)     1           5.634          -1.227          -1.560          -4.422            7.270
   57 (vir)     1           5.714          -1.473          -2.433          -5.731            7.539
   58 (vir)     1           5.752          -1.207          -1.489          -4.343            7.399
   59 (vir)     1           5.769          -1.861          -2.903          -6.893            7.898
   60 (vir)     1           6.454          -1.498          -1.721          -5.013            8.248
   61 (vir)     1           6.605          -1.313          -1.787          -4.904            8.409
   62 (vir)     1           6.665          -1.434          -2.407          -5.714            8.537
   63 (vir)     1           6.719          -1.362          -1.720          -4.912            8.549
   64 (vir)     1           6.923          -2.590          -4.107          -9.089            9.316
   65 (vir)     1           7.102          -1.354          -1.438          -4.601            8.911
   66 (vir)     1           7.409          -1.948          -3.402          -7.613            9.672
   67 (vir)     1           7.615          -2.132          -3.302          -7.696            9.877
   68 (vir)     1           7.730          -2.174          -3.403          -7.852           10.006
   69 (vir)     1           8.217          -1.691          -1.678          -5.202           10.051
   70 (vir)     1           8.291          -1.596          -1.892          -5.267           10.069
   71 (vir)     1           8.614          -2.558          -3.792          -8.795           11.059
   72 (vir)     1           8.770          -1.936          -1.439          -5.179           10.574
   73 (vir)     1           8.954          -1.710          -2.241          -6.014           11.017
   74 (vir)     1           9.486          -2.447          -2.944          -7.557           11.653
   75 (vir)     1           9.982          -1.397          -1.516          -4.814           11.882
   76 (vir)     1          10.026          -1.704          -1.948          -5.697           12.071
   77 (vir)     1          10.459          -2.673          -3.355          -8.400           12.831
   78 (vir)     1          10.757          -1.871          -1.976          -5.919           12.829
   79 (vir)     1          11.061          -1.981          -1.634          -5.560           13.006
   80 (vir)     1          11.317          -2.610          -3.128          -8.128           13.707
   81 (vir)     1          11.774          -2.144          -2.071          -6.460           14.018
   82 (vir)     1          11.840          -2.141          -2.333          -6.807           14.173
   83 (vir)     1          11.904          -2.163          -2.302          -6.735           14.175
   84 (vir)     1          12.422          -2.831          -3.110          -8.367           14.848
   85 (vir)     1          12.612          -2.129          -1.964          -6.440           14.960
   86 (vir)     1          12.872          -3.162          -3.490          -9.195           15.416
   87 (vir)     1          13.638          -2.840          -2.689          -7.834           15.943
   88 (vir)     1          13.871          -2.965          -2.172          -7.308           16.042
   89 (vir)     1          13.960          -2.291          -1.873          -6.436           16.231
   90 (vir)     1          14.225          -3.733          -3.908         -10.362           16.946
   91 (vir)     1          14.390          -2.608          -2.158          -7.041           16.666
   92 (vir)     1          14.620          -2.784          -2.221          -7.290           16.905
   93 (vir)     1          14.932          -4.432          -3.961         -11.090           17.628
   94 (vir)     1          15.058          -3.209          -1.980          -7.208           17.076
   95 (vir)     1          15.214          -2.697          -2.199          -7.190           17.508
   96 (vir)     1          15.321          -3.150          -1.929          -7.113           17.355
   97 (vir)     1          15.925          -4.655          -4.381         -11.884           18.774
   98 (vir)     1          16.468          -2.780          -2.270          -7.443           18.861
   99 (vir)     1          16.803          -2.653          -2.076          -7.194           19.268
  100 (vir)     1          17.024          -3.398          -2.703          -8.700           19.623
  101 (vir)     1          17.079          -3.044          -2.434          -8.008           19.609
  102 (vir)     1          17.780          -2.497          -1.927          -6.797           20.153
  103 (vir)     1          18.244          -3.020          -2.019          -7.320           20.526
  104 (vir)     1          18.631          -3.052          -2.631          -8.272           21.220
  105 (vir)     1          19.004          -3.043          -2.177          -7.614           21.397
  106 (vir)     1          19.359          -3.563          -2.295          -8.231           21.732
  107 (vir)     1          19.631          -2.975          -2.271          -7.805           22.190
  108 (vir)     1          19.819          -3.262          -2.436          -8.291           22.412
  109 (vir)     1          19.876          -3.191          -2.026          -7.512           22.171
  110 (vir)     1          20.416          -3.543          -2.688          -8.898           23.083
  111 (vir)     1          20.993          -3.218          -1.973          -7.692           23.494
  112 (vir)     1          21.817          -3.849          -1.972          -7.899           23.895
  113 (vir)     1          22.258          -2.838          -1.277          -6.479           24.623
  114 (vir)     1          22.723          -3.932          -2.517          -8.864           25.138
  115 (vir)     1          23.240          -4.206          -2.673          -9.403           25.764
  116 (vir)     1          23.364          -3.736          -1.765          -7.599           25.462
  117 (vir)     1          23.490          -3.723          -2.418          -8.681           26.030
  118 (vir)     1          24.037          -4.075          -2.739          -9.411           26.634
  119 (vir)     1          24.353          -3.674          -2.623          -8.904           26.959
  120 (vir)     1          24.534          -3.728          -1.936          -7.932           26.801
  121 (vir)     1          24.592          -3.155          -1.878          -7.368           26.927
  122 (vir)     1          24.965          -4.070          -1.943          -8.113           27.065
  123 (vir)     1          25.682          -4.060          -2.390          -8.831           28.062
  124 (vir)     1          25.787          -3.435          -2.532          -8.581           28.401
  125 (vir)     1          26.241          -4.385          -2.705          -9.240           28.391
  126 (vir)     1          26.420          -4.115          -2.575          -9.223           28.954
  127 (vir)     1          27.349          -3.643          -2.037          -8.028           29.697
  128 (vir)     1          27.973           1.183          -2.645          -9.168           35.680
  129 (vir)     1          28.468          -3.664          -2.068          -8.064           30.801
  130 (vir)     1          29.682          -5.008          -2.290          -8.901           31.285
  131 (vir)     1          29.918          -6.172          -2.727          -9.953           30.972
  132 (vir)     1          30.561          -5.851          -2.815          -9.777           31.672
  133 (vir)     1          31.286          -4.779          -2.094          -8.922           33.334
  134 (vir)     1          31.718          -6.685          -2.473          -9.552           32.113
  135 (vir)     1          32.217          -4.842          -2.404          -9.100           34.071
  136 (vir)     1          34.009          -6.945          -3.222         -11.246           35.088
  137 (vir)     1          34.133          -6.766          -2.966         -10.996           35.397
  138 (vir)     1          34.514          -5.941          -2.932         -10.445           36.086
  139 (vir)     1          35.128          -6.381          -2.623         -10.322           36.445
  140 (vir)     1          35.794          -5.702          -2.196          -9.440           37.336
  141 (vir)     1          36.565          -6.714          -3.313         -11.717           38.255
  142 (vir)     1          37.289          -7.231          -3.671         -12.112           38.499
  143 (vir)     1          37.515          -6.489          -3.386         -11.320           38.959
  144 (vir)     1          38.194          -6.726          -3.111         -10.952           39.309
  145 (vir)     1          40.502          -7.791          -2.845         -10.920           40.786
  146 (vir)     1          40.816          -8.184          -2.793         -11.442           41.281
  147 (vir)     1          41.186          -8.404          -3.185         -11.690           41.286
  148 (vir)     1          42.005          -7.749          -2.643         -10.724           42.337
  149 (vir)     1          43.375          -8.786          -3.357         -12.190           43.423
  150 (vir)     1          43.566          -9.046          -3.471         -12.456           43.505
  151 (vir)     1          43.885          -8.691          -3.010         -11.569           43.752
  152 (vir)     1          44.442           5.216          -3.450         -12.208           58.415
  153 (vir)     1          45.170          -9.131          -3.438         -12.388           44.988
  154 (vir)     1          45.294         -10.779          -3.627         -13.247           44.134
  155 (vir)     1          45.665          -9.244          -3.374         -12.516           45.562
  156 (vir)     1          46.247         -10.247          -3.140         -12.300           45.160
  157 (vir)     1          46.873         -10.615          -3.434         -12.833           45.657
  158 (vir)     1          47.414         -11.054          -2.967         -12.511           45.904
  159 (vir)     1          48.544         -10.865          -3.193         -12.715           47.200
  160 (vir)     1          49.037         -10.862          -3.350         -12.728           47.552
  161 (vir)     1          49.591         -11.343          -3.069         -12.549           47.728
  162 (vir)     1          50.315          -9.231          -2.957         -12.362           50.489
  163 (vir)     1          51.749         -11.170          -3.666         -13.714           50.626
  164 (vir)     1          51.973          -7.830          -3.532         -13.202           53.813
  165 (vir)     1          52.238         -11.371          -3.028         -12.423           50.262
  166 (vir)     1          52.555          -8.800          -3.288         -12.921           53.389
  167 (vir)     1          53.150         -10.013          -2.999         -12.556           52.693
  168 (vir)     1          53.505           5.557          -3.286         -13.324           69.101
  169 (vir)     1          53.726           6.460          -3.234         -13.272           70.225
  170 (vir)     1          54.601          -8.915          -3.111         -13.071           55.647
  171 (vir)     1          55.107          -8.730          -3.094         -12.961           56.244
  172 (vir)     1          55.649         -10.694          -3.235         -13.240           54.959
  173 (vir)     1          55.799          -9.050          -3.261         -13.568           57.056
  174 (vir)     1          56.458          -4.644          -3.326         -13.610           62.099
  175 (vir)     1          57.710           4.516          -3.063         -12.761           71.924
  176 (vir)     1          58.016           4.800          -2.903         -12.756           72.670
  177 (vir)     1          58.373         -10.504          -2.820         -12.867           57.915
  178 (vir)     1          58.472         -12.399          -3.022         -12.937           55.987
  179 (vir)     1          58.862           4.381          -3.256         -13.808           73.795
  180 (vir)     1          59.627         -10.587          -3.151         -13.402           59.291
  181 (vir)     1          59.911         -10.359          -2.997         -13.304           59.859
  182 (vir)     1          60.533          -8.416          -3.576         -13.998           62.539
  183 (vir)     1          61.024           4.427          -3.039         -13.747           76.159
  184 (vir)     1          61.661           4.651          -2.907         -13.465           76.871
  185 (vir)     1          61.858           5.338          -2.852         -13.520           77.863
  186 (vir)     1          62.813           5.007          -3.217         -13.878           78.481
  187 (vir)     1          63.148           5.081          -2.706         -13.121           78.644
  188 (vir)     1          63.738           4.908          -2.824         -13.362           79.183
  189 (vir)     1          64.765           5.141          -2.979         -13.533           80.460
  190 (vir)     1          65.154           4.488          -2.976         -14.026           80.693
  191 (vir)     1          66.233           4.121          -2.964         -13.820           81.210
  192 (vir)     1          66.459           3.974          -2.796         -13.982           81.619
  193 (vir)     1          66.874           3.405          -2.943         -13.845           81.182
  194 (vir)     1          67.537           4.844          -2.795         -13.694           83.280
  195 (vir)     1          68.113           4.446          -2.643         -13.626           83.543
  196 (vir)     1          69.143           4.604          -2.779         -13.730           84.698
  197 (vir)     1          69.904           4.568          -2.560         -13.775           85.688
  198 (vir)     1          70.527           4.612          -2.231         -13.215           86.122
  199 (vir)     1          70.641           4.679          -2.571         -13.629           86.378
  200 (vir)     1          71.251           4.283          -2.600         -13.685           86.619
  201 (vir)     1          71.347           4.641          -2.839         -14.136           87.286
  202 (vir)     1          72.347           4.654          -2.787         -13.977           88.191
  203 (vir)     1          73.101           4.446          -2.858         -14.055           88.745
  204 (vir)     1          74.085           5.021          -2.688         -14.147           90.565
  205 (vir)     1          74.778           4.608          -2.182         -13.548           90.753
  206 (vir)     1          75.977           4.465          -2.503         -13.815           91.754
  207 (vir)     1          76.692           4.631          -2.783         -14.235           92.775
  208 (vir)     1          77.275           5.294          -2.427         -14.136           94.278
  209 (vir)     1          77.599           4.813          -3.016         -14.942           94.338
  210 (vir)     1          78.123           4.509          -2.689         -14.554           94.497
  211 (vir)     1          78.450           4.327          -2.569         -14.248           94.456
  212 (vir)     1          80.042           4.471          -2.712         -14.597           96.398
  213 (vir)     1          81.071           3.598          -2.551         -14.055           96.172
  214 (vir)     1          81.537           3.858          -2.538         -13.967           96.825
  215 (vir)     1          81.886           4.484          -3.169         -15.506           98.707
  216 (vir)     1          82.132           4.754          -2.808         -15.309           99.387
  217 (vir)     1          82.888           3.891          -2.727         -15.071           99.124
  218 (vir)     1          83.118           4.013          -2.738         -14.892           99.285
  219 (vir)     1          83.289           4.173          -2.703         -14.707           99.467
  220 (vir)     1          85.391           4.219          -2.298         -13.831          101.143
  221 (vir)     1          86.034           4.255          -2.604         -14.597          102.282
  222 (vir)     1          86.408           4.668          -2.647         -15.285          103.715
  223 (vir)     1          87.366           4.501          -2.510         -14.947          104.304
  224 (vir)     1          87.851           3.986          -2.305         -13.823          103.355
  225 (vir)     1          88.056           3.967          -2.424         -15.147          104.746
  226 (vir)     1          88.903           4.160          -2.625         -15.129          105.567
  227 (vir)     1          89.547           3.712          -2.554         -15.180          105.885
  228 (vir)     1          90.564           4.138          -2.602         -14.989          107.089
  229 (vir)     1          92.140           3.952          -2.609         -15.084          108.568
  230 (vir)     1          92.854           3.006          -2.401         -14.559          108.017
  231 (vir)     1          93.231           3.753          -2.799         -15.768          109.952
  232 (vir)     1          93.520           3.184          -2.576         -15.403          109.531
  233 (vir)     1          94.328           3.468          -2.344         -14.268          109.721
  234 (vir)     1          96.383           3.149          -2.364         -14.563          111.732
  235 (vir)     1          98.424           3.498          -2.682         -15.588          114.828
  236 (vir)     1          98.988           3.070          -2.213         -14.169          114.014
  237 (vir)     1         100.704           3.334          -2.455         -15.163          116.746
  238 (vir)     1         103.720           3.879          -2.557         -15.680          120.723
  239 (vir)     1         108.323           3.128          -2.527         -15.823          124.746
  240 (vir)     1         109.665           2.991          -2.673         -16.094          126.078
  241 (vir)     1         113.133           2.570          -2.252         -15.121          128.572
  242 (vir)     1         113.597           2.753          -2.435         -15.697          129.612
  243 (vir)     1         120.176           2.692          -2.695         -16.830          137.001
  244 (vir)     1         122.303           2.472          -2.336         -15.882          138.321
  245 (vir)     1         124.879           2.680          -2.418         -16.663          141.805
  246 (vir)     1         128.928           2.708          -2.517         -16.964          146.083
  247 (vir)     1         131.149           2.853          -2.583         -17.634          149.052
  248 (vir)     1         131.344           4.664          -2.927         -19.283          152.365
  249 (vir)     1         134.686           3.604          -3.167         -19.601          154.724
  250 (vir)     1         137.959           2.791          -2.597         -17.692          155.846
  251 (vir)     1         139.290           4.700          -2.899         -18.601          159.693
  252 (vir)     1         140.678           2.782          -2.414         -17.216          158.263
  253 (vir)     1         152.386           2.863          -1.795         -15.949          169.403
  254 (vir)     1         160.861           2.777          -1.626         -15.529          177.540
  255 (vir)     1         162.808           2.836          -1.588         -15.579          179.635
  256 (vir)     1         164.702           2.600          -1.594         -15.716          181.425
  257 (vir)     1         165.796           2.092          -1.496         -14.999          181.392
  258 (vir)     1         180.198           1.290          -4.865         -23.167          199.790
  259 (vir)     1         181.363           1.216          -4.713         -23.055          200.921
  260 (vir)     1         184.971           1.598          -4.503         -22.998          205.064
  261 (vir)     1         187.536           1.634          -4.361         -22.994          207.803
  262 (vir)     1         193.788           1.556          -4.579         -23.048          213.813
  263 (vir)     1         208.336           5.178          -1.432         -15.848          227.930
  264 (vir)     1         227.156           5.643          -1.813         -17.824          248.811
  265 (vir)     1         233.449           4.969          -1.516         -16.421          253.322
  266 (vir)     1         235.141           5.082          -1.495         -16.469          255.197
  267 (vir)     1         239.188           5.520          -1.338         -16.017          259.386
  268 (vir)     1         240.116           1.041          -3.426         -21.680          259.411
  269 (vir)     1         240.561           1.013          -3.351         -21.247          259.470
  270 (vir)     1         240.946           4.339          -1.383         -15.502          259.404
  271 (vir)     1         241.849           1.363          -2.987         -20.201          260.426
  272 (vir)     1         242.785           4.399          -1.261         -15.514          261.437
  273 (vir)     1         244.206           0.866          -3.033         -20.442          262.481
  274 (vir)     1         244.804           0.728          -3.690         -22.197          264.040
  275 (vir)     1         246.871           0.785          -3.593         -22.307          266.370
  276 (vir)     1         249.816           1.753          -2.848         -20.202          268.924
  277 (vir)     1         266.581           4.323          -1.824         -18.538          287.618
 
