 
  kpoint:       1             coordinate:     0.0000    0.0000    0.0000                  spin:  1
 
    n           k   ϵ_nk^DFT (eV)     Σ^c_nk (eV)     Σ^x_nk (eV)    v_nk^xc (eV)   ϵ_nk^G0W0 (eV)
 
    1 (occ)     1         -30.831          10.184         -36.878         -23.003          -34.521
    2 (occ)     1         -19.143           6.186         -25.397         -16.225          -22.129
    3 (occ)     1         -15.064           4.086         -25.004         -17.372          -18.610
    4 (occ)     1         -13.078           3.252         -24.281         -17.580          -16.527
    5 (occ)     1         -11.835           2.232         -23.626         -17.260          -15.968
    6 (occ)     1         -11.113           4.265         -27.802         -20.272          -14.377
    7 (occ)     1         -10.019           1.644         -20.830         -15.424          -13.780
    8 (occ)     1          -8.869           3.129         -26.853         -20.117          -12.476
    9 (occ)     1          -6.513           0.548         -18.588         -14.884           -9.668
   10 (vir)     1          -0.947          -1.837          -6.817         -12.058            2.457
   11 (vir)     1          -0.095          -0.590          -1.124          -3.308            1.499
   12 (vir)     1           0.306          -0.550          -0.885          -2.904            1.775
   13 (vir)     1           0.594          -0.583          -1.293          -3.483            2.200
   14 (vir)     1           0.934          -0.368          -0.554          -2.071            2.083
   15 (vir)     1           1.105          -0.711          -1.877          -4.312            2.829
   16 (vir)     1           1.472          -0.302          -0.409          -1.824            2.585
   17 (vir)     1           1.931          -0.264          -0.348          -1.593            2.912
   18 (vir)     1           1.962          -0.264          -0.366          -1.746            3.079
   19 (vir)     1           1.999          -0.357          -0.632          -2.101            3.110
   20 (vir)     1           2.849          -1.319          -4.030          -7.737            5.237
   21 (vir)     1           3.233          -0.560          -0.988          -2.967            4.652
   22 (vir)     1           3.636          -0.943          -1.911          -4.636            5.418
   23 (vir)     1           3.896          -0.754          -1.325          -3.727            5.544
   24 (vir)     1           4.240          -0.563          -0.898          -2.809            5.587
   25 (vir)     1           4.718          -0.321          -0.228          -1.836            6.005
   26 (vir)     1           4.959          -0.906          -1.496          -4.285            6.842
   27 (vir)     1           5.475          -0.977          -1.666          -4.681            7.513
   28 (vir)     1           5.641          -0.341          -0.416          -2.006            6.890
   29 (vir)     1           5.915          -1.243          -2.030          -5.579            8.221
   30 (vir)     1           6.281          -1.073          -1.553          -4.934            8.589
   31 (vir)     1           7.361          -1.054          -1.217          -4.180            9.270
   32 (vir)     1           7.833          -1.453          -2.594          -6.615           10.400
   33 (vir)     1           7.846          -0.763          -0.675          -3.033            9.441
   34 (vir)     1           8.350          -2.306          -3.028          -7.836           10.852
   35 (vir)     1           8.698          -1.442          -1.208          -4.747           10.794
   36 (vir)     1           9.050          -1.634          -2.035          -5.974           11.356
   37 (vir)     1          10.279          -1.401          -1.507          -5.157           12.528
   38 (vir)     1          11.898          -2.142          -2.017          -6.489           14.227
   39 (vir)     1          12.548          -0.644          -1.637          -6.106           16.372
   40 (vir)     1          13.667          -2.840          -3.050          -8.531           16.308
   41 (vir)     1          14.078          -0.768          -0.888          -4.525           16.947
   42 (vir)     1          14.486          -3.630          -3.631         -10.056           17.281
   43 (vir)     1          14.670          -1.307          -0.846          -4.369           16.887
   44 (vir)     1          15.601          -4.340          -2.644          -8.180           16.797
   45 (vir)     1          16.113          -3.600          -2.664          -8.190           18.038
   46 (vir)     1          16.271          -0.715          -2.077          -7.098           20.577
   47 (vir)     1          16.368          -3.747          -3.256          -9.585           18.950
   48 (vir)     1          16.828          -2.888          -2.246          -7.745           19.439
   49 (vir)     1          17.717          -2.854          -1.496          -6.364           19.731
   50 (vir)     1          18.206          -2.587          -2.872          -8.551           21.298
   51 (vir)     1          19.384          -2.875          -2.204          -7.650           21.954
   52 (vir)     1          19.547          -2.360          -1.833          -7.081           22.434
   53 (vir)     1          20.464          -3.079          -1.521          -6.750           22.614
   54 (vir)     1          21.450          -4.301          -1.590          -7.006           22.566
   55 (vir)     1          21.622          -0.992          -1.086          -6.467           26.011
   56 (vir)     1          23.742          -3.681          -1.225          -5.879           24.716
   57 (vir)     1          24.455          -2.409          -1.681          -7.474           27.839
   58 (vir)     1          24.970          -3.330          -2.864          -9.072           27.848
   59 (vir)     1          25.672          -4.024          -2.201          -8.658           28.105
   60 (vir)     1          27.042          -2.857          -3.120          -9.907           30.971
   61 (vir)     1          28.993           1.407          -2.174          -8.303           36.528
   62 (vir)     1          29.103          -2.997          -2.535         -10.020           33.591
   63 (vir)     1          30.317          -0.773          -2.540          -9.085           36.088
   64 (vir)     1          32.744          -4.492          -2.372          -9.176           35.056
   65 (vir)     1          33.829           1.924          -2.435          -9.369           42.687
   66 (vir)     1          34.539          -7.910          -3.082         -11.183           34.730
   67 (vir)     1          34.895           3.080          -2.020          -8.698           44.653
   68 (vir)     1          36.926          -1.042          -2.838         -11.350           44.395
   69 (vir)     1          37.728           1.245          -2.671         -10.695           46.997
   70 (vir)     1          39.165          -5.067          -2.094          -8.858           40.862
   71 (vir)     1          41.936           0.138          -2.448         -10.680           50.306
   72 (vir)     1          43.519           2.361          -2.519         -10.906           54.267
   73 (vir)     1          44.364          -2.109          -2.074         -10.079           50.261
   74 (vir)     1          44.518          -8.781          -2.429         -10.901           44.209
   75 (vir)     1          47.285          -2.550          -1.673          -9.574           52.636
   76 (vir)     1          50.103           2.550          -2.829         -12.035           61.859
   77 (vir)     1          51.265          -2.930          -2.260         -10.923           56.998
   78 (vir)     1          51.831           3.189          -2.919         -12.396           64.496
   79 (vir)     1          51.993          -8.548          -1.963         -10.201           51.683
   80 (vir)     1          53.293           3.919          -1.996         -10.653           65.870
   81 (vir)     1          55.950           1.302          -2.579         -12.256           66.929
   82 (vir)     1          57.458           3.898          -2.725         -12.460           71.091
   83 (vir)     1          60.006           3.995          -2.799         -12.872           74.073
   84 (vir)     1          60.011           5.032          -3.499         -13.925           75.469
   85 (vir)     1          61.634           3.252          -2.662         -12.784           75.009
   86 (vir)     1          63.283           4.564          -2.539         -13.298           78.606
   87 (vir)     1          64.002           3.451          -2.174         -12.341           77.620
   88 (vir)     1          66.703           4.020          -2.730         -13.643           81.636
   89 (vir)     1          67.660           4.214          -2.748         -13.704           82.830
   90 (vir)     1          68.509           3.371          -2.418         -13.132           82.595
   91 (vir)     1          72.776           3.006          -1.806         -12.947           86.924
   92 (vir)     1          73.164           2.513          -3.590         -14.772           86.860
   93 (vir)     1          75.700           2.870          -2.481         -13.979           90.068
   94 (vir)     1          77.136           2.374          -3.350         -14.684           90.845
   95 (vir)     1          79.779           2.144          -3.787         -15.903           94.038
   96 (vir)     1          80.004           2.990          -2.384         -13.848           94.457
   97 (vir)     1          83.254           2.221          -3.069         -15.006           97.413
   98 (vir)     1          87.088           2.586          -3.941         -16.611          102.345
   99 (vir)     1          89.837           3.019          -6.366         -19.636          106.126
  100 (vir)     1          91.658           3.135          -5.471         -19.195          108.516
  101 (vir)     1          91.805           3.013          -5.329         -18.880          108.369
  102 (vir)     1          96.211           2.246          -4.388         -17.383          111.451
  103 (vir)     1          97.294           2.865          -4.201         -17.738          113.696
  104 (vir)     1         100.642           2.613          -3.845         -17.755          117.166
  105 (vir)     1         116.356           1.490          -2.306         -15.415          130.955
  106 (vir)     1         116.361           3.235          -4.958         -21.183          135.821
  107 (vir)     1         125.413           2.789          -4.747         -21.144          144.598
  108 (vir)     1         135.700           2.608          -4.443         -21.884          155.750
  109 (vir)     1         156.848           2.375          -1.799         -16.234          173.657
  110 (vir)     1         163.235           2.530          -1.648         -15.877          179.994
  111 (vir)     1         164.566           2.348          -1.627         -15.818          181.104
  112 (vir)     1         199.359           2.546          -1.006         -12.832          213.732
  113 (vir)     1         240.137           4.898          -0.768         -13.423          257.690
  114 (vir)     1         278.502           1.096          -1.564         -17.379          295.413
 
