 
  kpoint:       1             coordinate:     0.0000    0.0000    0.0000                  spin:  1
 
    n           k   ϵ_nk^DFT (eV)     Σ^c_nk (eV)     Σ^x_nk (eV)    v_nk^xc (eV)   ϵ_nk^G0W0 (eV)
 
    1 (occ)     1         -16.953           5.405         -20.155         -12.842          -18.861
    2 (occ)     1         -11.575           2.567         -16.132         -11.483          -13.657
    3 (occ)     1          -7.185           0.625         -14.964         -11.400          -10.123
    4 (occ)     1          -7.051          -0.041         -13.243         -10.424           -9.911
    5 (occ)     1          -7.051          -0.046         -13.219         -10.424           -9.892
    6 (vir)     1          -3.353          -1.219          -5.545          -9.768           -0.349
    7 (vir)     1          -3.353          -1.219          -5.543          -9.768           -0.347
    8 (vir)     1           0.752          -1.650          -3.452          -7.738            3.388
    9 (vir)     1           0.921          -1.090          -1.758          -4.967            3.040
   10 (vir)     1           2.122          -1.603          -1.852          -5.460            4.127
   11 (vir)     1           2.122          -1.170          -1.851          -5.460            4.560
   12 (vir)     1           2.692          -1.479          -2.151          -5.831            4.892
   13 (vir)     1           2.692          -1.482          -2.152          -5.831            4.888
   14 (vir)     1           3.507          -1.522          -1.664          -5.096            5.418
   15 (vir)     1           3.710          -1.567          -1.537          -5.062            5.668
   16 (vir)     1           4.687          -2.338          -1.330          -5.186            6.204
   17 (vir)     1           4.687          -2.320          -1.331          -5.186            6.221
   18 (vir)     1           4.951          -1.937          -0.966          -4.631            6.679
   19 (vir)     1           4.951          -1.925          -0.969          -4.631            6.688
   20 (vir)     1           5.084          -1.651          -1.114          -4.595            6.914
   21 (vir)     1           5.084          -1.658          -1.114          -4.595            6.908
   22 (vir)     1           7.446          -1.878          -1.777          -5.930            9.722
   23 (vir)     1           8.118          -2.162          -0.455          -3.766            9.266
   24 (vir)     1           8.118          -0.425          -0.456          -3.766           11.002
   25 (vir)     1           9.113          -1.540          -0.898          -4.494           11.169
   26 (vir)     1           9.279          -1.654          -0.554          -3.925           10.996
   27 (vir)     1           9.279          -1.675          -0.555          -3.925           10.974
   28 (vir)     1           9.699          -1.623          -0.966          -4.784           11.894
   29 (vir)     1           9.699          -1.633          -0.965          -4.784           11.886
   30 (vir)     1          10.050          -3.134          -2.324          -7.789           12.381
   31 (vir)     1          10.278          -3.647          -2.281          -7.746           12.096
   32 (vir)     1          10.278          -3.597          -2.285          -7.746           12.142
   33 (vir)     1          11.190          -1.446          -0.308          -3.567           13.003
   34 (vir)     1          11.190          -1.422          -0.309          -3.567           13.026
   35 (vir)     1          13.937          -8.313          -2.153          -9.062           12.534
   36 (vir)     1          13.937          -5.183          -2.155          -9.062           15.661
   37 (vir)     1          14.740          -5.142          -1.609          -7.448           15.436
   38 (vir)     1          14.740          -4.506          -1.611          -7.448           16.071
   39 (vir)     1          15.366          -2.579          -0.767          -4.947           16.967
   40 (vir)     1          16.387          -4.541          -1.097          -6.398           17.147
   41 (vir)     1          16.387          -4.195          -1.112          -6.398           17.478
   42 (vir)     1          16.398          -2.981          -1.039          -5.955           18.333
   43 (vir)     1          16.398          -2.987          -1.043          -5.955           18.323
   44 (vir)     1          17.384          -5.080          -1.950          -8.105           18.458
   45 (vir)     1          17.897          -3.044          -1.036          -5.354           19.171
   46 (vir)     1          19.084          -8.296          -2.652         -10.858           18.994
   47 (vir)     1          19.084          -8.316          -2.654         -10.858           18.972
   48 (vir)     1          26.960          -8.553          -1.476          -8.238           25.169
   49 (vir)     1          26.960          -8.462          -1.481          -8.238           25.256
   50 (vir)     1          27.481         -11.517          -3.101         -12.399           25.262
   51 (vir)     1          28.116          -6.802          -1.321          -7.862           27.856
   52 (vir)     1          28.116          -6.816          -1.302          -7.862           27.860
   53 (vir)     1          29.165           3.439          -1.858          -9.571           40.316
   54 (vir)     1          34.689           1.165          -0.653          -6.109           41.310
   55 (vir)     1          34.689           1.130          -0.691          -6.109           41.237
   56 (vir)     1          40.288           2.047          -1.315          -9.696           50.717
   57 (vir)     1         102.318          -5.168          -0.695          -8.036          104.491
   58 (vir)     1         104.210          -3.954          -0.671          -8.074          107.660
 
