 
  kpoint:       1             coordinate:     0.0000    0.0000    0.0000                  spin:  1
 
    n           k   ϵ_nk^DFT (eV)     Σ^c_nk (eV)     Σ^x_nk (eV)    v_nk^xc (eV)   ϵ_nk^G0W0 (eV)
 
    1 (occ)     1         -22.956           8.476         -24.416         -15.276          -23.620
    2 (occ)     1         -18.189           6.202         -23.930         -15.414          -20.504
    3 (occ)     1         -14.433           3.694         -21.221         -14.456          -17.504
    4 (occ)     1         -12.136           2.616         -19.944         -14.326          -15.139
    5 (occ)     1         -11.120           2.078         -20.315         -15.120          -14.237
    6 (occ)     1          -9.397           2.024         -17.310         -12.870          -11.813
    7 (occ)     1          -9.118           1.428         -18.983         -14.188          -12.485
    8 (occ)     1          -6.878           1.158         -17.105         -12.968           -9.857
    9 (occ)     1          -5.803           0.293         -15.865         -12.850           -8.525
   10 (vir)     1          -1.298          -1.878          -6.449         -11.351            1.726
   11 (vir)     1          -0.180          -0.748          -1.296          -3.675            1.452
   12 (vir)     1           0.284          -0.639          -0.918          -2.964            1.691
   13 (vir)     1           0.533          -0.711          -0.948          -3.155            2.028
   14 (vir)     1           0.630          -1.116          -2.839          -6.139            2.813
   15 (vir)     1           0.891          -0.467          -0.606          -2.271            2.090
   16 (vir)     1           1.384          -0.433          -0.527          -2.124            2.548
   17 (vir)     1           1.617          -0.429          -0.617          -2.279            2.850
   18 (vir)     1           1.681          -0.438          -0.622          -2.139            2.760
   19 (vir)     1           1.897          -0.420          -0.630          -2.269            3.116
   20 (vir)     1           2.199          -0.779          -1.873          -4.382            3.929
   21 (vir)     1           3.036          -0.681          -1.301          -3.517            4.572
   22 (vir)     1           3.303          -0.704          -1.254          -3.662            5.006
   23 (vir)     1           3.372          -1.225          -2.371          -5.607            5.382
   24 (vir)     1           4.171          -0.998          -1.396          -3.999            5.776
   25 (vir)     1           4.236          -0.795          -1.322          -4.026            6.145
   26 (vir)     1           4.580          -0.834          -1.071          -3.629            6.304
   27 (vir)     1           4.736          -0.942          -1.638          -4.468            6.624
   28 (vir)     1           4.962          -1.059          -1.510          -4.407            6.800
   29 (vir)     1           5.504          -0.865          -1.602          -4.448            7.485
   30 (vir)     1           5.804          -1.144          -1.563          -4.653            7.750
   31 (vir)     1           6.087          -0.942          -1.556          -4.971            8.560
   32 (vir)     1           6.089          -1.397          -2.103          -5.624            8.213
   33 (vir)     1           6.183          -1.338          -2.230          -5.934            8.549
   34 (vir)     1           6.533          -0.999          -1.565          -4.736            8.705
   35 (vir)     1           6.950          -1.252          -1.731          -5.136            9.102
   36 (vir)     1           7.227          -1.290          -1.314          -4.501            9.124
   37 (vir)     1           8.094          -1.394          -1.440          -4.923           10.182
   38 (vir)     1           8.325          -2.085          -1.323          -5.254           10.171
   39 (vir)     1           8.865          -1.650          -1.338          -5.033           10.910
   40 (vir)     1           9.353          -1.732          -1.932          -5.974           11.662
   41 (vir)     1           9.435          -2.002          -1.498          -5.633           11.568
   42 (vir)     1          10.555          -1.869          -1.781          -5.841           12.746
   43 (vir)     1          10.713          -0.884          -0.750          -4.521           13.600
   44 (vir)     1          11.253          -2.146          -1.675          -5.958           13.390
   45 (vir)     1          11.424          -1.008          -0.540          -4.070           13.946
   46 (vir)     1          11.626          -2.056          -1.490          -5.656           13.736
   47 (vir)     1          11.749          -1.776          -1.871          -6.107           14.210
   48 (vir)     1          12.786          -1.560          -0.906          -4.767           15.088
   49 (vir)     1          12.933          -1.739          -1.343          -5.344           15.195
   50 (vir)     1          13.276          -1.781          -1.052          -5.196           15.639
   51 (vir)     1          13.463          -2.076          -1.783          -6.204           15.807
   52 (vir)     1          14.099          -2.145          -2.072          -6.749           16.631
   53 (vir)     1          14.617          -3.647          -2.509          -8.159           16.620
   54 (vir)     1          15.707          -2.113          -1.559          -6.099           18.134
   55 (vir)     1          15.768          -2.693          -1.744          -6.679           18.011
   56 (vir)     1          16.029          -4.043          -3.289          -9.798           18.496
   57 (vir)     1          16.590          -3.744          -3.153          -9.690           19.382
   58 (vir)     1          17.003          -3.011          -2.649          -8.244           19.587
   59 (vir)     1          17.235          -1.234          -0.910          -5.138           20.230
   60 (vir)     1          18.097          -3.080          -1.697          -6.846           20.167
   61 (vir)     1          19.151          -2.413          -1.320          -6.134           21.552
   62 (vir)     1          21.261          -1.796          -1.092          -6.202           24.576
   63 (vir)     1          21.646          -3.172          -1.304          -6.617           23.787
   64 (vir)     1          22.091          -3.326          -2.102          -8.056           24.719
   65 (vir)     1          22.744          -2.910          -1.306          -6.316           24.844
   66 (vir)     1          23.306          -4.842          -2.957          -9.961           25.468
   67 (vir)     1          23.644          -4.052          -2.368          -8.686           25.910
   68 (vir)     1          24.032          -5.133          -2.378          -9.291           25.811
   69 (vir)     1          25.209          -5.579          -2.808          -9.510           26.332
   70 (vir)     1          26.089          -2.863          -1.893          -8.055           29.387
   71 (vir)     1          27.323          -7.481          -2.517          -9.553           26.878
   72 (vir)     1          27.493           0.092          -1.306          -6.439           32.718
   73 (vir)     1          28.512          -6.145          -2.512          -9.417           29.272
   74 (vir)     1          30.257          -7.385          -2.679         -10.372           30.565
   75 (vir)     1          30.937          -4.284          -2.855         -10.711           34.508
   76 (vir)     1          32.196          -5.088          -4.069         -12.610           35.648
   77 (vir)     1          33.237          -7.508          -2.065          -9.003           32.666
   78 (vir)     1          34.933          -7.034          -2.266          -9.873           35.506
   79 (vir)     1          36.060          -3.389          -3.070         -11.019           40.621
   80 (vir)     1          37.171          -7.769          -2.978         -11.158           37.582
   81 (vir)     1          39.408          -8.388          -2.521         -10.676           39.174
   82 (vir)     1          40.856          -7.421          -2.145          -9.590           40.879
   83 (vir)     1          41.116          -8.244          -2.536         -12.133           42.469
   84 (vir)     1          42.370           4.552          -1.994         -10.330           55.258
   85 (vir)     1          43.644          -9.983          -2.229         -10.543           41.975
   86 (vir)     1          46.986         -12.120          -2.533         -12.114           44.447
   87 (vir)     1          47.823           4.005          -2.701         -11.947           61.073
   88 (vir)     1          52.012           3.591          -2.876         -12.778           65.505
   89 (vir)     1          55.551          -0.397          -2.384         -12.139           64.908
   90 (vir)     1          59.005           4.984          -2.758         -13.421           74.652
   91 (vir)     1          59.137           3.603          -2.431         -12.542           72.851
   92 (vir)     1          62.290           4.739          -2.446         -13.189           77.772
   93 (vir)     1          63.242           1.965          -2.664         -13.648           76.192
   94 (vir)     1          64.035           3.613          -2.408         -12.972           78.212
   95 (vir)     1          66.209           3.401          -2.409         -13.355           80.555
   96 (vir)     1          68.057           3.417          -2.488         -13.463           82.449
   97 (vir)     1          69.668           3.687          -2.316         -13.401           84.440
   98 (vir)     1          72.377           3.941          -1.590         -13.001           87.728
   99 (vir)     1          72.461           3.875          -2.190         -13.497           87.643
  100 (vir)     1          73.990           1.588          -1.926         -12.504           86.156
  101 (vir)     1          74.902           3.350          -2.040         -13.066           89.278
  102 (vir)     1          76.803           3.679          -1.916         -12.881           91.447
  103 (vir)     1          79.509           2.969          -2.073         -13.548           93.954
  104 (vir)     1          83.343           2.565          -2.377         -14.034           97.566
  105 (vir)     1          87.119           2.415          -1.936         -13.331          100.928
  106 (vir)     1          88.883           2.153          -1.946         -13.418          102.508
  107 (vir)     1          96.483           1.572          -2.335         -15.123          110.843
  108 (vir)     1         112.159           3.541          -1.361         -11.994          126.334
  109 (vir)     1         114.100           3.034          -1.448         -12.519          128.204
  110 (vir)     1         155.767           2.467          -1.774         -16.105          172.566
  111 (vir)     1         162.806           2.550          -1.641         -15.887          179.603
  112 (vir)     1         164.244           2.640          -1.635         -15.909          181.157
  113 (vir)     1         202.472           5.723          -0.514         -12.404          220.085
  114 (vir)     1         240.731          10.674          -0.390         -13.609          264.624
 
