 
  kpoint:       1             coordinate:     0.0000    0.0000    0.0000                  spin:  1
 
    n           k   ϵ_nk^DFT (eV)     Σ^c_nk (eV)     Σ^x_nk (eV)    v_nk^xc (eV)   ϵ_nk^G0W0 (eV)
 
    1 (occ)     1         -26.780           9.135         -31.563         -19.664          -29.544
    2 (occ)     1         -21.360           7.279         -25.619         -15.840          -23.859
    3 (occ)     1         -18.762           6.020         -24.817         -15.910          -21.650
    4 (occ)     1         -18.319           5.913         -24.667         -15.872          -21.201
    5 (occ)     1         -15.646           4.269         -23.406         -16.051          -18.732
    6 (occ)     1         -14.844           4.112         -23.255         -16.046          -17.941
    7 (occ)     1         -13.663           3.180         -22.513         -16.188          -16.809
    8 (occ)     1         -12.237           2.953         -21.482         -15.347          -15.419
    9 (occ)     1         -11.549           2.933         -22.261         -16.330          -14.547
   10 (occ)     1         -10.863           2.367         -20.936         -15.311          -14.121
   11 (occ)     1         -10.287           2.298         -20.391         -15.074          -13.307
   12 (occ)     1         -10.186           3.048         -20.564         -14.978          -12.724
   13 (occ)     1          -9.383           2.707         -23.372         -17.458          -12.590
   14 (occ)     1          -8.713           1.786         -20.847         -15.955          -11.819
   15 (occ)     1          -8.206           1.827         -21.291         -16.328          -11.342
   16 (occ)     1          -8.195           2.325         -19.803         -14.969          -10.704
   17 (occ)     1          -6.348           0.376         -15.845         -13.152           -8.664
   18 (occ)     1          -5.625           0.686         -18.093         -15.029           -8.004
   19 (vir)     1          -1.345          -2.224          -7.651         -12.485            1.266
   20 (vir)     1          -0.699          -2.317          -7.828         -12.730            1.886
   21 (vir)     1          -0.529          -0.956          -1.688          -4.271            1.099
   22 (vir)     1          -0.161          -0.851          -1.365          -3.690            1.314
   23 (vir)     1           0.182          -0.646          -0.858          -2.717            1.395
   24 (vir)     1           0.583          -0.777          -1.148          -3.286            1.944
   25 (vir)     1           0.723          -0.596          -0.721          -2.428            1.834
   26 (vir)     1           0.857          -0.675          -0.949          -2.893            2.127
   27 (vir)     1           1.074          -0.679          -0.881          -2.860            2.373
   28 (vir)     1           1.376          -0.530          -0.561          -2.147            2.432
   29 (vir)     1           1.475          -0.520          -0.528          -2.082            2.509
   30 (vir)     1           1.652          -0.673          -0.907          -2.807            2.879
   31 (vir)     1           1.834          -0.544          -0.674          -2.404            3.021
   32 (vir)     1           2.453          -0.498          -0.586          -2.038            3.408
   33 (vir)     1           2.509          -0.444          -0.475          -1.808            3.398
   34 (vir)     1           2.575          -0.607          -0.849          -2.630            3.749
   35 (vir)     1           2.698          -0.594          -0.782          -2.603            3.925
   36 (vir)     1           2.807          -0.511          -0.606          -2.235            3.925
   37 (vir)     1           2.887          -1.159          -2.535          -5.282            4.474
   38 (vir)     1           2.965          -3.586          -4.425          -9.728            4.682
   39 (vir)     1           3.179          -0.710          -0.915          -2.837            4.391
   40 (vir)     1           3.255          -0.682          -0.885          -2.762            4.450
   41 (vir)     1           3.313          -0.460          -0.378          -1.845            4.320
   42 (vir)     1           3.435          -0.865          -1.340          -3.501            4.731
   43 (vir)     1           3.618          -1.102          -1.840          -4.463            5.138
   44 (vir)     1           3.896          -1.115          -1.905          -4.626            5.502
   45 (vir)     1           4.092          -1.089          -1.136          -3.150            5.017
   46 (vir)     1           4.529          -1.647          -2.540          -6.075            6.417
   47 (vir)     1           4.847          -1.786          -3.033          -6.817            6.846
   48 (vir)     1           5.166          -1.784          -3.003          -6.753            7.133
   49 (vir)     1           5.545          -1.481          -2.233          -5.562            7.393
   50 (vir)     1           5.617          -1.460          -1.840          -5.237            7.554
   51 (vir)     1           5.673          -1.534          -2.384          -5.762            7.516
   52 (vir)     1           5.995          -1.336          -1.579          -4.709            7.789
   53 (vir)     1           6.189          -1.740          -2.636          -6.586            8.400
   54 (vir)     1           6.338          -1.283          -1.319          -4.425            8.161
   55 (vir)     1           6.500          -1.661          -2.534          -6.379            8.683
   56 (vir)     1           6.929          -1.433          -1.460          -4.739            8.775
   57 (vir)     1           6.953          -2.110          -3.354          -7.737            9.226
   58 (vir)     1           7.159          -0.605          -0.562          -2.616            8.607
   59 (vir)     1           7.416          -0.800          -0.982          -3.343            8.976
   60 (vir)     1           7.664          -1.506          -1.236          -4.578            9.500
   61 (vir)     1           8.134          -2.818          -4.872         -10.441           10.884
   62 (vir)     1           8.200          -1.640          -1.163          -4.579            9.976
   63 (vir)     1           8.558          -1.122          -1.402          -4.295           10.328
   64 (vir)     1           8.636          -1.006          -0.841          -3.586           10.374
   65 (vir)     1           8.755          -2.097          -3.416          -7.856           11.098
   66 (vir)     1           9.152          -1.900          -1.489          -5.252           11.014
   67 (vir)     1           9.293          -2.527          -3.169          -8.026           11.623
   68 (vir)     1           9.368          -0.961          -0.767          -3.290           10.930
   69 (vir)     1           9.464          -2.807          -1.308          -5.245           10.594
   70 (vir)     1           9.592          -2.606          -2.647          -7.358           11.697
   71 (vir)     1          10.048          -2.169          -2.686          -7.166           12.360
   72 (vir)     1          10.578          -0.913          -1.776          -5.782           13.670
   73 (vir)     1          10.897          -2.528          -3.083          -8.096           13.381
   74 (vir)     1          11.285          -2.168          -2.218          -6.534           13.432
   75 (vir)     1          11.561          -2.049          -1.967          -5.918           13.463
   76 (vir)     1          11.790          -2.313          -2.464          -6.989           14.001
   77 (vir)     1          12.056          -1.639          -1.651          -5.274           14.041
   78 (vir)     1          12.649          -2.323          -2.433          -7.010           14.903
   79 (vir)     1          12.975          -2.246          -2.480          -7.060           15.309
   80 (vir)     1          13.751          -2.837          -3.285          -8.770           16.399
   81 (vir)     1          13.882          -3.004          -1.597          -6.478           15.758
   82 (vir)     1          14.387          -3.454          -3.287          -9.201           16.847
   83 (vir)     1          14.544          -1.825          -1.317          -6.173           17.575
   84 (vir)     1          14.722          -4.153          -1.725          -7.015           15.858
   85 (vir)     1          15.008          -3.464          -2.690          -8.354           17.208
   86 (vir)     1          15.162          -4.150          -3.597         -10.233           17.648
   87 (vir)     1          15.164          -4.052          -2.229          -7.933           16.817
   88 (vir)     1          15.297          -3.947          -3.417          -9.746           17.678
   89 (vir)     1          15.347          -3.799          -3.136          -9.267           17.678
   90 (vir)     1          15.639          -3.245          -2.799          -8.392           17.986
   91 (vir)     1          15.900          -2.896          -1.887          -7.188           18.305
   92 (vir)     1          16.030          -3.446          -2.956          -8.956           18.584
   93 (vir)     1          16.930          -3.143          -2.313          -7.863           19.337
   94 (vir)     1          17.062          -3.514          -2.974          -9.020           19.593
   95 (vir)     1          17.886          -2.956          -2.606          -8.115           20.439
   96 (vir)     1          18.383          -4.840          -3.829         -11.306           21.020
   97 (vir)     1          18.992          -3.189          -2.403          -8.186           21.587
   98 (vir)     1          19.293          -3.177          -2.201          -7.916           21.831
   99 (vir)     1          20.120          -3.108          -1.952          -7.457           22.516
  100 (vir)     1          20.271          -3.640          -2.602          -8.720           22.749
  101 (vir)     1          20.513          -2.811          -1.560          -6.729           22.872
  102 (vir)     1          20.844          -3.180          -2.021          -7.488           23.132
  103 (vir)     1          21.111          -3.659          -2.047          -7.909           23.315
  104 (vir)     1          21.254          -3.063          -1.745          -6.967           23.412
  105 (vir)     1          21.338          -2.684          -1.603          -6.513           23.565
  106 (vir)     1          21.580          -3.361          -1.709          -7.357           23.868
  107 (vir)     1          22.262          -3.999          -1.427          -6.821           23.656
  108 (vir)     1          22.573          -3.888          -2.313          -8.775           25.146
  109 (vir)     1          22.583          -4.453          -1.026          -6.340           23.444
  110 (vir)     1          22.669          -4.287          -0.973          -6.162           23.570
  111 (vir)     1          23.980          -4.213          -1.921          -8.160           26.006
  112 (vir)     1          24.771          -4.954          -2.058          -8.684           26.443
  113 (vir)     1          24.948          -3.861          -2.396          -8.800           27.491
  114 (vir)     1          25.598          -3.870          -1.995          -8.309           28.042
  115 (vir)     1          26.565          -3.681          -2.124          -8.116           28.877
  116 (vir)     1          26.795          -3.964          -1.788          -7.609           28.652
  117 (vir)     1          26.965          -4.151          -2.120          -8.582           29.276
  118 (vir)     1          26.971          -2.078          -3.247         -10.175           31.821
  119 (vir)     1          27.250          -3.721          -1.828          -7.574           29.275
  120 (vir)     1          27.626          -4.129          -2.169          -8.581           29.909
  121 (vir)     1          27.845           2.014          -3.280         -10.496           37.075
  122 (vir)     1          28.239          -4.031          -1.812          -7.794           30.190
  123 (vir)     1          28.403          -3.940          -2.387          -9.543           31.619
  124 (vir)     1          28.889          -3.759          -2.059          -8.099           31.169
  125 (vir)     1          29.424          -4.336          -1.881          -8.250           31.457
  126 (vir)     1          30.444          -6.982          -1.986          -8.938           30.415
  127 (vir)     1          30.508          -5.785          -1.704          -8.329           31.348
  128 (vir)     1          30.943          -5.096          -2.235          -9.163           32.775
  129 (vir)     1          30.997          -4.724          -2.106          -8.601           32.769
  130 (vir)     1          31.110          -5.132          -2.014          -8.725           32.688
  131 (vir)     1          31.715          -6.969          -2.129          -9.280           31.896
  132 (vir)     1          31.890          -4.939          -1.779          -7.953           33.125
  133 (vir)     1          33.438           2.226          -2.535         -10.123           43.251
  134 (vir)     1          34.054          -5.321          -2.149          -9.071           35.656
  135 (vir)     1          34.435          -7.146          -2.230          -9.300           34.360
  136 (vir)     1          34.875          -5.789          -1.837          -8.471           35.720
  137 (vir)     1          36.831          -5.428          -2.547          -9.560           38.416
  138 (vir)     1          37.188          -5.886          -1.650          -8.571           38.223
  139 (vir)     1          37.510          -6.210          -1.688          -8.781           38.393
  140 (vir)     1          38.224          -6.402          -1.351          -8.129           38.599
  141 (vir)     1          39.410          -8.170          -3.348         -11.694           39.586
  142 (vir)     1          39.418          -7.323          -2.066          -9.754           39.782
  143 (vir)     1          40.370          -7.874          -2.960         -11.049           40.586
  144 (vir)     1          41.075          -8.750          -3.482         -12.177           41.020
  145 (vir)     1          42.007          -8.509          -2.578         -10.580           41.500
  146 (vir)     1          42.551          -8.569          -2.225          -9.828           41.585
  147 (vir)     1          44.236          -9.127          -3.247         -12.544           44.405
  148 (vir)     1          44.390          -8.161          -2.602         -11.091           44.717
  149 (vir)     1          44.691          -7.873          -2.748         -10.865           44.934
  150 (vir)     1          46.093          -9.239          -2.624         -10.675           44.905
  151 (vir)     1          47.372         -11.009          -3.286         -12.220           45.296
  152 (vir)     1          49.123          -8.770          -2.784         -11.061           48.630
  153 (vir)     1          49.437          -9.936          -3.508         -13.496           49.490
  154 (vir)     1          49.955          -9.061          -2.804         -11.590           49.680
  155 (vir)     1          50.364          -8.927          -2.718         -11.153           49.873
  156 (vir)     1          50.864          -5.108          -2.511         -11.177           54.423
  157 (vir)     1          50.876          -9.381          -3.174         -12.474           50.795
  158 (vir)     1          51.672         -10.274          -2.594         -11.345           50.151
  159 (vir)     1          52.442          -9.199          -2.837         -12.102           52.508
  160 (vir)     1          53.201           4.427          -2.762         -11.803           66.669
  161 (vir)     1          53.459          -9.034          -2.079         -10.588           52.934
  162 (vir)     1          54.480           6.092          -2.942         -12.293           69.923
  163 (vir)     1          54.808           4.176          -2.640         -12.160           68.503
  164 (vir)     1          56.440           3.322          -2.640         -12.316           69.438
  165 (vir)     1          57.180           3.544          -2.692         -12.437           70.468
  166 (vir)     1          57.217           4.848          -3.227         -13.355           72.194
  167 (vir)     1          58.287           4.306          -2.679         -12.115           72.029
  168 (vir)     1          59.948           4.278          -3.172         -13.301           74.356
  169 (vir)     1          60.200           3.288          -2.720         -12.767           73.536
  170 (vir)     1          60.667           3.330          -2.515         -12.642           74.124
  171 (vir)     1          61.580           5.303          -3.032         -13.382           77.233
  172 (vir)     1          62.339           3.865          -3.350         -14.179           77.033
  173 (vir)     1          62.427           4.671          -2.896         -13.249           77.451
  174 (vir)     1          62.703           5.075          -2.771         -13.257           78.265
  175 (vir)     1          62.797           2.839          -3.041         -13.982           76.576
  176 (vir)     1          63.549           1.047          -3.027         -14.232           75.801
  177 (vir)     1          64.400           3.433          -2.826         -13.139           78.146
  178 (vir)     1          65.275           4.632          -2.559         -12.745           80.093
  179 (vir)     1          65.965           3.376          -2.174         -11.714           78.880
  180 (vir)     1          66.444           3.105          -2.322         -12.438           79.664
  181 (vir)     1          67.105           4.090          -2.485         -13.409           82.119
  182 (vir)     1          67.554           3.103          -2.406         -13.154           81.405
  183 (vir)     1          68.497           4.274          -2.700         -13.905           83.976
  184 (vir)     1          68.929           3.173          -2.378         -12.499           82.224
  185 (vir)     1          69.252           4.284          -2.535         -13.758           84.760
  186 (vir)     1          69.542           4.300          -2.936         -14.227           85.133
  187 (vir)     1          70.275           3.778          -2.147         -13.215           85.122
  188 (vir)     1          70.647           4.582          -2.685         -13.782           86.326
  189 (vir)     1          71.286           4.137          -2.195         -13.447           86.675
  190 (vir)     1          72.082           3.674          -2.215         -12.509           86.050
  191 (vir)     1          72.296           5.291          -1.821         -12.991           88.757
  192 (vir)     1          72.516           4.837          -2.490         -13.955           88.817
  193 (vir)     1          73.266           4.683          -1.956         -13.193           89.187
  194 (vir)     1          73.917           3.818          -1.938         -12.551           88.348
  195 (vir)     1          74.396           3.900          -2.241         -12.600           88.656
  196 (vir)     1          74.735           4.149          -2.284         -13.132           89.731
  197 (vir)     1          75.728           3.565          -2.091         -13.145           90.346
  198 (vir)     1          75.949           3.726          -2.305         -13.283           90.652
  199 (vir)     1          77.794           3.326          -2.000         -12.574           91.694
  200 (vir)     1          77.810           3.177          -2.180         -13.261           92.067
  201 (vir)     1          78.422           3.002          -2.105         -13.137           92.457
  202 (vir)     1          78.491           3.819          -2.570         -13.879           93.619
  203 (vir)     1          80.558           3.766          -2.806         -14.287           95.805
  204 (vir)     1          81.959           3.579          -2.485         -13.840           96.893
  205 (vir)     1          82.932           4.118          -2.390         -14.200           98.860
  206 (vir)     1          84.592           3.084          -2.206         -13.369           98.840
  207 (vir)     1          85.617           3.601          -2.694         -14.617          101.140
  208 (vir)     1          88.689           3.039          -2.134         -13.501          103.095
  209 (vir)     1          89.624           2.950          -2.672         -15.012          104.914
  210 (vir)     1          90.527           3.070          -2.354         -14.312          105.555
  211 (vir)     1          91.506           2.940          -2.470         -14.645          106.622
  212 (vir)     1          92.274           2.036          -1.898         -13.220          105.631
  213 (vir)     1          92.528           2.265          -1.912         -13.276          106.156
  214 (vir)     1          92.794           3.068          -2.534         -14.794          108.122
  215 (vir)     1          93.766           3.074          -2.603         -15.021          109.258
  216 (vir)     1          94.292           3.154          -2.593         -14.605          109.458
  217 (vir)     1         100.746           3.100          -2.411         -15.106          116.541
  218 (vir)     1         103.211           2.499          -1.957         -14.019          117.773
  219 (vir)     1         104.351           2.638          -2.051         -14.313          119.251
  220 (vir)     1         104.761           2.860          -2.256         -14.888          120.254
  221 (vir)     1         106.260           1.536          -1.666         -13.346          119.477
  222 (vir)     1         110.640           2.380          -2.079         -14.496          125.437
  223 (vir)     1         111.156           1.606          -1.563         -13.359          124.557
  224 (vir)     1         115.675           2.321          -2.178         -14.894          130.712
  225 (vir)     1         126.473           1.179          -2.063         -16.048          141.638
  226 (vir)     1         126.813           1.885          -1.875         -14.708          141.531
  227 (vir)     1         129.363           1.944          -1.860         -14.674          144.121
  228 (vir)     1         129.908           3.313          -3.915         -19.959          149.266
  229 (vir)     1         131.654           2.256          -2.352         -16.373          147.931
  230 (vir)     1         136.981           3.627          -3.194         -18.745          156.160
  231 (vir)     1         140.622           4.419          -2.911         -18.211          160.341
  232 (vir)     1         153.683           2.818          -1.907         -16.285          170.879
  233 (vir)     1         156.977           2.834          -1.778         -15.947          173.980
  234 (vir)     1         162.326           2.620          -1.706         -15.980          179.220
  235 (vir)     1         164.197           2.567          -1.655         -15.874          180.983
  236 (vir)     1         166.334           2.497          -1.610         -15.768          182.987
  237 (vir)     1         166.796           2.481          -1.610         -15.871          183.537
  238 (vir)     1         179.074           1.132          -2.131         -17.002          195.076
  239 (vir)     1         181.154           1.625          -4.456         -21.590          199.913
  240 (vir)     1         181.615           1.611          -5.248         -23.272          201.250
  241 (vir)     1         183.238           1.672          -5.092         -23.310          203.129
  242 (vir)     1         192.856           1.842          -4.343         -22.708          213.062
  243 (vir)     1         194.182           1.774          -4.442         -22.846          214.361
  244 (vir)     1         204.079           5.686          -1.176         -13.208          221.797
  245 (vir)     1         235.246           6.255          -1.310         -14.728          254.919
  246 (vir)     1         236.092           1.172          -3.090         -21.755          255.928
  247 (vir)     1         238.122           1.103          -3.132         -21.876          257.970
  248 (vir)     1         239.829           2.710          -1.836         -16.959          257.662
  249 (vir)     1         240.351           1.066          -3.215         -22.113          260.314
  250 (vir)     1         240.877           1.242          -2.854         -21.003          260.268
  251 (vir)     1         241.597           1.883          -2.359         -18.873          259.994
  252 (vir)     1         242.965           3.171          -1.923         -17.285          261.498
  253 (vir)     1         244.399           2.798          -0.982         -13.951          260.166
  254 (vir)     1         244.849           3.553          -1.803         -16.984          263.583
  255 (vir)     1         246.438           2.728          -1.984         -17.502          264.684
  256 (vir)     1         247.997           2.171          -2.281         -18.619          266.506
  257 (vir)     1         281.363           4.663          -2.507         -19.029          302.548
 
