 
  kpoint:       1             coordinate:     0.0000    0.0000    0.0000                  spin:  1
 
    n           k   ϵ_nk^DFT (eV)     Σ^c_nk (eV)     Σ^x_nk (eV)    v_nk^xc (eV)   ϵ_nk^G0W0 (eV)
 
    1 (occ)     1         -25.490           8.567         -31.622         -19.830          -28.715
    2 (occ)     1         -13.278           1.541         -24.468         -17.938          -18.267
    3 (occ)     1          -9.335           2.136         -25.131         -18.287          -14.043
    4 (occ)     1          -7.294           2.196         -25.269         -18.534          -11.833
    5 (vir)     1           0.189          -0.275          -0.908          -2.796            1.802
    6 (vir)     1           2.950          -1.131          -3.854          -8.694            6.659
    7 (vir)     1           3.730          -0.831          -2.779          -6.525            6.645
    8 (vir)     1           5.022          -0.038          -0.063          -0.731            5.651
    9 (vir)     1           6.037          -0.364          -1.237          -4.457            8.893
   10 (vir)     1           6.614          -0.295          -1.435          -4.258            9.142
   11 (vir)     1           7.275          -0.366          -0.965          -4.442           10.386
   12 (vir)     1           8.324          -0.643          -1.474          -5.429           11.636
   13 (vir)     1           8.662          -0.515          -1.652          -4.639           11.134
   14 (vir)     1          12.506          -1.102          -3.387          -8.091           16.108
   15 (vir)     1          13.005          -1.122          -2.544          -7.289           16.628
   16 (vir)     1          14.127          -2.098          -4.290         -10.753           18.493
   17 (vir)     1          21.206          -3.039          -3.436         -10.599           25.330
   18 (vir)     1          22.474          -1.911          -2.960          -9.174           26.777
   19 (vir)     1          23.070          -1.839          -3.275          -9.840           27.796
   20 (vir)     1          29.952          -2.470          -4.508         -11.694           34.668
   21 (vir)     1          36.206          -1.907          -4.642         -12.613           42.271
   22 (vir)     1          37.575          -3.715          -4.035         -12.122           41.947
   23 (vir)     1          38.333          -2.638          -2.536          -9.221           42.380
   24 (vir)     1          43.154           0.934          -4.950         -13.723           52.861
   25 (vir)     1          49.020          -8.610          -2.419         -11.110           49.101
   26 (vir)     1          51.218           2.457          -3.870         -13.253           63.057
   27 (vir)     1          52.205           2.174          -3.571         -12.269           63.076
   28 (vir)     1          56.033           2.444          -2.794         -11.952           67.635
   29 (vir)     1          62.626           1.948          -3.351         -13.483           74.707
   30 (vir)     1          72.712           4.033          -3.423         -13.605           86.927
   31 (vir)     1         113.476           3.535          -3.231         -17.373          131.153
   32 (vir)     1         115.351           4.056          -3.383         -18.178          134.202
   33 (vir)     1         119.101           2.575          -3.347         -17.802          136.131
   34 (vir)     1         146.226           2.599          -2.907         -18.328          164.245
   35 (vir)     1         150.559           2.980          -2.361         -17.416          168.594
   36 (vir)     1         175.674           1.392          -5.532         -23.509          195.043
   37 (vir)     1         176.924           1.607          -5.447         -23.378          196.463
   38 (vir)     1         178.357           1.551          -5.453         -23.551          198.006
   39 (vir)     1         179.757           1.679          -5.096         -23.082          199.422
   40 (vir)     1         185.884           1.764          -4.991         -23.216          205.874
   41 (vir)     1         224.876           1.177          -3.497         -20.632          243.189
   42 (vir)     1         225.282           1.152          -3.492         -20.653          243.595
   43 (vir)     1         225.630           1.131          -3.505         -20.687          243.944
   44 (vir)     1         225.682           1.065          -3.603         -20.779          243.924
   45 (vir)     1         225.869           1.139          -3.498         -20.694          244.203
   46 (vir)     1         226.625           1.128          -3.501         -20.761          245.013
   47 (vir)     1         226.671           1.222          -3.431         -20.710          245.172
 
