 
  kpoint:       1             coordinate:     0.0000    0.0000    0.0000                  spin:  1
 
    n           k   ϵ_nk^DFT (eV)     Σ^c_nk (eV)     Σ^x_nk (eV)    v_nk^xc (eV)   ϵ_nk^G0W0 (eV)
 
    1 (occ)     1         -21.187           7.029         -25.170         -15.435          -23.893
    2 (occ)     1         -18.405           7.067         -24.314         -15.499          -20.153
    3 (occ)     1         -18.405           7.070         -24.316         -15.499          -20.152
    4 (occ)     1         -14.786           4.806         -22.482         -15.280          -17.183
    5 (occ)     1         -14.786           4.806         -22.484         -15.280          -17.184
    6 (occ)     1         -12.823           3.348         -20.259         -14.203          -15.531
    7 (occ)     1         -11.125           2.879         -20.474         -14.519          -14.201
    8 (occ)     1         -10.915           2.830         -21.542         -16.172          -13.456
    9 (occ)     1         -10.195           2.329         -20.168         -14.876          -13.159
   10 (occ)     1         -10.195           2.329         -20.168         -14.875          -13.158
   11 (occ)     1          -9.026           2.420         -17.129         -12.794          -10.941
   12 (occ)     1          -8.233           1.575         -20.066         -15.408          -11.317
   13 (occ)     1          -8.233           1.576         -20.068         -15.408          -11.318
   14 (occ)     1          -6.315           0.230         -15.574         -13.016           -8.644
   15 (occ)     1          -6.315           0.228         -15.570         -13.016           -8.641
   16 (vir)     1          -1.230          -2.299          -7.482         -12.415            1.405
   17 (vir)     1          -1.229          -2.299          -7.483         -12.415            1.404
   18 (vir)     1          -0.352          -0.873          -1.354          -3.755            1.175
   19 (vir)     1           0.125          -0.656          -0.880          -2.763            1.353
   20 (vir)     1           0.125          -0.655          -0.880          -2.763            1.353
   21 (vir)     1           0.730          -0.536          -0.492          -2.096            1.798
   22 (vir)     1           0.808          -0.661          -0.816          -2.705            2.036
   23 (vir)     1           0.808          -0.661          -0.816          -2.705            2.036
   24 (vir)     1           1.068          -0.697          -0.869          -2.921            2.424
   25 (vir)     1           1.449          -0.471          -0.404          -1.863            2.437
   26 (vir)     1           1.449          -0.471          -0.404          -1.863            2.438
   27 (vir)     1           1.730          -0.622          -0.725          -2.493            2.875
   28 (vir)     1           1.885          -0.477          -0.365          -1.876            2.920
   29 (vir)     1           2.503          -4.362          -5.024         -11.162            4.279
   30 (vir)     1           2.548          -0.412          -0.428          -1.694            3.402
   31 (vir)     1           2.548          -0.412          -0.428          -1.694            3.402
   32 (vir)     1           2.786          -0.411          -0.308          -1.782            3.849
   33 (vir)     1           2.786          -0.412          -0.309          -1.782            3.848
   34 (vir)     1           2.952          -1.038          -1.993          -4.489            4.410
   35 (vir)     1           3.241          -0.472          -0.481          -1.984            4.272
   36 (vir)     1           3.241          -0.471          -0.481          -1.984            4.273
   37 (vir)     1           3.282          -1.138          -1.780          -4.436            4.800
   38 (vir)     1           3.282          -1.138          -1.780          -4.436            4.799
   39 (vir)     1           3.341          -0.327          -0.119          -1.430            4.324
   40 (vir)     1           3.729          -0.855          -1.203          -3.382            5.053
   41 (vir)     1           4.143          -0.966          -0.917          -2.716            4.976
   42 (vir)     1           4.363          -1.585          -2.425          -5.844            6.198
   43 (vir)     1           4.364          -1.584          -2.424          -5.843            6.198
   44 (vir)     1           4.899          -1.745          -2.350          -5.870            6.675
   45 (vir)     1           5.462          -1.377          -1.642          -4.953            7.395
   46 (vir)     1           5.504          -1.434          -2.287          -5.532            7.315
   47 (vir)     1           5.505          -1.435          -2.286          -5.531            7.314
   48 (vir)     1           5.710          -1.259          -1.439          -4.402            7.415
   49 (vir)     1           6.176          -1.779          -2.730          -6.584            8.251
   50 (vir)     1           6.176          -1.778          -2.729          -6.583            8.252
   51 (vir)     1           6.602          -1.266          -1.116          -4.115            8.335
   52 (vir)     1           6.602          -1.268          -1.117          -4.115            8.333
   53 (vir)     1           6.607          -1.921          -2.897          -7.094            8.883
   54 (vir)     1           6.607          -1.917          -2.896          -7.093            8.888
   55 (vir)     1           7.454          -0.511          -0.346          -2.153            8.750
   56 (vir)     1           7.454          -0.511          -0.346          -2.153            8.750
   57 (vir)     1           8.144          -1.741          -1.167          -4.716            9.951
   58 (vir)     1           8.144          -1.741          -1.168          -4.716            9.951
   59 (vir)     1           8.438          -1.593          -2.469          -6.079           10.456
   60 (vir)     1           8.438          -1.587          -2.468          -6.078           10.462
   61 (vir)     1           9.105          -2.095          -1.546          -5.502           10.966
   62 (vir)     1           9.210          -0.901          -0.683          -3.072           10.698
   63 (vir)     1           9.211          -0.901          -0.683          -3.072           10.699
   64 (vir)     1           9.574          -3.024          -3.041          -8.219           11.728
   65 (vir)     1           9.575          -3.022          -3.041          -8.219           11.730
   66 (vir)     1           9.680          -2.260          -3.807          -8.604           12.217
   67 (vir)     1           9.757          -1.470          -1.272          -5.335           12.350
   68 (vir)     1          10.558          -2.203          -1.780          -5.853           12.428
   69 (vir)     1          10.576          -1.482          -0.909          -4.245           12.430
   70 (vir)     1          11.225          -3.486          -3.621          -9.262           13.380
   71 (vir)     1          11.813          -1.385          -1.054          -3.949           13.323
   72 (vir)     1          11.813          -1.394          -1.054          -3.949           13.315
   73 (vir)     1          12.190          -2.837          -2.788          -7.718           14.284
   74 (vir)     1          12.191          -2.832          -2.788          -7.720           14.290
   75 (vir)     1          13.743          -2.049          -2.356          -6.816           16.155
   76 (vir)     1          14.152          -2.491          -1.492          -5.813           15.982
   77 (vir)     1          14.482          -1.927          -1.308          -6.160           17.406
   78 (vir)     1          14.482          -1.923          -1.308          -6.159           17.410
   79 (vir)     1          14.797          -5.015          -4.923         -12.704           17.563
   80 (vir)     1          14.921          -3.959          -3.371          -9.789           17.380
   81 (vir)     1          14.922          -3.963          -3.372          -9.789           17.376
   82 (vir)     1          14.966          -3.674          -1.759          -7.206           16.739
   83 (vir)     1          14.967          -3.673          -1.760          -7.206           16.739
   84 (vir)     1          15.063          -4.086          -3.550         -10.029           17.456
   85 (vir)     1          15.064          -4.086          -3.550         -10.029           17.457
   86 (vir)     1          15.912          -3.518          -1.597          -6.823           17.619
   87 (vir)     1          16.230          -2.948          -1.730          -6.960           18.512
   88 (vir)     1          16.673          -3.556          -2.617          -8.437           18.936
   89 (vir)     1          16.673          -3.541          -2.616          -8.438           18.953
   90 (vir)     1          17.618          -3.101          -2.736          -8.038           19.819
   91 (vir)     1          17.692          -5.466          -4.131         -12.080           20.175
   92 (vir)     1          19.327          -3.792          -2.427          -8.649           21.757
   93 (vir)     1          19.666          -3.715          -1.780          -7.274           21.446
   94 (vir)     1          19.667          -3.721          -1.778          -7.274           21.441
   95 (vir)     1          19.958          -6.018          -1.391          -6.673           19.222
   96 (vir)     1          20.801          -4.586          -1.892          -7.381           21.704
   97 (vir)     1          20.801          -4.588          -1.891          -7.381           21.703
   98 (vir)     1          20.826          -2.293          -1.125          -5.255           22.663
   99 (vir)     1          20.826          -2.258          -1.126          -5.255           22.698
  100 (vir)     1          21.075          -1.877          -0.966          -5.940           24.172
  101 (vir)     1          21.808          -3.058          -1.567          -6.480           23.662
  102 (vir)     1          22.539          -2.607          -0.894          -6.139           25.178
  103 (vir)     1          22.539          -2.605          -0.895          -6.139           25.179
  104 (vir)     1          22.659          -2.546          -1.004          -6.296           25.405
  105 (vir)     1          22.659          -2.546          -1.004          -6.296           25.405
  106 (vir)     1          24.446           0.392          -1.775          -8.350           31.413
  107 (vir)     1          25.139          -5.194          -2.443          -9.737           27.239
  108 (vir)     1          26.848          -4.385          -1.400          -7.074           28.137
  109 (vir)     1          26.848          -4.368          -1.402          -7.075           28.153
  110 (vir)     1          27.078          -3.646          -3.106          -9.848           30.175
  111 (vir)     1          27.247          -3.046          -1.029          -6.109           29.281
  112 (vir)     1          27.247          -3.245          -1.031          -6.109           29.080
  113 (vir)     1          27.285          -4.218          -1.805          -7.556           28.818
  114 (vir)     1          27.285          -4.216          -1.803          -7.556           28.822
  115 (vir)     1          27.624          -4.995          -2.761          -9.761           29.629
  116 (vir)     1          28.035          -4.513          -2.424          -9.577           30.675
  117 (vir)     1          28.036          -4.520          -2.424          -9.577           30.669
  118 (vir)     1          29.945          -2.655          -0.996          -6.452           32.746
  119 (vir)     1          30.008          -5.301          -1.943          -8.433           31.197
  120 (vir)     1          30.008          -5.337          -1.945          -8.433           31.160
  121 (vir)     1          30.520          -3.309          -2.221          -8.818           33.808
  122 (vir)     1          30.520          -3.336          -2.223          -8.818           33.780
  123 (vir)     1          30.837         -10.161          -2.179         -10.794           29.290
  124 (vir)     1          31.658          -2.023          -0.799          -6.501           35.338
  125 (vir)     1          31.767          -5.205          -1.664          -7.770           32.669
  126 (vir)     1          31.767          -5.200          -1.664          -7.770           32.673
  127 (vir)     1          32.928           3.778          -2.397          -9.870           44.179
  128 (vir)     1          32.928           3.792          -2.406          -9.871           44.185
  129 (vir)     1          35.096          -6.360          -1.807          -8.403           35.332
  130 (vir)     1          35.601          -3.675          -1.924          -8.223           38.225
  131 (vir)     1          36.678          -6.489          -1.409          -8.263           37.043
  132 (vir)     1          36.678          -6.456          -1.407          -8.264           37.079
  133 (vir)     1          38.449          -7.957          -3.256         -11.819           39.056
  134 (vir)     1          38.655          -7.989          -1.816          -9.494           38.343
  135 (vir)     1          38.655          -7.990          -1.814          -9.494           38.345
  136 (vir)     1          41.148           3.728          -3.105         -11.476           53.247
  137 (vir)     1          41.149           3.739          -3.116         -11.476           53.248
  138 (vir)     1          42.135          -8.851          -2.186          -9.990           41.088
  139 (vir)     1          42.467          -8.417          -2.005          -9.275           41.320
  140 (vir)     1          42.467          -8.381          -2.008          -9.275           41.354
  141 (vir)     1          44.687          -8.636          -2.576         -11.408           44.884
  142 (vir)     1          44.687          -8.578          -2.572         -11.409           44.946
  143 (vir)     1          47.251          -8.198          -3.366         -12.130           47.817
  144 (vir)     1          49.005          -8.779          -1.657          -9.490           48.059
  145 (vir)     1          49.005          -8.791          -1.659          -9.490           48.046
  146 (vir)     1          49.447           2.214          -3.736         -14.251           62.177
  147 (vir)     1          50.874           4.540          -2.717         -11.565           64.262
  148 (vir)     1          50.875           4.554          -2.718         -11.565           64.276
  149 (vir)     1          50.978           2.950          -3.010         -12.200           63.117
  150 (vir)     1          50.978           2.965          -3.009         -12.200           63.133
  151 (vir)     1          52.120           0.696          -1.810         -10.261           61.267
  152 (vir)     1          52.444           2.871          -1.926          -9.962           63.352
  153 (vir)     1          52.445           2.851          -1.923          -9.964           63.337
  154 (vir)     1          54.497         -11.737          -2.025         -10.505           51.240
  155 (vir)     1          55.984           3.464          -2.340         -11.721           68.829
  156 (vir)     1          55.986           3.448          -2.341         -11.721           68.814
  157 (vir)     1          57.012           3.910          -2.889         -12.800           70.833
  158 (vir)     1          58.663         -12.641          -1.935         -11.516           55.604
  159 (vir)     1          58.822           3.898          -2.773         -12.897           72.844
  160 (vir)     1          60.646           4.153          -2.567         -12.611           74.843
  161 (vir)     1          60.647           4.187          -2.572         -12.612           74.874
  162 (vir)     1          61.950           4.062          -2.664         -13.026           76.375
  163 (vir)     1          61.952           4.101          -2.663         -13.026           76.417
  164 (vir)     1          63.097           3.874          -3.080         -14.402           78.293
  165 (vir)     1          63.098           3.938          -3.080         -14.401           78.358
  166 (vir)     1          63.608           4.519          -2.428         -12.868           78.566
  167 (vir)     1          66.288           2.938          -2.427         -13.370           80.169
  168 (vir)     1          66.605           2.805          -2.122         -11.749           79.038
  169 (vir)     1          66.606           2.869          -2.128         -11.749           79.095
  170 (vir)     1          66.673           2.937          -2.137         -12.404           79.877
  171 (vir)     1          66.674           2.909          -2.139         -12.404           79.847
  172 (vir)     1          67.001           3.311          -1.157          -9.347           78.503
  173 (vir)     1          67.330           3.939          -2.829         -14.860           83.301
  174 (vir)     1          67.332           3.970          -2.830         -14.860           83.332
  175 (vir)     1          68.812           3.810          -2.772         -13.564           83.413
  176 (vir)     1          70.227           4.368          -2.083         -13.176           85.688
  177 (vir)     1          70.228           4.439          -2.084         -13.176           85.759
  178 (vir)     1          71.124           3.862          -2.497         -13.800           86.289
  179 (vir)     1          71.126           3.915          -2.493         -13.799           86.347
  180 (vir)     1          72.215           5.183          -1.774         -12.933           88.556
  181 (vir)     1          72.215           5.154          -1.771         -12.933           88.530
  182 (vir)     1          73.244           2.118          -1.598         -11.046           84.810
  183 (vir)     1          74.285           4.238          -1.634         -12.100           88.989
  184 (vir)     1          74.725           3.113          -1.958         -12.017           87.896
  185 (vir)     1          74.726           3.039          -1.960         -12.015           87.821
  186 (vir)     1          74.931           3.886          -2.676         -14.295           90.435
  187 (vir)     1          74.932           3.869          -2.674         -14.295           90.421
  188 (vir)     1          76.383           3.869          -2.188         -13.149           91.213
  189 (vir)     1          76.383           3.943          -2.190         -13.149           91.285
  190 (vir)     1          76.808           3.485          -1.917         -13.084           91.459
  191 (vir)     1          80.140           4.595          -2.305         -14.385           96.815
  192 (vir)     1          82.972           3.183          -2.217         -13.630           97.569
  193 (vir)     1          82.973           3.172          -2.216         -13.629           97.558
  194 (vir)     1          84.165           2.995          -2.821         -14.865           99.204
  195 (vir)     1          86.691           2.869          -1.716         -12.111           99.955
  196 (vir)     1          88.093           3.100          -2.923         -15.707          103.976
  197 (vir)     1          89.885           2.367          -2.059         -13.842          104.035
  198 (vir)     1          91.061           3.238          -1.880         -13.188          105.606
  199 (vir)     1          91.062           3.359          -1.876         -13.188          105.733
  200 (vir)     1          91.252           2.601          -2.534         -14.865          106.184
  201 (vir)     1          91.254           2.642          -2.534         -14.865          106.227
  202 (vir)     1          91.653           2.551          -2.515         -14.594          106.283
  203 (vir)     1          91.655           2.556          -2.515         -14.593          106.289
  204 (vir)     1         102.314           2.691          -2.262         -14.865          117.609
  205 (vir)     1         102.319           2.677          -2.272         -14.865          117.589
  206 (vir)     1         103.291           2.398          -1.990         -14.212          117.911
  207 (vir)     1         103.292           2.481          -1.992         -14.212          117.993
  208 (vir)     1         104.867           1.986          -1.546         -12.931          118.238
  209 (vir)     1         105.970           1.852          -1.702         -13.395          119.515
  210 (vir)     1         110.721           1.135          -1.494         -13.323          123.684
  211 (vir)     1         122.140           1.595          -1.746         -14.120          136.109
  212 (vir)     1         122.142           1.739          -1.760         -14.120          136.241
  213 (vir)     1         125.544           1.031          -2.022         -15.946          140.499
  214 (vir)     1         128.820           1.712          -1.785         -14.499          143.246
  215 (vir)     1         130.008           1.928          -2.162         -15.896          145.670
  216 (vir)     1         151.348           2.325          -1.791         -15.957          167.840
  217 (vir)     1         162.050           2.550          -1.674         -15.897          178.823
  218 (vir)     1         162.050           2.567          -1.670         -15.898          178.845
  219 (vir)     1         165.960           2.510          -1.568         -15.658          182.560
  220 (vir)     1         165.961           2.525          -1.563         -15.658          182.582
  221 (vir)     1         166.161           2.492          -1.597         -15.872          182.928
  222 (vir)     1         177.354           0.984          -1.329         -15.381          192.390
  223 (vir)     1         203.676           6.242          -0.948         -12.455          221.425
  224 (vir)     1         239.050          -1.645          -0.870         -13.304          249.839
  225 (vir)     1         239.061          -3.136          -0.870         -13.293          248.347
  226 (vir)     1         244.038          -2.015          -0.894         -13.602          254.731
  227 (vir)     1         244.051          -0.640          -0.894         -13.590          256.107
  228 (vir)     1         246.007           0.988          -0.868         -13.581          259.709
 
