 
  kpoint:       1             coordinate:     0.0000    0.0000    0.0000                  spin:  1
 
    n           k   ϵ_nk^DFT (eV)     Σ^c_nk (eV)     Σ^x_nk (eV)    v_nk^xc (eV)   ϵ_nk^G0W0 (eV)
 
    1 (occ)     1         -23.237           6.237         -23.248         -14.305          -25.943
    2 (occ)     1         -20.616           5.575         -22.507         -14.447          -23.101
    3 (occ)     1         -20.616           5.575         -22.507         -14.447          -23.101
    4 (occ)     1         -20.616           5.575         -22.507         -14.447          -23.101
    5 (occ)     1         -15.563           4.022         -20.325         -14.324          -17.542
    6 (occ)     1         -11.650           1.954         -17.598         -13.498          -13.796
    7 (occ)     1         -11.650           1.954         -17.598         -13.498          -13.797
    8 (occ)     1         -11.650           1.954         -17.598         -13.498          -13.797
    9 (occ)     1          -8.302           1.926         -16.666         -12.291          -10.751
   10 (occ)     1          -8.302           1.925         -16.666         -12.291          -10.751
   11 (occ)     1          -7.753           1.405         -16.301         -12.461          -10.188
   12 (occ)     1          -7.753           1.405         -16.301         -12.461          -10.188
   13 (occ)     1          -7.753           1.404         -16.301         -12.461          -10.188
   14 (occ)     1          -6.878           1.478         -16.904         -12.903           -9.401
   15 (occ)     1          -6.878           1.478         -16.904         -12.903           -9.401
   16 (occ)     1          -6.878           1.478         -16.904         -12.903           -9.401
   17 (vir)     1          -3.515          -2.030          -7.516         -12.333           -0.728
   18 (vir)     1          -1.886          -2.588          -6.854         -12.142            0.814
   19 (vir)     1          -1.886          -2.588          -6.854         -12.142            0.813
   20 (vir)     1          -1.886          -2.588          -6.854         -12.142            0.814
   21 (vir)     1           0.791          -1.406          -1.609          -4.875            2.651
   22 (vir)     1           0.907          -0.824          -0.982          -3.212            2.314
   23 (vir)     1           0.907          -0.824          -0.982          -3.212            2.314
   24 (vir)     1           0.907          -0.824          -0.982          -3.212            2.314
   25 (vir)     1           1.474          -0.653          -0.752          -2.699            2.768
   26 (vir)     1           1.474          -0.653          -0.752          -2.699            2.768
   27 (vir)     1           1.578          -0.806          -1.161          -3.437            3.048
   28 (vir)     1           1.578          -0.806          -1.161          -3.437            3.048
   29 (vir)     1           1.578          -0.806          -1.161          -3.437            3.048
   30 (vir)     1           3.532          -1.778          -2.672          -6.722            5.804
   31 (vir)     1           3.532          -1.778          -2.672          -6.722            5.804
   32 (vir)     1           3.532          -1.778          -2.672          -6.722            5.805
   33 (vir)     1           4.097          -1.594          -3.324          -7.577            6.755
   34 (vir)     1           4.097          -1.595          -3.324          -7.577            6.755
   35 (vir)     1           4.299          -1.574          -2.642          -6.548            6.630
   36 (vir)     1           4.299          -1.574          -2.642          -6.548            6.630
   37 (vir)     1           4.299          -1.574          -2.642          -6.548            6.630
   38 (vir)     1           5.503          -1.783          -2.091          -6.074            7.703
   39 (vir)     1           5.503          -1.783          -2.091          -6.074            7.703
   40 (vir)     1           5.503          -1.783          -2.091          -6.074            7.703
   41 (vir)     1           5.778          -1.573          -2.248          -6.290            8.247
   42 (vir)     1           5.778          -1.573          -2.248          -6.290            8.247
   43 (vir)     1           5.778          -1.572          -2.248          -6.290            8.247
   44 (vir)     1           6.627          -2.666          -2.254          -6.891            8.599
   45 (vir)     1           6.842          -1.603          -2.613          -6.726            9.351
   46 (vir)     1           6.842          -1.603          -2.613          -6.726            9.351
   47 (vir)     1           7.968          -2.714          -2.080          -6.710            9.884
   48 (vir)     1           7.968          -2.715          -2.080          -6.710            9.884
   49 (vir)     1           7.968          -2.715          -2.080          -6.710            9.884
   50 (vir)     1           8.012          -1.907          -0.691          -4.290            9.704
   51 (vir)     1           8.588          -1.927          -1.383          -5.332           10.610
   52 (vir)     1           8.588          -1.927          -1.383          -5.332           10.610
   53 (vir)     1           8.588          -1.927          -1.383          -5.332           10.611
   54 (vir)     1           9.517          -2.319          -1.573          -5.819           11.444
   55 (vir)     1           9.560          -1.844          -1.238          -5.057           11.536
   56 (vir)     1           9.560          -1.844          -1.238          -5.057           11.536
   57 (vir)     1           9.931          -2.112          -1.768          -5.835           11.886
   58 (vir)     1           9.931          -2.112          -1.768          -5.835           11.886
   59 (vir)     1           9.931          -2.112          -1.768          -5.835           11.886
   60 (vir)     1          10.538          -1.676          -0.834          -4.583           12.610
   61 (vir)     1          10.538          -1.676          -0.834          -4.583           12.611
   62 (vir)     1          10.538          -1.675          -0.834          -4.583           12.611
   63 (vir)     1          11.487          -2.286          -1.234          -5.534           13.501
   64 (vir)     1          11.487          -2.286          -1.234          -5.534           13.501
   65 (vir)     1          11.487          -2.286          -1.234          -5.534           13.502
   66 (vir)     1          11.813          -2.131          -2.084          -6.722           14.319
   67 (vir)     1          11.813          -2.131          -2.085          -6.722           14.319
   68 (vir)     1          12.428          -1.831          -0.949          -4.909           14.558
   69 (vir)     1          12.428          -1.831          -0.949          -4.909           14.558
   70 (vir)     1          12.428          -1.831          -0.949          -4.909           14.558
   71 (vir)     1          13.161          -2.580          -1.765          -6.558           15.374
   72 (vir)     1          13.161          -2.579          -1.765          -6.558           15.375
   73 (vir)     1          13.161          -2.579          -1.765          -6.558           15.375
   74 (vir)     1          13.744          -1.760          -1.360          -5.503           16.127
   75 (vir)     1          13.744          -1.761          -1.359          -5.503           16.127
   76 (vir)     1          13.744          -1.760          -1.360          -5.503           16.127
   77 (vir)     1          14.175          -1.517          -1.385          -5.682           16.955
   78 (vir)     1          14.175          -1.517          -1.385          -5.682           16.954
   79 (vir)     1          14.175          -1.516          -1.385          -5.682           16.955
   80 (vir)     1          15.354          -1.897          -0.432          -4.218           17.243
   81 (vir)     1          16.080          -2.690          -2.428          -7.797           18.759
   82 (vir)     1          16.080          -2.690          -2.428          -7.797           18.759
   83 (vir)     1          16.264          -3.598          -0.909          -5.096           16.853
   84 (vir)     1          16.869          -3.556          -2.308          -7.605           18.610
   85 (vir)     1          16.869          -3.552          -2.308          -7.605           18.615
   86 (vir)     1          16.869          -3.553          -2.309          -7.605           18.612
   87 (vir)     1          16.996          -3.384          -1.252          -5.651           18.011
   88 (vir)     1          16.996          -3.380          -1.252          -5.651           18.015
   89 (vir)     1          16.996          -3.381          -1.252          -5.651           18.014
   90 (vir)     1          17.883          -3.659          -2.186          -7.872           19.910
   91 (vir)     1          17.883          -3.652          -2.186          -7.872           19.917
   92 (vir)     1          17.883          -3.646          -2.186          -7.872           19.924
   93 (vir)     1          19.684          -4.430          -1.606          -6.900           20.547
   94 (vir)     1          20.984          -3.674          -2.337          -8.154           23.127
   95 (vir)     1          20.984          -3.672          -2.337          -8.154           23.129
   96 (vir)     1          20.984          -3.673          -2.340          -8.154           23.125
   97 (vir)     1          21.312          -8.863          -3.297         -11.088           20.239
   98 (vir)     1          24.775           0.422          -3.601         -11.949           33.545
   99 (vir)     1          24.775           0.420          -3.601         -11.949           33.544
  100 (vir)     1          24.775           0.418          -3.600         -11.949           33.542
  101 (vir)     1          26.645           2.291          -3.408         -11.254           36.781
  102 (vir)     1          26.645           2.292          -3.409         -11.254           36.783
  103 (vir)     1          26.645           2.288          -3.411         -11.254           36.776
  104 (vir)     1          27.361          -5.801          -2.203          -8.964           28.321
  105 (vir)     1          27.361          -5.800          -2.202          -8.964           28.323
  106 (vir)     1          27.361          -5.800          -2.202          -8.964           28.323
  107 (vir)     1          29.099          -7.831          -3.328         -11.266           29.206
  108 (vir)     1          29.099          -7.830          -3.330         -11.266           29.206
  109 (vir)     1          29.845          -9.107          -3.027         -11.409           29.120
  110 (vir)     1          30.742          -4.655          -3.032         -11.054           34.110
  111 (vir)     1          30.742          -4.660          -3.031         -11.054           34.105
  112 (vir)     1          30.742          -4.707          -3.036         -11.054           34.054
  113 (vir)     1          31.120           1.317          -3.179         -11.623           40.881
  114 (vir)     1          31.120           1.320          -3.176         -11.623           40.886
  115 (vir)     1          31.120           1.320          -3.183         -11.623           40.880
  116 (vir)     1          31.269          -1.489          -3.005         -11.532           38.307
  117 (vir)     1          31.269          -1.489          -3.006         -11.532           38.306
  118 (vir)     1          33.927           1.411          -2.289          -9.954           43.003
  119 (vir)     1          33.927           1.413          -2.286          -9.954           43.008
  120 (vir)     1          33.927           1.411          -2.292          -9.954           42.999
  121 (vir)     1          41.417          -9.078          -3.825         -14.135           42.649
  122 (vir)     1          41.417          -9.081          -3.825         -14.135           42.646
  123 (vir)     1          43.012           3.650          -3.082         -13.389           56.968
  124 (vir)     1          43.012           3.654          -3.082         -13.389           56.973
  125 (vir)     1          43.012           3.659          -3.081         -13.389           56.979
  126 (vir)     1          52.774           3.442          -2.669         -13.829           67.375
  127 (vir)     1          52.774           3.439          -2.669         -13.829           67.373
  128 (vir)     1          52.774           3.442          -2.668         -13.829           67.376
  129 (vir)     1          71.881           3.753          -1.877         -12.093           85.851
  130 (vir)     1          71.881           3.752          -1.875         -12.093           85.851
  131 (vir)     1          71.881           3.752          -1.874         -12.093           85.852
  132 (vir)     1          72.706           4.134          -1.852         -12.089           87.077
  133 (vir)     1          72.706           4.131          -1.851         -12.089           87.075
  134 (vir)     1          76.889           3.013          -1.657         -11.831           90.076
  135 (vir)     1          76.889           3.003          -1.661         -11.831           90.063
  136 (vir)     1          76.889           3.001          -1.663         -11.831           90.058
  137 (vir)     1          77.859           3.656          -1.331         -11.787           91.970
  138 (vir)     1          80.423           2.482          -1.606         -12.737           94.036
  139 (vir)     1          80.423           2.485          -1.606         -12.737           94.039
  140 (vir)     1          80.423           2.482          -1.606         -12.737           94.035
  141 (vir)     1         105.427         -10.357          -0.637          -8.518          102.952
  142 (vir)     1         110.960         -12.781          -0.682          -8.825          106.322
  143 (vir)     1         110.960         -12.785          -0.683          -8.825          106.318
  144 (vir)     1         110.960         -12.796          -0.684          -8.825          106.305
  145 (vir)     1         219.212           7.697          -0.771         -12.061          238.199
 
