 
  kpoint:       1             coordinate:     0.0000    0.0000    0.0000                  spin:  1
 
    n           k   ϵ_nk^DFT (eV)     Σ^c_nk (eV)     Σ^x_nk (eV)    v_nk^xc (eV)   ϵ_nk^G0W0 (eV)
 
    1 (occ)     1         -14.096           3.973         -17.475         -11.051          -16.547
    2 (occ)     1         -12.466           3.075         -17.263         -11.371          -15.282
    3 (occ)     1          -8.895           1.366         -15.578         -11.044          -12.063
    4 (occ)     1          -8.894           1.362         -15.569         -11.044          -12.058
    5 (occ)     1          -8.249           1.189         -15.893         -11.513          -11.439
    6 (occ)     1          -8.248           1.186         -15.884         -11.512          -11.434
    7 (occ)     1          -7.312           0.620         -14.049         -10.695          -10.046
    8 (vir)     1          -0.637          -1.691          -3.871          -8.133            1.933
    9 (vir)     1          -0.637          -1.689          -3.870          -8.132            1.937
   10 (vir)     1          -0.574          -1.019          -1.528          -4.424            1.304
   11 (vir)     1          -0.510          -1.302          -2.341          -5.716            1.563
   12 (vir)     1           0.255          -1.308          -1.952          -5.482            2.477
   13 (vir)     1           0.255          -1.310          -1.951          -5.482            2.476
   14 (vir)     1           0.834          -1.512          -2.407          -6.270            3.185
   15 (vir)     1           0.923          -0.750          -1.183          -3.420            2.410
   16 (vir)     1           0.938          -0.519          -0.581          -2.336            2.174
   17 (vir)     1           0.938          -0.522          -0.581          -2.336            2.171
   18 (vir)     1           1.882          -0.577          -0.659          -2.588            3.234
   19 (vir)     1           1.882          -0.583          -0.660          -2.588            3.228
   20 (vir)     1           2.323          -1.169          -1.519          -4.846            4.481
   21 (vir)     1           2.323          -1.166          -1.517          -4.846            4.485
   22 (vir)     1           2.527          -1.413          -2.152          -5.328            4.290
   23 (vir)     1           3.316          -1.097          -1.419          -4.121            4.921
   24 (vir)     1           4.113          -0.760          -0.866          -2.987            5.474
   25 (vir)     1           4.113          -0.758          -0.864          -2.987            5.478
   26 (vir)     1           5.251          -0.900          -0.711          -3.151            6.792
   27 (vir)     1           5.269          -1.155          -1.418          -4.419            7.114
   28 (vir)     1           5.436          -0.886          -0.834          -3.314            7.030
   29 (vir)     1           5.436          -0.895          -0.831          -3.314            7.024
   30 (vir)     1           5.600          -1.350          -1.364          -4.808            7.694
   31 (vir)     1           5.600          -1.365          -1.368          -4.808            7.675
   32 (vir)     1           6.058          -0.975          -1.082          -3.824            7.825
   33 (vir)     1           6.058          -0.951          -1.080          -3.824            7.852
   34 (vir)     1           6.241          -2.082          -1.541          -5.454            8.072
   35 (vir)     1           6.414          -1.208          -0.946          -4.155            8.414
   36 (vir)     1           6.414          -1.227          -0.951          -4.154            8.390
   37 (vir)     1           6.886          -1.596          -1.078          -4.438            8.650
   38 (vir)     1           6.998          -0.938          -1.054          -3.689            8.695
   39 (vir)     1           6.998          -0.946          -1.051          -3.690            8.691
   40 (vir)     1           7.013          -1.574          -0.995          -4.938            9.382
   41 (vir)     1           7.849          -1.721          -1.067          -4.748            9.808
   42 (vir)     1           7.849          -1.713          -1.072          -4.748            9.813
   43 (vir)     1           8.376          -1.613          -0.960          -4.918           10.722
   44 (vir)     1           9.104          -1.880          -0.775          -4.671           11.120
   45 (vir)     1           9.515          -1.939          -1.193          -5.164           11.547
   46 (vir)     1           9.516          -1.934          -1.195          -5.164           11.550
   47 (vir)     1          10.080          -2.176          -1.272          -5.469           12.100
   48 (vir)     1          10.362          -2.832          -1.510          -6.423           12.443
   49 (vir)     1          10.362          -2.861          -1.512          -6.423           12.411
   50 (vir)     1          11.025          -2.602          -1.546          -6.193           13.070
   51 (vir)     1          11.510          -2.570          -1.484          -6.244           13.700
   52 (vir)     1          12.491          -1.337          -0.335          -3.516           14.335
   53 (vir)     1          12.665          -2.185          -0.916          -4.936           14.501
   54 (vir)     1          12.665          -2.232          -0.914          -4.935           14.454
   55 (vir)     1          12.675          -2.219          -0.957          -5.344           14.843
   56 (vir)     1          12.676          -2.295          -0.960          -5.345           14.766
   57 (vir)     1          13.437          -2.243          -0.842          -5.028           15.380
   58 (vir)     1          14.150          -2.889          -1.053          -5.826           16.034
   59 (vir)     1          14.150          -2.886          -1.058          -5.826           16.033
   60 (vir)     1          15.071          -3.722          -1.982          -8.145           17.512
   61 (vir)     1          15.385          -3.233          -1.490          -6.988           17.649
   62 (vir)     1          15.385          -3.249          -1.491          -6.988           17.635
   63 (vir)     1          15.389          -3.516          -1.251          -6.770           17.392
   64 (vir)     1          15.390          -3.472          -1.249          -6.771           17.441
   65 (vir)     1          16.433          -3.271          -1.224          -6.017           17.955
   66 (vir)     1          16.703          -2.316          -0.606          -4.640           18.421
   67 (vir)     1          16.704          -2.391          -0.611          -4.640           18.343
   68 (vir)     1          18.842          -1.868          -0.605          -4.605           20.974
   69 (vir)     1          20.700          -5.430          -1.483          -7.953           21.740
   70 (vir)     1          20.700          -5.498          -1.483          -7.953           21.672
   71 (vir)     1          20.864          -4.349          -1.185          -7.126           22.456
   72 (vir)     1          20.864          -4.303          -1.178          -7.126           22.509
   73 (vir)     1          21.312          -4.091          -0.999          -5.870           22.092
   74 (vir)     1          22.850          -6.403          -2.321          -9.780           23.907
   75 (vir)     1          22.852          -6.414          -2.314          -9.781           23.905
   76 (vir)     1          23.714          -5.845          -1.771          -8.066           24.164
   77 (vir)     1          23.840          -7.509          -2.362         -10.504           24.472
   78 (vir)     1          24.782          -7.243          -2.126          -9.994           25.408
   79 (vir)     1          24.784          -7.229          -2.122          -9.995           25.428
   80 (vir)     1          31.522          -8.806          -1.276          -8.328           29.767
   81 (vir)     1          32.659          -9.221          -1.196          -8.519           30.762
   82 (vir)     1          32.968          -8.953          -1.363          -8.910           31.561
   83 (vir)     1          32.970          -8.824          -1.359          -8.911           31.697
   84 (vir)     1          33.781           2.903          -1.361          -8.669           43.991
   85 (vir)     1          33.781           2.870          -1.354          -8.670           43.967
   86 (vir)     1          39.425           2.372          -1.185          -8.450           49.061
   87 (vir)     1          45.686           2.562          -1.862         -10.571           56.958
   88 (vir)     1          45.689           2.567          -1.866         -10.571           56.961
   89 (vir)     1          46.833           2.404          -2.144         -10.714           57.807
   90 (vir)     1          47.759           2.495          -1.919         -10.719           59.054
   91 (vir)     1          47.762           2.516          -1.927         -10.719           59.070
   92 (vir)     1          51.488           1.886          -1.710         -10.227           61.891
   93 (vir)     1          51.720           2.228          -1.893         -10.871           62.926
   94 (vir)     1          51.721           2.089          -1.892         -10.871           62.789
   95 (vir)     1          51.898           2.014          -1.891         -11.011           63.032
   96 (vir)     1          52.073           2.151          -2.099         -11.204           63.330
   97 (vir)     1          52.741           2.195          -1.986         -11.009           63.960
   98 (vir)     1          52.742           2.023          -1.988         -11.010           63.786
   99 (vir)     1          52.836           1.920          -1.847         -10.692           63.600
  100 (vir)     1          55.356           2.274          -1.832         -10.966           66.764
  101 (vir)     1          67.651           1.795          -1.858         -12.089           79.677
  102 (vir)     1          67.661           1.884          -1.846         -12.089           79.789
  103 (vir)     1          68.755           1.732          -1.851         -12.005           80.641
  104 (vir)     1          68.766           1.803          -1.839         -12.005           80.735
  105 (vir)     1          86.726          -7.874          -0.397          -6.896           85.351
  106 (vir)     1          93.275          -6.946          -0.408          -7.217           93.138
  107 (vir)     1         141.084           1.835          -1.888         -16.220          157.252
  108 (vir)     1         143.126           1.908          -1.806         -15.960          159.187
  109 (vir)     1         144.576           1.811          -1.829         -16.116          160.674
  110 (vir)     1         144.579           1.812          -1.829         -16.116          160.679
  111 (vir)     1         144.931           1.803          -1.834         -16.144          161.044
  112 (vir)     1         144.934           1.804          -1.835         -16.144          161.047
 
