 
  kpoint:       1             coordinate:     0.0000    0.0000    0.0000                  spin:  1
 
    n           k   ϵ_nk^DFT (eV)     Σ^c_nk (eV)     Σ^x_nk (eV)    v_nk^xc (eV)   ϵ_nk^G0W0 (eV)
 
    1 (occ)     1         -50.871           3.931         -43.897         -28.301          -62.536
    2 (occ)     1          -4.481           1.535         -12.908          -9.082           -6.771
    3 (vir)     1          -1.412          -0.361          -0.831          -2.820            0.216
    4 (vir)     1          -0.361          -0.324          -0.547          -2.711            1.479
    5 (vir)     1          -0.361          -0.325          -0.542          -2.711            1.484
    6 (vir)     1           1.691          -0.370          -0.732          -2.273            2.862
    7 (vir)     1           3.223          -0.207          -0.251          -1.483            4.247
    8 (vir)     1           3.232          -0.130          -0.336          -1.908            4.674
    9 (vir)     1           3.232          -0.127          -0.324          -1.908            4.688
   10 (vir)     1           3.531          -0.395          -0.029          -1.219            4.326
   11 (vir)     1           3.531          -0.396          -0.031          -1.219            4.324
   12 (vir)     1           4.241          -0.603          -0.762          -3.368            6.244
   13 (vir)     1           4.259          -0.881          -0.788          -3.943            6.533
   14 (vir)     1           4.259          -0.866          -0.786          -3.943            6.549
   15 (vir)     1           6.658          -0.951          -1.618          -5.485            9.574
   16 (vir)     1           8.874           0.037          -1.099          -5.084           12.896
   17 (vir)     1           8.874          -0.005          -1.106          -5.084           12.848
   18 (vir)     1          10.116          -3.261          -2.156          -6.651           11.350
   19 (vir)     1          20.482          -5.648          -2.760          -8.077           20.151
   20 (vir)     1          40.835           0.274          -2.997         -10.907           49.019
   21 (vir)     1          47.776          -0.558          -1.968         -10.528           55.778
   22 (vir)     1          47.776          -1.549          -1.985         -10.528           54.770
   23 (vir)     1          50.698           0.662          -2.120         -10.645           59.885
   24 (vir)     1         149.319           1.257          -1.785         -16.108          164.899
 
