 
  kpoint:       1             coordinate:     0.0000    0.0000    0.0000                  spin:  1
 
    n           k   ϵ_nk^DFT (eV)     Σ^c_nk (eV)     Σ^x_nk (eV)    v_nk^xc (eV)   ϵ_nk^G0W0 (eV)
 
    1 (occ)     1         -18.493           5.296         -23.829         -14.832          -22.194
    2 (occ)     1         -15.025           3.723         -22.463         -14.707          -19.059
    3 (occ)     1         -10.503           1.576         -19.248         -13.720          -14.456
    4 (occ)     1         -10.503           1.576         -19.251         -13.719          -14.459
    5 (occ)     1          -8.824           1.229         -19.320         -14.680          -12.235
    6 (occ)     1          -8.152           0.956         -18.929         -14.050          -12.074
    7 (occ)     1          -8.151           0.956         -18.932         -14.050          -12.077
    8 (vir)     1          -0.246          -0.590          -1.079          -3.303            1.388
    9 (vir)     1           0.308          -0.491          -0.802          -2.731            1.746
   10 (vir)     1           0.636          -0.425          -0.702          -2.421            1.930
   11 (vir)     1           0.636          -0.425          -0.702          -2.421            1.930
   12 (vir)     1           1.439          -0.316          -0.378          -1.773            2.518
   13 (vir)     1           1.515          -0.393          -0.649          -2.339            2.812
   14 (vir)     1           1.515          -0.394          -0.649          -2.339            2.811
   15 (vir)     1           1.629          -0.270          -0.288          -1.613            2.684
   16 (vir)     1           1.629          -0.270          -0.288          -1.613            2.684
   17 (vir)     1           3.274          -0.379          -0.537          -2.211            4.569
   18 (vir)     1           3.407          -0.670          -1.258          -3.434            4.913
   19 (vir)     1           3.666          -0.909          -1.925          -5.040            5.872
   20 (vir)     1           3.667          -0.910          -1.924          -5.039            5.873
   21 (vir)     1           4.038          -0.305          -0.251          -1.865            5.347
   22 (vir)     1           4.039          -0.304          -0.251          -1.865            5.348
   23 (vir)     1           4.413          -1.020          -2.066          -5.296            6.622
   24 (vir)     1           4.413          -1.020          -2.066          -5.296            6.623
   25 (vir)     1           4.452          -1.232          -2.709          -6.167            6.679
   26 (vir)     1           4.560          -0.684          -1.306          -3.653            6.223
   27 (vir)     1           4.560          -0.684          -1.306          -3.653            6.224
   28 (vir)     1           5.294          -1.384          -2.949          -6.889            7.850
   29 (vir)     1           5.960          -0.949          -1.464          -4.509            8.055
   30 (vir)     1           6.477          -1.045          -1.482          -4.712            8.661
   31 (vir)     1           6.477          -1.044          -1.483          -4.712            8.661
   32 (vir)     1           7.339          -1.076          -1.947          -5.317            9.633
   33 (vir)     1           7.339          -1.078          -1.946          -5.317            9.632
   34 (vir)     1           7.379          -0.526          -0.210          -2.564            9.208
   35 (vir)     1           8.442          -1.068          -1.609          -5.210           10.974
   36 (vir)     1           8.442          -1.067          -1.611          -5.210           10.974
   37 (vir)     1          10.064          -0.775          -0.475          -3.439           12.253
   38 (vir)     1          10.064          -0.778          -0.475          -3.439           12.250
   39 (vir)     1          10.358          -0.745          -0.315          -3.130           12.429
   40 (vir)     1          11.528          -1.161          -0.770          -4.146           13.743
   41 (vir)     1          11.899          -3.800          -4.067         -11.062           15.094
   42 (vir)     1          12.335          -0.959          -0.965          -4.182           14.593
   43 (vir)     1          12.936          -1.937          -2.381          -7.068           15.685
   44 (vir)     1          12.937          -1.945          -2.384          -7.068           15.676
   45 (vir)     1          13.593          -3.187          -3.581         -10.053           16.877
   46 (vir)     1          13.714          -2.529          -2.826          -8.369           16.728
   47 (vir)     1          13.715          -2.531          -2.830          -8.370           16.725
   48 (vir)     1          13.867          -1.302          -0.772          -4.535           16.328
   49 (vir)     1          14.115          -1.235          -0.619          -4.071           16.332
   50 (vir)     1          17.471          -2.249          -0.963          -5.608           19.867
   51 (vir)     1          17.471          -2.252          -0.964          -5.608           19.863
   52 (vir)     1          17.837          -1.895          -1.082          -5.636           20.496
   53 (vir)     1          17.933          -3.171          -2.869          -8.963           20.856
   54 (vir)     1          19.286          -2.041          -1.566          -6.475           22.154
   55 (vir)     1          19.286          -2.031          -1.560          -6.476           22.170
   56 (vir)     1          21.926          -2.256          -1.206          -6.155           24.619
   57 (vir)     1          22.917          -2.877          -1.454          -7.098           25.684
   58 (vir)     1          22.918          -2.861          -1.454          -7.099           25.701
   59 (vir)     1          24.508           0.030          -0.817          -5.401           29.122
   60 (vir)     1          24.575          -3.664          -2.401          -9.049           27.559
   61 (vir)     1          24.575          -3.652          -2.401          -9.049           27.571
   62 (vir)     1          27.132          -2.814          -0.502          -4.994           28.810
   63 (vir)     1          27.193          -3.078          -1.861          -7.327           29.581
   64 (vir)     1          27.195          -3.034          -1.868          -7.328           29.621
   65 (vir)     1          31.730          -4.001          -2.486          -8.969           34.212
   66 (vir)     1          31.730          -3.981          -2.495          -8.969           34.222
   67 (vir)     1          32.273          -5.322          -1.429          -7.590           33.112
   68 (vir)     1          32.274          -5.391          -1.426          -7.590           33.047
   69 (vir)     1          32.602          -4.077          -2.347          -8.531           34.708
   70 (vir)     1          36.712          -5.354          -2.101          -9.413           38.670
   71 (vir)     1          37.217          -6.619          -3.012         -11.084           38.670
   72 (vir)     1          37.218          -6.611          -3.018         -11.085           38.674
   73 (vir)     1          39.311          -8.165          -3.367         -12.474           40.253
   74 (vir)     1          42.647          -9.881          -3.095         -13.270           42.940
   75 (vir)     1          44.709          -7.978          -2.139         -10.211           44.802
   76 (vir)     1          44.709          -8.038          -2.140         -10.210           44.742
   77 (vir)     1          45.874         -10.014          -3.023         -11.924           44.761
   78 (vir)     1          45.876         -10.026          -3.035         -11.924           44.739
   79 (vir)     1          51.669           2.569          -2.419         -11.619           63.438
   80 (vir)     1          54.404          -2.353          -2.705         -12.618           61.964
   81 (vir)     1          54.406           4.757          -2.704         -12.618           69.078
   82 (vir)     1          56.355         -11.490          -2.780         -13.964           56.048
   83 (vir)     1          58.044           4.073          -2.208         -11.894           71.802
   84 (vir)     1          58.046           4.244          -2.204         -11.894           71.981
   85 (vir)     1          61.328           3.068          -2.278         -11.763           73.881
   86 (vir)     1          63.513           3.716          -2.682         -13.484           78.031
   87 (vir)     1          63.515           3.694          -2.683         -13.485           78.011
   88 (vir)     1          64.492           3.650          -2.622         -13.288           78.808
   89 (vir)     1          64.492           3.672          -2.620         -13.288           78.832
   90 (vir)     1          67.005           3.675          -2.720         -13.599           81.559
   91 (vir)     1          67.608           3.315          -2.210         -12.798           81.511
   92 (vir)     1          69.589           3.270          -2.492         -13.491           83.859
   93 (vir)     1          69.593           3.309          -2.494         -13.491           83.900
   94 (vir)     1          72.710           2.684          -1.835         -12.163           85.722
   95 (vir)     1          73.361           3.762          -2.130         -13.582           88.575
   96 (vir)     1          73.362           3.822          -2.131         -13.582           88.634
   97 (vir)     1          78.084           2.225          -2.418         -14.188           92.078
   98 (vir)     1          78.086           1.795          -2.423         -14.188           91.645
   99 (vir)     1          82.315           2.854          -2.457         -13.925           96.636
  100 (vir)     1          97.123           2.400          -2.364         -14.735          111.895
  101 (vir)     1          97.128           2.283          -2.364         -14.735          111.782
  102 (vir)     1          98.514           2.050          -2.380         -15.074          113.258
  103 (vir)     1         110.590           1.888          -1.925         -14.067          124.621
  104 (vir)     1         110.594           1.989          -1.932         -14.068          124.720
  105 (vir)     1         154.903           2.546          -1.645         -15.417          171.222
  106 (vir)     1         162.537           2.440          -1.673         -15.873          179.176
  107 (vir)     1         162.539           2.465          -1.676         -15.873          179.201
  108 (vir)     1         163.238           2.462          -1.664         -15.873          179.909
  109 (vir)     1         163.242           2.490          -1.666         -15.872          179.939
  110 (vir)     1         165.230           2.619          -1.695         -16.157          182.311
  111 (vir)     1         197.300           4.592          -0.944         -12.557          213.505
  112 (vir)     1         238.375          11.886          -0.807         -13.345          262.799
 
