 
  kpoint:       1             coordinate:     0.0000    0.0000    0.0000                  spin:  1
 
    n           k   ϵ_nk^DFT (eV)     Σ^c_nk (eV)     Σ^x_nk (eV)    v_nk^xc (eV)   ϵ_nk^G0W0 (eV)
 
    1 (occ)     1         -26.016           8.867         -28.086         -17.186          -28.049
    2 (occ)     1         -24.483           8.495         -27.814         -17.191          -26.611
    3 (occ)     1         -23.416           7.996         -27.714         -17.382          -25.752
    4 (occ)     1         -22.217           7.425         -27.644         -17.730          -24.706
    5 (occ)     1         -21.394           7.407         -27.681         -17.943          -23.725
    6 (occ)     1         -18.985           5.949         -25.203         -16.490          -21.750
    7 (occ)     1         -16.590           4.413         -23.958         -16.597          -19.539
    8 (occ)     1         -16.150           4.371         -23.862         -16.569          -19.071
    9 (occ)     1         -15.652           4.049         -23.752         -16.765          -18.590
   10 (occ)     1         -14.457           3.411         -22.984         -16.590          -17.441
   11 (occ)     1         -13.714           3.010         -22.799         -16.695          -16.809
   12 (occ)     1         -12.740           2.797         -22.375         -16.474          -15.844
   13 (occ)     1         -12.362           2.730         -23.140         -17.505          -15.268
   14 (occ)     1         -11.552           3.783         -19.816         -14.306          -13.279
   15 (occ)     1         -11.266           2.480         -22.031         -16.591          -14.226
   16 (occ)     1         -10.830           2.335         -22.071         -16.760          -13.806
   17 (occ)     1         -10.198           2.277         -21.500         -16.182          -13.238
   18 (occ)     1          -9.968           3.084         -19.618         -14.695          -11.807
   19 (occ)     1          -8.839           2.460         -19.178         -14.770          -10.787
   20 (occ)     1          -7.536           3.182         -22.099         -16.410          -10.043
   21 (occ)     1          -7.293           1.770         -19.754         -15.809           -9.469
   22 (occ)     1          -6.697           2.686         -21.807         -16.592           -9.227
   23 (occ)     1          -6.673           0.943         -18.113         -15.062           -8.781
   24 (occ)     1          -5.845           2.443         -21.638         -16.688           -8.352
   25 (occ)     1          -5.526           0.480         -17.708         -15.107           -7.647
   26 (vir)     1          -1.700          -2.448          -9.184         -14.073            0.741
   27 (vir)     1          -1.014          -2.769          -9.140         -14.359            1.435
   28 (vir)     1          -0.572          -1.021          -1.509          -4.016            0.913
   29 (vir)     1          -0.349          -1.028          -1.741          -4.257            1.140
   30 (vir)     1          -0.292          -3.126          -8.337         -13.826            2.071
   31 (vir)     1           0.182          -0.761          -0.969          -2.948            1.400
   32 (vir)     1           0.464          -0.822          -1.012          -3.107            1.737
   33 (vir)     1           0.497          -0.875          -1.193          -3.391            1.820
   34 (vir)     1           0.537          -0.616          -0.578          -2.216            1.559
   35 (vir)     1           0.876          -0.777          -0.983          -3.007            2.124
   36 (vir)     1           1.148          -0.564          -0.712          -2.249            2.120
   37 (vir)     1           1.372          -0.534          -0.534          -2.016            2.320
   38 (vir)     1           1.421          -0.703          -0.835          -2.706            2.590
   39 (vir)     1           1.536          -0.716          -0.876          -2.777            2.721
   40 (vir)     1           1.867          -0.793          -0.846          -2.849            3.076
   41 (vir)     1           2.068          -0.878          -1.076          -3.066            3.181
   42 (vir)     1           2.241          -0.750          -0.885          -2.811            3.417
   43 (vir)     1           2.259          -0.630          -0.636          -2.280            3.272
   44 (vir)     1           2.279          -0.976          -1.377          -3.740            3.665
   45 (vir)     1           2.547          -0.903          -1.323          -3.514            3.835
   46 (vir)     1           2.709          -0.595          -0.521          -2.101            3.694
   47 (vir)     1           2.889          -0.789          -0.979          -2.912            4.034
   48 (vir)     1           3.075          -1.175          -1.938          -4.485            4.448
   49 (vir)     1           3.158          -4.529          -6.247         -12.439            4.821
   50 (vir)     1           3.209          -1.774          -3.004          -6.395            4.826
   51 (vir)     1           3.505          -1.227          -1.875          -4.524            4.927
   52 (vir)     1           3.567          -0.625          -0.585          -2.251            4.609
   53 (vir)     1           3.631          -1.172          -1.733          -4.306            5.032
   54 (vir)     1           3.693          -0.788          -0.997          -2.943            4.852
   55 (vir)     1           3.860          -0.830          -1.016          -3.126            5.141
   56 (vir)     1           3.985          -1.271          -2.006          -4.827            5.535
   57 (vir)     1           4.017          -0.705          -0.746          -2.588            5.154
   58 (vir)     1           4.151          -1.954          -3.982          -7.950            6.166
   59 (vir)     1           4.192          -0.619          -0.512          -2.175            5.236
   60 (vir)     1           4.399          -1.138          -1.557          -4.103            5.808
   61 (vir)     1           4.577          -1.167          -1.675          -4.278            6.013
   62 (vir)     1           4.811          -1.175          -1.728          -4.358            6.266
   63 (vir)     1           4.873          -0.570          -0.412          -2.043            5.934
   64 (vir)     1           5.025          -1.750          -2.704          -6.239            6.811
   65 (vir)     1           5.201          -1.242          -1.911          -4.699            6.748
   66 (vir)     1           5.529          -1.325          -1.246          -4.109            7.066
   67 (vir)     1           5.541          -0.969          -1.113          -3.439            6.899
   68 (vir)     1           5.664          -1.553          -2.500          -5.834            7.445
   69 (vir)     1           5.824          -2.172          -3.641          -7.937            7.948
   70 (vir)     1           6.172          -1.650          -2.298          -5.744            7.968
   71 (vir)     1           6.273          -1.303          -1.436          -4.335            7.870
   72 (vir)     1           6.293          -1.277          -1.421          -4.258            7.853
   73 (vir)     1           6.527          -1.304          -1.154          -4.003            8.071
   74 (vir)     1           6.814          -1.437          -1.270          -4.394            8.501
   75 (vir)     1           6.917          -1.803          -2.601          -6.299            8.812
   76 (vir)     1           7.055          -3.312          -5.439         -11.314            9.619
   77 (vir)     1           7.538          -2.076          -2.865          -6.852            9.449
   78 (vir)     1           7.664          -2.059          -2.819          -6.780            9.566
   79 (vir)     1           7.767          -1.405          -1.127          -4.028            9.263
   80 (vir)     1           8.083          -2.390          -3.201          -7.663           10.155
   81 (vir)     1           8.172          -2.255          -2.183          -6.201            9.934
   82 (vir)     1           8.311          -2.969          -4.093          -9.251           10.500
   83 (vir)     1           8.493          -2.500          -3.785          -8.451           10.658
   84 (vir)     1           8.619          -1.760          -2.142          -5.709           10.427
   85 (vir)     1           8.787          -1.072          -0.742          -3.265           10.239
   86 (vir)     1           9.003          -3.817          -5.790         -12.189           11.585
   87 (vir)     1           9.475          -1.782          -1.407          -4.722           11.008
   88 (vir)     1           9.630          -2.496          -2.922          -7.584           11.795
   89 (vir)     1           9.783          -1.727          -1.468          -4.858           11.445
   90 (vir)     1          10.075          -2.615          -3.042          -7.783           12.201
   91 (vir)     1          10.128          -2.460          -2.913          -7.579           12.335
   92 (vir)     1          10.446          -2.563          -2.548          -7.149           12.484
   93 (vir)     1          10.546          -2.337          -2.190          -6.379           12.398
   94 (vir)     1          10.571          -2.169          -2.420          -6.572           12.554
   95 (vir)     1          11.045          -2.331          -2.618          -7.020           13.116
   96 (vir)     1          11.233          -1.763          -1.611          -5.262           13.121
   97 (vir)     1          11.399          -2.785          -1.455          -5.170           12.330
   98 (vir)     1          11.972          -2.395          -2.473          -6.970           14.074
   99 (vir)     1          12.218          -2.743          -2.613          -7.423           14.285
  100 (vir)     1          12.329          -2.751          -2.157          -6.663           14.085
  101 (vir)     1          12.675          -3.553          -1.888          -6.733           13.968
  102 (vir)     1          12.982          -2.942          -2.034          -6.709           14.715
  103 (vir)     1          13.018          -2.758          -2.692          -7.762           15.330
  104 (vir)     1          13.107          -2.666          -2.315          -7.023           15.149
  105 (vir)     1          13.257          -4.580          -1.871          -6.450           13.256
  106 (vir)     1          13.572          -2.662          -2.285          -7.094           15.720
  107 (vir)     1          13.823          -3.859          -3.944         -10.219           16.238
  108 (vir)     1          14.170          -3.303          -3.179          -8.699           16.388
  109 (vir)     1          14.435          -4.262          -3.894         -10.612           16.891
  110 (vir)     1          14.522          -2.971          -2.760          -8.016           16.807
  111 (vir)     1          14.832          -3.595          -3.330          -9.299           17.206
  112 (vir)     1          15.243          -3.594          -3.095          -9.016           17.570
  113 (vir)     1          15.449          -3.452          -3.068          -8.964           17.892
  114 (vir)     1          15.625          -4.351          -1.810          -6.752           16.217
  115 (vir)     1          15.790          -2.701          -1.895          -6.809           18.003
  116 (vir)     1          15.890          -4.819          -4.302         -11.755           18.523
  117 (vir)     1          16.589          -3.344          -2.747          -8.432           18.929
  118 (vir)     1          16.864          -3.672          -1.790          -6.686           18.087
  119 (vir)     1          16.927          -3.206          -1.591          -6.265           18.396
  120 (vir)     1          17.132          -3.189          -2.324          -7.771           19.389
  121 (vir)     1          17.479          -3.492          -2.994          -8.856           19.849
  122 (vir)     1          18.239          -3.138          -2.191          -7.450           20.360
  123 (vir)     1          18.308          -4.299          -2.151          -7.659           19.516
  124 (vir)     1          18.652          -3.077          -1.977          -7.211           20.809
  125 (vir)     1          18.873          -4.051          -2.057          -7.570           20.334
  126 (vir)     1          19.418          -2.756          -1.935          -7.476           22.202
  127 (vir)     1          19.456          -2.702          -1.792          -6.539           21.502
  128 (vir)     1          19.938          -3.360          -2.179          -7.763           22.163
  129 (vir)     1          20.087          -4.039          -2.063          -7.596           21.580
  130 (vir)     1          20.280          -3.135          -1.970          -7.168           22.343
  131 (vir)     1          20.374          -3.176          -1.934          -7.098           22.361
  132 (vir)     1          20.510          -3.225          -2.086          -7.636           22.834
  133 (vir)     1          20.715          -4.998          -2.203          -8.164           21.677
  134 (vir)     1          21.094          -3.707          -2.100          -8.037           23.323
  135 (vir)     1          21.495          -1.475          -1.984          -7.788           25.825
  136 (vir)     1          21.603          -3.375          -2.397          -8.049           23.879
  137 (vir)     1          21.829          -4.839          -1.805          -7.636           22.821
  138 (vir)     1          21.892          -3.940          -2.524          -8.747           24.175
  139 (vir)     1          22.328          -4.102          -2.637          -9.050           24.638
  140 (vir)     1          22.878          -3.908          -2.518          -8.690           25.142
  141 (vir)     1          23.665          -3.856          -2.064          -8.175           25.920
  142 (vir)     1          23.707          -4.638          -2.137          -8.051           24.983
  143 (vir)     1          24.099          -3.501          -1.622          -7.042           26.017
  144 (vir)     1          24.351          -5.146          -1.558          -7.006           24.653
  145 (vir)     1          24.624          -3.932          -2.096          -8.158           26.755
  146 (vir)     1          25.266          -4.291          -2.468          -8.805           27.313
  147 (vir)     1          25.328          -5.075          -2.089          -8.190           26.353
  148 (vir)     1          25.599          -4.230          -2.180          -8.260           27.449
  149 (vir)     1          26.141          -5.894          -2.465          -8.975           26.757
  150 (vir)     1          26.710          -4.812          -2.023          -8.293           28.168
  151 (vir)     1          26.733          -4.843          -2.021          -8.284           28.153
  152 (vir)     1          27.063          -6.111          -2.444          -8.993           27.501
  153 (vir)     1          27.127          -4.699          -2.212          -8.451           28.668
  154 (vir)     1          27.359          -4.225          -2.117          -8.400           29.416
  155 (vir)     1          27.787          -4.011          -1.936          -8.000           29.839
  156 (vir)     1          28.205          -2.427          -2.246          -8.825           32.357
  157 (vir)     1          28.861          -4.944          -2.152          -8.393           30.158
  158 (vir)     1          28.986          -7.642          -2.540          -9.087           27.891
  159 (vir)     1          29.374          -4.690          -2.316          -8.864           31.233
  160 (vir)     1          29.524          -4.530          -1.963          -8.460           31.492
  161 (vir)     1          30.250          -1.174          -2.716          -9.851           36.211
  162 (vir)     1          30.848          -4.594          -2.208          -8.757           32.803
  163 (vir)     1          31.712          -5.013          -2.347          -9.161           33.513
  164 (vir)     1          32.968          -5.004          -1.999          -8.532           34.497
  165 (vir)     1          33.093          -5.005          -2.354          -9.276           35.011
  166 (vir)     1          33.894           0.999          -2.268          -9.242           41.867
  167 (vir)     1          34.750          -5.945          -2.664         -10.125           36.266
  168 (vir)     1          35.109          -6.887          -2.520          -9.789           35.491
  169 (vir)     1          35.577          -7.555          -2.636          -9.993           35.379
  170 (vir)     1          37.007          -7.131          -3.185         -11.420           38.111
  171 (vir)     1          37.468          -8.529          -3.512         -11.594           37.020
  172 (vir)     1          37.898          -6.262          -2.494          -9.876           39.017
  173 (vir)     1          38.280          -7.066          -2.610         -10.347           38.951
  174 (vir)     1          38.684         -12.127          -3.129         -11.643           35.071
  175 (vir)     1          39.075         -10.203          -3.168         -11.594           37.299
  176 (vir)     1          39.239          -8.298          -2.621         -10.660           38.980
  177 (vir)     1          39.611          -8.060          -3.011         -11.191           39.731
  178 (vir)     1          40.755          -8.398          -2.868         -11.057           40.546
  179 (vir)     1          40.910         -12.399          -3.196         -11.583           36.897
  180 (vir)     1          41.160          -7.852          -3.122         -11.352           41.538
  181 (vir)     1          42.722          -8.247          -3.314         -12.462           43.623
  182 (vir)     1          42.801           2.947          -3.358         -12.572           54.962
  183 (vir)     1          43.160          -9.637          -2.696         -11.100           41.926
  184 (vir)     1          43.923          -9.479          -3.041         -11.699           43.103
  185 (vir)     1          44.231           4.049          -3.232         -12.267           57.317
  186 (vir)     1          44.575         -10.865          -3.434         -12.784           43.060
  187 (vir)     1          45.337          -9.762          -2.792         -11.499           44.281
  188 (vir)     1          45.618         -10.402          -2.668         -11.160           43.708
  189 (vir)     1          45.823          -8.740          -3.287         -12.563           46.359
  190 (vir)     1          46.413         -12.043          -3.327         -12.525           43.569
  191 (vir)     1          46.765         -11.815          -3.492         -13.150           44.607
  192 (vir)     1          47.320         -11.385          -3.355         -12.766           45.345
  193 (vir)     1          48.104         -11.407          -2.871         -12.109           45.936
  194 (vir)     1          48.974         -12.336          -3.538         -13.554           46.654
  195 (vir)     1          49.308           3.989          -2.851         -12.205           62.650
  196 (vir)     1          49.675           3.504          -2.947         -12.703           62.935
  197 (vir)     1          50.573         -12.083          -3.215         -12.961           48.235
  198 (vir)     1          50.896           6.610          -3.213         -13.328           67.621
  199 (vir)     1          51.621          -5.516          -3.720         -13.870           56.255
  200 (vir)     1          51.820           4.236          -3.270         -13.269           66.055
  201 (vir)     1          52.008           4.095          -2.907         -12.408           65.604
  202 (vir)     1          52.337         -12.903          -3.040         -12.780           49.173
  203 (vir)     1          52.639           4.856          -3.320         -13.691           67.866
  204 (vir)     1          53.162          -2.294          -3.707         -14.262           61.423
  205 (vir)     1          53.435          -0.890          -2.826         -12.534           62.253
  206 (vir)     1          54.402           4.217          -2.846         -12.650           68.423
  207 (vir)     1          54.502         -11.007          -2.785         -12.743           53.453
  208 (vir)     1          55.558           4.537          -2.742         -12.367           69.719
  209 (vir)     1          55.714          -0.936          -2.892         -12.837           64.723
  210 (vir)     1          55.806           0.200          -2.962         -12.950           65.993
  211 (vir)     1          56.441           2.506          -3.116         -13.276           69.108
  212 (vir)     1          56.909           4.363          -3.186         -13.622           71.709
  213 (vir)     1          57.266           5.127          -3.184         -13.698           72.907
  214 (vir)     1          58.194           4.382          -2.859         -13.138           72.855
  215 (vir)     1          58.244           4.830          -2.842         -13.030           73.261
  216 (vir)     1          58.460           4.314          -2.809         -13.018           72.983
  217 (vir)     1          58.597           4.332          -2.835         -13.126           73.220
  218 (vir)     1          59.055         -11.278          -2.800         -13.168           58.145
  219 (vir)     1          59.185         -10.779          -3.045         -13.397           58.758
  220 (vir)     1          59.638           2.300          -2.954         -13.418           72.401
  221 (vir)     1          60.158           3.259          -2.689         -13.139           73.867
  222 (vir)     1          60.468         -11.891          -2.938         -13.457           59.095
  223 (vir)     1          60.688           5.324          -3.102         -13.917           76.828
  224 (vir)     1          61.217           0.744          -3.125         -13.735           72.572
  225 (vir)     1          61.374           4.000          -2.812         -13.162           75.724
  226 (vir)     1          62.017           1.529          -2.846         -13.371           74.072
  227 (vir)     1          62.256           4.525          -2.766         -13.309           77.323
  228 (vir)     1          62.817           3.779          -2.639         -13.654           77.611
  229 (vir)     1          63.066           4.728          -2.927         -13.978           78.845
  230 (vir)     1          64.086           5.131          -2.628         -13.327           79.917
  231 (vir)     1          64.219           4.439          -2.521         -13.087           79.224
  232 (vir)     1          64.897           2.462          -2.784         -13.560           78.135
  233 (vir)     1          65.062           3.777          -2.568         -13.160           79.432
  234 (vir)     1          65.299           3.733          -2.615         -13.401           79.818
  235 (vir)     1          65.385           3.043          -2.423         -13.127           79.131
  236 (vir)     1          65.636           4.645          -2.935         -13.970           81.316
  237 (vir)     1          66.697           5.492          -2.713         -13.622           83.097
  238 (vir)     1          66.915           4.537          -2.510         -13.084           82.026
  239 (vir)     1          67.709           4.487          -2.665         -13.814           83.345
  240 (vir)     1          67.757           3.841          -2.429         -13.351           82.521
  241 (vir)     1          68.132           3.352          -2.479         -13.687           82.693
  242 (vir)     1          68.747           3.693          -2.434         -13.120           83.126
  243 (vir)     1          69.022           5.484          -2.666         -13.550           85.391
  244 (vir)     1          70.241           4.289          -2.613         -13.682           85.599
  245 (vir)     1          71.307           3.740          -2.185         -13.198           86.060
  246 (vir)     1          71.391           4.687          -2.422         -13.453           87.108
  247 (vir)     1          71.876           4.896          -2.710         -13.974           88.037
  248 (vir)     1          72.136           3.839          -2.305         -13.555           87.225
  249 (vir)     1          72.943           4.238          -2.552         -13.708           88.338
  250 (vir)     1          73.350           5.009          -2.827         -14.570           90.101
  251 (vir)     1          73.808           3.897          -2.308         -13.682           89.079
  252 (vir)     1          74.352           4.871          -2.764         -14.358           90.817
  253 (vir)     1          74.739           4.592          -2.212         -13.506           90.625
  254 (vir)     1          75.154           4.110          -2.522         -13.938           90.679
  255 (vir)     1          75.567           4.361          -2.227         -13.469           91.170
  256 (vir)     1          75.754           4.892          -2.873         -14.659           92.432
  257 (vir)     1          76.660           4.853          -2.268         -13.974           93.218
  258 (vir)     1          76.973           4.885          -2.557         -14.155           93.455
  259 (vir)     1          77.307           4.364          -2.997         -15.235           93.910
  260 (vir)     1          77.489           5.132          -2.426         -14.215           94.409
  261 (vir)     1          78.086           4.427          -2.495         -14.078           94.096
  262 (vir)     1          78.171           4.480          -2.610         -14.423           94.464
  263 (vir)     1          79.131           4.543          -2.516         -14.301           95.459
  264 (vir)     1          79.585           4.542          -2.518         -14.515           96.124
  265 (vir)     1          80.444           4.516          -2.546         -14.614           97.028
  266 (vir)     1          81.453           3.789          -2.534         -14.530           97.238
  267 (vir)     1          81.822           3.697          -2.642         -14.822           97.699
  268 (vir)     1          81.925           3.568          -2.577         -14.439           97.356
  269 (vir)     1          82.429           4.250          -2.651         -14.612           98.640
  270 (vir)     1          82.826           3.652          -2.507         -14.595           98.566
  271 (vir)     1          82.937           4.437          -2.980         -15.563           99.956
  272 (vir)     1          83.399           3.723          -2.490         -14.646           99.278
  273 (vir)     1          84.185           4.916          -2.678         -15.160          101.583
  274 (vir)     1          85.167           3.974          -2.417         -14.438          101.161
  275 (vir)     1          85.382           3.915          -2.508         -14.902          101.691
  276 (vir)     1          85.917           3.194          -2.225         -14.123          101.008
  277 (vir)     1          86.008           4.556          -2.514         -15.128          103.179
  278 (vir)     1          86.061           3.884          -2.478         -14.678          102.146
  279 (vir)     1          86.835           3.877          -2.389         -14.157          102.479
  280 (vir)     1          87.328           4.169          -2.512         -14.906          103.890
  281 (vir)     1          87.599           4.218          -2.551         -14.915          104.181
  282 (vir)     1          89.007           4.475          -2.708         -15.552          106.325
  283 (vir)     1          89.286           3.684          -2.635         -15.686          106.020
  284 (vir)     1          90.047           3.662          -2.291         -14.452          105.869
  285 (vir)     1          90.957           3.849          -2.584         -15.409          107.631
  286 (vir)     1          91.184           3.319          -2.576         -15.525          107.451
  287 (vir)     1          91.523           3.425          -2.644         -15.001          107.305
  288 (vir)     1          92.421           3.411          -2.592         -15.486          108.725
  289 (vir)     1          93.022           3.409          -2.529         -15.243          109.146
  290 (vir)     1          93.925           4.078          -2.483         -15.157          110.677
  291 (vir)     1          96.080           3.774          -2.435         -15.149          112.569
  292 (vir)     1          96.662           2.828          -2.420         -15.450          112.521
  293 (vir)     1          97.245           3.039          -2.464         -15.835          113.655
  294 (vir)     1          97.413           3.595          -2.557         -15.446          113.897
  295 (vir)     1          97.997           3.545          -2.268         -14.857          114.131
  296 (vir)     1          98.479           3.329          -2.395         -15.061          114.473
  297 (vir)     1          99.430           2.213          -1.718         -13.237          113.163
  298 (vir)     1         100.059           3.017          -2.140         -14.461          115.396
  299 (vir)     1         101.544           2.812          -2.208         -14.572          116.720
  300 (vir)     1         101.759           3.274          -2.582         -15.625          118.076
  301 (vir)     1         103.681           3.314          -2.431         -15.426          119.989
  302 (vir)     1         105.782           3.207          -2.500         -15.853          122.342
  303 (vir)     1         106.323           3.133          -2.021         -14.437          121.872
  304 (vir)     1         109.388           2.902          -2.720         -16.599          126.169
  305 (vir)     1         110.078           2.904          -2.308         -15.375          126.050
  306 (vir)     1         113.429           2.454          -2.314         -15.589          129.158
  307 (vir)     1         116.878           2.813          -2.345         -16.117          133.463
  308 (vir)     1         117.822           2.858          -2.595         -16.854          134.938
  309 (vir)     1         120.067           2.426          -2.548         -16.622          136.567
  310 (vir)     1         121.051           2.476          -2.525         -16.594          137.595
  311 (vir)     1         122.211           2.432          -2.404         -16.445          138.684
  312 (vir)     1         122.642           2.426          -2.212         -15.970          138.826
  313 (vir)     1         126.960           2.190          -2.373         -16.506          143.283
  314 (vir)     1         130.034           2.282          -2.523         -17.042          146.835
  315 (vir)     1         131.753           2.496          -2.705         -17.750          149.294
  316 (vir)     1         133.062           2.083          -2.516         -17.176          149.805
  317 (vir)     1         137.534           2.133          -2.349         -16.873          154.190
  318 (vir)     1         138.222           2.285          -2.185         -16.496          154.818
  319 (vir)     1         140.885           2.367          -2.257         -16.874          157.869
  320 (vir)     1         143.111           2.317          -2.036         -16.409          159.801
  321 (vir)     1         153.910           2.634          -1.747         -15.876          170.674
  322 (vir)     1         161.987           2.718          -1.522         -15.257          178.439
  323 (vir)     1         163.347           2.693          -1.569         -15.605          180.077
  324 (vir)     1         163.935           2.548          -1.630         -15.855          180.708
  325 (vir)     1         167.055           2.249          -1.396         -14.910          182.817
  326 (vir)     1         209.878           5.094          -1.588         -16.249          229.632
  327 (vir)     1         224.491           5.479          -1.727         -17.375          245.617
  328 (vir)     1         228.775           5.973          -1.636         -17.433          250.544
  329 (vir)     1         237.465           6.469          -1.425         -16.874          259.384
  330 (vir)     1         239.707          10.735          -0.882         -14.350          263.910
  331 (vir)     1         240.946           8.914          -1.076         -15.123          263.907
  332 (vir)     1         241.537          12.248          -0.860         -14.150          267.075
  333 (vir)     1         242.539           4.025          -0.764         -13.690          259.490
  334 (vir)     1         243.466           6.477          -0.759         -13.667          262.850
  335 (vir)     1         245.470           7.510          -1.215         -16.256          268.021
 
