 
  kpoint:       1             coordinate:     0.0000    0.0000    0.0000                  spin:  1
 
    n           k   ϵ_nk^DFT (eV)     Σ^c_nk (eV)     Σ^x_nk (eV)    v_nk^xc (eV)   ϵ_nk^G0W0 (eV)
 
    1 (occ)     1         -27.065           9.274         -30.288         -18.636          -29.443
    2 (occ)     1         -26.196           9.466         -31.513         -19.706          -28.538
    3 (occ)     1         -24.599           8.135         -29.170         -18.482          -27.152
    4 (occ)     1         -23.240           7.441         -28.248         -18.102          -25.945
    5 (occ)     1         -20.430           6.369         -25.175         -16.018          -23.218
    6 (occ)     1         -17.865           4.790         -24.027         -16.070          -21.031
    7 (occ)     1         -16.954           4.132         -23.275         -15.895          -20.203
    8 (occ)     1         -16.565           4.078         -24.349         -17.220          -19.616
    9 (occ)     1         -14.253           3.136         -22.872         -16.553          -17.436
   10 (occ)     1         -14.043           3.233         -22.734         -16.610          -16.934
   11 (occ)     1         -12.939           2.419         -21.867         -16.158          -16.229
   12 (occ)     1         -11.970           3.102         -20.388         -14.733          -14.522
   13 (occ)     1         -11.596           3.019         -23.001         -16.859          -14.719
   14 (occ)     1         -10.743           3.580         -25.171         -18.524          -13.810
   15 (occ)     1         -10.550           2.123         -19.523         -14.338          -13.612
   16 (occ)     1         -10.404           3.218         -23.889         -17.522          -13.553
   17 (occ)     1         -10.009           2.141         -21.517         -16.483          -12.903
   18 (occ)     1          -9.812           2.371         -20.541         -15.567          -12.415
   19 (occ)     1          -9.509           1.870         -20.642         -15.465          -12.817
   20 (occ)     1          -8.891           1.889         -20.059         -15.505          -11.556
   21 (occ)     1          -7.045           1.935         -22.297         -17.888           -9.519
   22 (occ)     1          -6.974           3.275         -24.891         -18.841           -9.749
   23 (occ)     1          -6.221           3.154         -24.978         -19.124           -8.921
   24 (occ)     1          -6.037           0.684         -18.622         -15.657           -8.318
   25 (vir)     1          -2.264          -2.328          -9.306         -14.304            0.407
   26 (vir)     1          -0.996          -2.816          -9.845         -15.461            1.804
   27 (vir)     1          -0.876          -1.078          -1.710          -4.398            0.734
   28 (vir)     1          -0.287          -0.864          -1.323          -3.676            1.202
   29 (vir)     1          -0.160          -0.933          -1.404          -3.822            1.325
   30 (vir)     1           0.367          -0.648          -0.947          -2.720            1.493
   31 (vir)     1           0.477          -0.926          -1.573          -4.024            2.002
   32 (vir)     1           0.701          -0.734          -0.878          -2.891            1.979
   33 (vir)     1           0.921          -0.653          -0.862          -2.782            2.188
   34 (vir)     1           0.944          -1.027          -1.524          -3.937            2.330
   35 (vir)     1           1.110          -0.670          -0.706          -2.529            2.262
   36 (vir)     1           1.509          -0.762          -1.099          -3.232            2.881
   37 (vir)     1           1.595          -0.722          -1.069          -3.122            2.927
   38 (vir)     1           1.675          -3.057          -5.798         -10.990            3.809
   39 (vir)     1           1.806          -0.808          -1.132          -3.354            3.220
   40 (vir)     1           2.104          -0.639          -0.836          -2.602            3.232
   41 (vir)     1           2.192          -0.553          -0.644          -2.254            3.250
   42 (vir)     1           2.201          -0.958          -1.640          -3.974            3.577
   43 (vir)     1           2.435          -0.534          -0.493          -2.093            3.502
   44 (vir)     1           2.552          -0.969          -1.573          -3.967            3.977
   45 (vir)     1           2.705          -0.567          -0.583          -2.145            3.701
   46 (vir)     1           2.843          -1.037          -1.728          -4.164            4.242
   47 (vir)     1           2.936          -0.709          -1.059          -2.976            4.144
   48 (vir)     1           3.076          -1.079          -1.921          -4.438            4.514
   49 (vir)     1           3.591          -1.374          -2.349          -5.550            5.417
   50 (vir)     1           3.640          -0.447          -0.362          -1.892            4.723
   51 (vir)     1           3.672          -1.341          -2.549          -5.640            5.422
   52 (vir)     1           3.733          -1.299          -2.342          -5.315            5.407
   53 (vir)     1           3.889          -0.942          -1.164          -3.612            5.396
   54 (vir)     1           4.051          -1.825          -3.443          -7.377            6.160
   55 (vir)     1           4.268          -2.188          -4.521          -8.972            6.531
   56 (vir)     1           4.449          -1.289          -2.207          -5.194            6.147
   57 (vir)     1           4.460          -1.100          -1.626          -4.331            6.066
   58 (vir)     1           4.621          -1.381          -2.537          -5.671            6.375
   59 (vir)     1           4.854          -0.849          -0.871          -3.144            6.278
   60 (vir)     1           5.152          -1.449          -2.242          -5.607            7.068
   61 (vir)     1           5.233          -1.995          -3.453          -7.603            7.388
   62 (vir)     1           5.476          -1.433          -2.216          -5.413            7.239
   63 (vir)     1           5.631          -1.655          -2.705          -6.176            7.447
   64 (vir)     1           5.658          -1.250          -1.147          -3.939            7.200
   65 (vir)     1           5.875          -1.623          -2.551          -6.140            7.841
   66 (vir)     1           6.132          -1.245          -1.370          -4.365            7.882
   67 (vir)     1           6.344          -2.001          -3.472          -7.728            8.599
   68 (vir)     1           6.541          -1.066          -1.132          -3.888            8.232
   69 (vir)     1           6.663          -1.773          -2.883          -6.755            8.762
   70 (vir)     1           6.744          -1.284          -1.381          -4.438            8.517
   71 (vir)     1           6.826          -1.397          -1.926          -5.153            8.657
   72 (vir)     1           7.464          -1.548          -2.207          -5.752            9.461
   73 (vir)     1           7.837          -1.608          -1.406          -4.799            9.622
   74 (vir)     1           7.987          -2.441          -3.852          -8.577           10.271
   75 (vir)     1           8.015          -1.588          -1.266          -4.705            9.865
   76 (vir)     1           8.095          -1.961          -2.584          -6.582           10.131
   77 (vir)     1           8.477          -2.409          -3.229          -7.845           10.685
   78 (vir)     1           8.494          -0.918          -0.746          -3.165            9.995
   79 (vir)     1           8.586          -2.608          -3.728          -8.759           11.008
   80 (vir)     1           9.113          -2.058          -2.831          -7.079           11.303
   81 (vir)     1           9.170          -1.680          -1.381          -4.889           10.998
   82 (vir)     1           9.829          -2.622          -3.349          -8.381           12.238
   83 (vir)     1           9.868          -1.354          -0.929          -3.887           11.472
   84 (vir)     1          10.010          -1.179          -0.916          -4.105           12.021
   85 (vir)     1          10.398          -1.636          -1.540          -5.226           12.448
   86 (vir)     1          10.640          -1.761          -1.686          -5.512           12.706
   87 (vir)     1          10.904          -2.486          -2.680          -7.438           13.175
   88 (vir)     1          11.473          -2.855          -3.400          -8.975           14.193
   89 (vir)     1          11.478          -1.739          -2.394          -6.966           14.311
   90 (vir)     1          12.023          -3.437          -4.148         -10.346           14.785
   91 (vir)     1          12.251          -2.181          -2.168          -6.711           14.613
   92 (vir)     1          12.373          -1.766          -1.552          -5.474           14.530
   93 (vir)     1          12.616          -3.552          -4.325         -10.656           15.395
   94 (vir)     1          12.637          -3.317          -3.739          -9.776           15.358
   95 (vir)     1          13.100          -2.856          -2.944          -8.288           15.587
   96 (vir)     1          13.215          -2.675          -2.580          -7.645           15.605
   97 (vir)     1          13.396          -2.958          -2.886          -8.238           15.790
   98 (vir)     1          13.871          -2.482          -2.051          -6.872           16.209
   99 (vir)     1          13.932          -3.487          -3.464          -9.587           16.568
  100 (vir)     1          14.150          -3.117          -1.803          -6.919           16.150
  101 (vir)     1          14.391          -3.057          -2.877          -8.562           17.019
  102 (vir)     1          14.532          -2.576          -1.985          -6.831           16.802
  103 (vir)     1          14.924          -3.018          -1.886          -7.020           17.040
  104 (vir)     1          15.018          -2.916          -2.640          -8.206           17.668
  105 (vir)     1          15.351          -2.758          -1.687          -6.583           17.489
  106 (vir)     1          15.472          -2.889          -2.675          -8.141           18.049
  107 (vir)     1          15.737          -2.484          -2.016          -6.894           18.130
  108 (vir)     1          16.585          -4.640          -4.170         -11.650           19.426
  109 (vir)     1          17.150          -3.231          -2.558          -8.305           19.666
  110 (vir)     1          17.788          -2.910          -1.944          -7.138           20.071
  111 (vir)     1          17.899          -2.976          -2.255          -7.767           20.434
  112 (vir)     1          18.230          -3.586          -2.982          -9.343           21.005
  113 (vir)     1          18.579          -2.835          -2.256          -7.716           21.204
  114 (vir)     1          18.950          -2.855          -2.059          -7.432           21.468
  115 (vir)     1          18.999          -3.269          -2.430          -8.235           21.536
  116 (vir)     1          19.186          -3.833          -2.408          -8.503           21.447
  117 (vir)     1          19.507          -3.820          -2.901          -9.324           22.110
  118 (vir)     1          20.025          -2.786          -2.408          -7.747           22.579
  119 (vir)     1          20.316          -2.961          -2.208          -7.824           22.971
  120 (vir)     1          20.787          -3.930          -2.119          -8.277           23.014
  121 (vir)     1          21.283          -3.439          -2.509          -8.429           23.764
  122 (vir)     1          21.301          -3.276          -2.043          -7.893           23.874
  123 (vir)     1          21.768          -3.353          -2.144          -8.085           24.356
  124 (vir)     1          21.876          -3.373          -2.107          -7.916           24.311
  125 (vir)     1          22.354          -3.666          -1.639          -7.427           24.477
  126 (vir)     1          22.366          -3.483          -2.335          -8.399           24.947
  127 (vir)     1          22.808          -4.175          -1.903          -8.020           24.749
  128 (vir)     1          22.889          -4.038          -2.768          -9.414           25.498
  129 (vir)     1          22.893          -3.536          -2.263          -8.340           25.434
  130 (vir)     1          22.977          -3.360          -2.442          -8.486           25.661
  131 (vir)     1          23.819          -3.653          -1.846          -7.795           26.115
  132 (vir)     1          24.088          -3.969          -3.055          -9.864           26.928
  133 (vir)     1          24.213          -3.323          -2.300          -8.270           26.860
  134 (vir)     1          24.329          -3.793          -2.445          -8.603           26.693
  135 (vir)     1          25.034          -4.066          -2.863          -9.514           27.619
  136 (vir)     1          25.268          -4.063          -2.219          -8.537           27.522
  137 (vir)     1          25.416          -3.253          -2.308          -8.282           28.138
  138 (vir)     1          25.431          -3.939          -2.463          -8.630           27.659
  139 (vir)     1          25.909          -3.360          -1.918          -7.693           28.323
  140 (vir)     1          26.284          -3.457          -1.815          -7.651           28.663
  141 (vir)     1          26.463          -4.508          -3.136          -9.744           28.563
  142 (vir)     1          27.079          -3.681          -2.083          -8.114           29.428
  143 (vir)     1          27.963           0.330          -2.915          -9.934           35.313
  144 (vir)     1          28.870          -4.891          -2.551          -9.025           30.453
  145 (vir)     1          29.287          -4.831          -2.150          -8.793           31.099
  146 (vir)     1          29.312          -4.094          -1.951          -8.309           31.575
  147 (vir)     1          30.239          -4.204          -2.557          -9.018           32.496
  148 (vir)     1          31.406          -4.238          -2.100          -8.458           33.526
  149 (vir)     1          32.240          -4.768          -2.807          -9.802           34.467
  150 (vir)     1          32.502          -6.924          -2.844         -10.776           33.510
  151 (vir)     1          33.264          -6.338          -2.346          -9.385           33.963
  152 (vir)     1          33.741          -5.158          -1.932          -8.631           35.283
  153 (vir)     1          33.825          -5.111          -2.561          -9.538           35.691
  154 (vir)     1          34.210          -7.577          -3.434         -11.708           34.906
  155 (vir)     1          35.024          -5.852          -2.665         -10.257           36.764
  156 (vir)     1          35.588          -5.794          -3.109         -11.005           37.690
  157 (vir)     1          36.908          -6.133          -3.009         -10.904           38.670
  158 (vir)     1          37.553          -6.064          -2.390         -10.007           39.106
  159 (vir)     1          37.988          -7.256          -3.428         -11.492           38.797
  160 (vir)     1          38.375          -7.254          -2.794         -11.017           39.343
  161 (vir)     1          39.042          -7.620          -3.111         -11.343           39.653
  162 (vir)     1          39.380          -6.496          -2.658         -10.437           40.663
  163 (vir)     1          40.608          -7.525          -3.528         -11.871           41.426
  164 (vir)     1          41.251          -7.840          -3.267         -11.717           41.862
  165 (vir)     1          42.278          -8.685          -3.063         -11.878           42.407
  166 (vir)     1          42.565          -8.572          -2.976         -11.457           42.474
  167 (vir)     1          43.297          -8.753          -3.588         -12.401           43.356
  168 (vir)     1          44.366          -9.574          -3.474         -12.613           43.931
  169 (vir)     1          44.973          -9.453          -3.352         -12.435           44.603
  170 (vir)     1          45.156          -9.822          -3.366         -12.561           44.530
  171 (vir)     1          46.185         -10.924          -3.268         -12.390           44.382
  172 (vir)     1          46.201          -8.648          -3.185         -11.885           46.252
  173 (vir)     1          46.662          -9.834          -4.089         -13.565           46.304
  174 (vir)     1          46.934          -9.990          -3.363         -12.444           46.024
  175 (vir)     1          47.540         -11.232          -3.531         -13.256           46.033
  176 (vir)     1          48.281         -12.062          -3.810         -13.568           45.977
  177 (vir)     1          48.843          -8.313          -3.756         -13.209           49.983
  178 (vir)     1          49.426         -10.610          -3.677         -13.073           48.211
  179 (vir)     1          49.510           5.392          -3.151         -12.476           64.227
  180 (vir)     1          50.556         -11.726          -4.079         -14.200           48.951
  181 (vir)     1          50.771         -10.524          -2.655         -11.569           49.162
  182 (vir)     1          51.912          -9.980          -3.486         -13.610           52.057
  183 (vir)     1          52.478         -10.599          -3.166         -12.987           51.700
  184 (vir)     1          53.015         -11.323          -3.261         -12.565           50.995
  185 (vir)     1          53.540         -12.370          -3.235         -13.029           50.962
  186 (vir)     1          53.672           5.412          -3.102         -12.473           68.455
  187 (vir)     1          53.928         -11.650          -3.042         -12.926           52.162
  188 (vir)     1          54.187           4.406          -2.586         -11.814           67.821
  189 (vir)     1          54.938          -8.128          -3.266         -13.129           56.673
  190 (vir)     1          55.233           4.940          -3.472         -13.202           69.903
  191 (vir)     1          55.394         -11.730          -3.258         -12.943           53.349
  192 (vir)     1          56.636           4.558          -2.928         -12.839           71.105
  193 (vir)     1          57.143          -8.307          -2.814         -12.388           58.410
  194 (vir)     1          57.281          -9.352          -2.886         -12.962           58.005
  195 (vir)     1          57.660          -9.300          -3.390         -13.473           58.442
  196 (vir)     1          58.238           4.908          -3.376         -13.750           73.520
  197 (vir)     1          59.075           5.590          -3.194         -13.054           74.525
  198 (vir)     1          59.183           4.553          -3.366         -13.191           73.561
  199 (vir)     1          59.665           4.065          -2.765         -12.841           73.805
  200 (vir)     1          59.879         -12.067          -2.876         -13.061           57.996
  201 (vir)     1          60.156           4.821          -2.960         -13.046           75.063
  202 (vir)     1          60.481           5.188          -2.886         -13.263           76.046
  203 (vir)     1          61.124           1.908          -3.035         -13.579           73.576
  204 (vir)     1          61.551           5.315          -3.218         -13.785           77.433
  205 (vir)     1          62.003           5.449          -3.247         -13.558           77.762
  206 (vir)     1          62.550           4.198          -2.694         -12.631           76.685
  207 (vir)     1          62.703           4.782          -3.477         -14.119           78.127
  208 (vir)     1          62.993           4.654          -2.870         -13.406           78.182
  209 (vir)     1          64.448           5.290          -3.046         -13.608           80.300
  210 (vir)     1          64.510           4.444          -2.529         -12.422           78.846
  211 (vir)     1          66.070           5.152          -2.937         -14.241           82.526
  212 (vir)     1          66.225           4.689          -2.755         -13.632           81.792
  213 (vir)     1          66.543           4.096          -2.666         -13.341           81.313
  214 (vir)     1          66.802           5.045          -2.984         -13.511           82.375
  215 (vir)     1          67.156           4.527          -2.774         -13.894           82.803
  216 (vir)     1          67.271           4.626          -2.850         -13.840           82.886
  217 (vir)     1          67.756           4.626          -2.602         -13.371           83.151
  218 (vir)     1          69.718           4.743          -2.890         -13.804           85.375
  219 (vir)     1          69.978           4.168          -2.460         -13.524           85.210
  220 (vir)     1          70.454           5.243          -2.736         -13.874           86.836
  221 (vir)     1          71.301           4.256          -2.411         -13.849           86.994
  222 (vir)     1          72.159           4.121          -2.538         -13.911           87.654
  223 (vir)     1          72.222           3.999          -2.568         -13.301           86.955
  224 (vir)     1          73.180           5.590          -2.849         -14.310           90.232
  225 (vir)     1          74.169           3.761          -2.692         -14.124           89.362
  226 (vir)     1          74.830           4.655          -2.583         -14.178           91.080
  227 (vir)     1          75.262           4.340          -2.750         -13.688           90.539
  228 (vir)     1          75.642           4.416          -3.225         -15.016           91.850
  229 (vir)     1          76.207           5.048          -2.596         -14.043           92.702
  230 (vir)     1          76.703           3.927          -2.511         -13.533           91.652
  231 (vir)     1          77.362           5.774          -2.665         -14.456           94.927
  232 (vir)     1          77.731           4.482          -3.312         -15.406           94.307
  233 (vir)     1          78.127           3.680          -2.572         -13.933           93.168
  234 (vir)     1          78.632           3.536          -2.616         -13.867           93.418
  235 (vir)     1          79.211           4.231          -2.860         -14.757           95.338
  236 (vir)     1          79.351           4.277          -2.964         -14.676           95.341
  237 (vir)     1          79.735           3.908          -2.023         -13.070           94.690
  238 (vir)     1          80.807           4.671          -2.945         -15.160           97.693
  239 (vir)     1          81.403           3.718          -2.595         -14.217           96.743
  240 (vir)     1          81.760           3.794          -2.412         -13.424           96.566
  241 (vir)     1          82.490           4.330          -2.795         -14.836           98.861
  242 (vir)     1          84.073           3.933          -2.553         -14.653          100.105
  243 (vir)     1          85.607           3.952          -2.503         -14.473          101.529
  244 (vir)     1          86.229           3.691          -2.500         -13.852          101.272
  245 (vir)     1          86.922           4.658          -2.716         -15.511          104.376
  246 (vir)     1          87.438           4.662          -2.459         -14.499          104.140
  247 (vir)     1          87.866           4.249          -2.470         -14.596          104.241
  248 (vir)     1          88.363           4.080          -2.630         -14.703          104.517
  249 (vir)     1          89.134           3.501          -2.475         -14.384          104.544
  250 (vir)     1          90.836           3.724          -2.531         -14.557          106.586
  251 (vir)     1          91.686           3.357          -2.769         -15.629          107.903
  252 (vir)     1          91.917           2.806          -2.057         -13.355          106.021
  253 (vir)     1          92.682           3.021          -2.449         -14.462          107.715
  254 (vir)     1          93.115           3.719          -3.031         -15.943          109.746
  255 (vir)     1          93.211           3.575          -2.338         -14.146          108.595
  256 (vir)     1          95.351           3.704          -2.627         -14.839          111.267
  257 (vir)     1          96.560           2.614          -2.315         -14.104          110.963
  258 (vir)     1         101.327           3.085          -2.396         -14.994          117.010
  259 (vir)     1         101.532           3.706          -2.500         -15.534          118.272
  260 (vir)     1         106.906           2.846          -2.577         -15.426          122.602
  261 (vir)     1         107.647           2.265          -2.082         -14.414          122.245
  262 (vir)     1         108.211           3.188          -2.472         -15.818          124.745
  263 (vir)     1         112.856           2.751          -2.710         -16.256          129.153
  264 (vir)     1         114.244           2.611          -2.421         -15.486          129.920
  265 (vir)     1         116.371           2.518          -2.347         -15.489          132.031
  266 (vir)     1         117.693           2.255          -2.790         -16.535          133.694
  267 (vir)     1         123.448           3.155          -2.746         -17.384          141.241
  268 (vir)     1         127.742           2.939          -2.633         -17.435          145.483
  269 (vir)     1         129.626           3.860          -3.408         -19.060          149.139
  270 (vir)     1         131.581           3.755          -3.509         -19.414          151.242
  271 (vir)     1         132.505           3.110          -2.664         -17.258          150.210
  272 (vir)     1         133.762           3.298          -3.698         -19.801          153.163
  273 (vir)     1         134.632           3.341          -3.827         -19.942          154.088
  274 (vir)     1         136.756           4.232          -3.379         -19.043          156.652
  275 (vir)     1         140.108           3.885          -3.274         -18.974          159.693
  276 (vir)     1         141.704           2.583          -2.634         -17.338          158.991
  277 (vir)     1         154.296           2.777          -1.748         -15.759          171.084
  278 (vir)     1         162.225           2.565          -1.672         -15.795          178.912
  279 (vir)     1         162.484           2.341          -1.630         -15.797          178.992
  280 (vir)     1         163.391           2.796          -1.592         -15.459          180.053
  281 (vir)     1         163.885           2.328          -1.635         -15.777          180.355
  282 (vir)     1         164.867           2.565          -1.606         -15.664          181.490
  283 (vir)     1         179.429           1.485          -5.156         -23.147          198.904
  284 (vir)     1         180.122           1.558          -5.226         -23.087          199.542
  285 (vir)     1         181.576           1.372          -5.114         -23.145          200.980
  286 (vir)     1         182.712           1.436          -4.990         -22.985          202.142
  287 (vir)     1         183.824           1.673          -4.767         -23.017          203.747
  288 (vir)     1         185.062           1.720          -4.910         -22.966          204.838
  289 (vir)     1         185.469           1.920          -4.951         -23.053          205.491
  290 (vir)     1         189.698           1.723          -5.019         -23.097          209.499
  291 (vir)     1         191.096           1.536          -4.972         -23.206          210.866
  292 (vir)     1         192.755           1.510          -4.798         -23.041          212.508
  293 (vir)     1         209.058           4.826          -1.580         -15.601          227.905
  294 (vir)     1         231.137           4.267          -1.447         -15.604          249.561
  295 (vir)     1         233.005           4.552          -1.869         -16.976          252.664
  296 (vir)     1         233.729           3.450          -1.784         -16.067          251.462
  297 (vir)     1         236.533           4.754          -1.719         -16.746          256.315
  298 (vir)     1         238.189           0.910          -3.627         -21.721          257.193
  299 (vir)     1         239.511           0.855          -3.636         -21.864          258.593
  300 (vir)     1         239.717           0.895          -3.661         -21.894          258.844
  301 (vir)     1         240.135           1.798          -2.192         -17.652          257.393
  302 (vir)     1         240.917           1.141          -2.898         -19.748          258.907
  303 (vir)     1         241.605           0.899          -3.734         -22.115          260.885
  304 (vir)     1         241.740           2.045          -1.919         -16.936          258.803
  305 (vir)     1         242.399           0.879          -2.793         -19.483          259.968
  306 (vir)     1         243.542           1.225          -2.996         -20.074          261.846
  307 (vir)     1         244.091           0.892          -3.748         -22.223          263.458
  308 (vir)     1         244.640           0.565          -3.561         -21.765          263.410
  309 (vir)     1         245.411           0.783          -3.784         -22.315          264.725
  310 (vir)     1         246.904           1.312          -3.797         -22.430          266.849
  311 (vir)     1         247.199           0.804          -3.559         -21.758          266.203
  312 (vir)     1         249.352           1.278          -3.100         -20.528          268.058
  313 (vir)     1         253.665           1.635          -2.801         -19.579          272.079
  314 (vir)     1         265.461           3.647          -2.348         -18.587          285.347
  315 (vir)     1         286.996           3.265          -2.704         -19.843          307.400
 
