 
  kpoint:       1             coordinate:     0.0000    0.0000    0.0000                  spin:  1
 
    n           k   ϵ_nk^DFT (eV)     Σ^c_nk (eV)     Σ^x_nk (eV)    v_nk^xc (eV)   ϵ_nk^G0W0 (eV)
 
    1 (occ)     1         -16.152           4.622         -18.888         -12.118          -18.300
    2 (occ)     1          -8.935           0.771         -15.663         -11.458          -12.369
    3 (occ)     1          -8.935           0.771         -15.662         -11.458          -12.369
    4 (occ)     1          -6.732           0.277         -13.889         -10.467           -9.878
    5 (vir)     1          -0.616          -0.714          -1.375          -4.019            1.313
    6 (vir)     1          -0.135          -1.250          -3.936          -8.136            2.815
    7 (vir)     1          -0.135          -1.250          -3.936          -8.136            2.815
    8 (vir)     1           1.538          -0.334          -0.515          -2.018            2.706
    9 (vir)     1           1.538          -0.334          -0.515          -2.018            2.707
   10 (vir)     1           1.970          -0.568          -1.125          -3.459            3.736
   11 (vir)     1           2.490          -0.863          -1.378          -4.491            4.741
   12 (vir)     1           2.490          -0.863          -1.378          -4.491            4.740
   13 (vir)     1           3.272          -0.847          -1.361          -4.162            5.226
   14 (vir)     1           3.478          -0.901          -1.608          -4.605            5.573
   15 (vir)     1           5.566          -0.883          -0.826          -3.505            7.362
   16 (vir)     1           5.566          -0.883          -0.826          -3.505            7.362
   17 (vir)     1           6.745          -0.713          -1.016          -3.812            8.829
   18 (vir)     1           6.746          -0.713          -1.016          -3.812            8.829
   19 (vir)     1           7.663          -1.449          -1.725          -5.736           10.225
   20 (vir)     1           7.795          -1.298          -1.334          -5.093           10.256
   21 (vir)     1           7.796          -1.298          -1.334          -5.093           10.257
   22 (vir)     1           8.476          -1.487          -0.949          -4.995           11.036
   23 (vir)     1           9.763          -2.336          -1.786          -6.462           12.102
   24 (vir)     1          10.083          -1.964          -1.756          -6.289           12.651
   25 (vir)     1          10.083          -1.964          -1.756          -6.289           12.651
   26 (vir)     1          11.280          -1.844          -0.892          -5.478           14.023
   27 (vir)     1          11.652          -2.673          -1.338          -6.346           13.987
   28 (vir)     1          11.652          -2.671          -1.338          -6.347           13.989
   29 (vir)     1          11.698          -1.878          -1.806          -6.655           14.668
   30 (vir)     1          13.901          -2.682          -2.493          -8.259           16.984
   31 (vir)     1          14.188          -2.566          -1.512          -6.419           16.528
   32 (vir)     1          14.188          -2.567          -1.512          -6.419           16.528
   33 (vir)     1          15.444          -1.960          -0.759          -4.996           17.721
   34 (vir)     1          15.444          -1.962          -0.759          -4.996           17.719
   35 (vir)     1          15.661          -2.478          -1.809          -7.031           18.405
   36 (vir)     1          15.661          -2.478          -1.809          -7.031           18.405
   37 (vir)     1          16.536          -1.495          -0.699          -5.275           19.617
   38 (vir)     1          21.890          -1.265          -1.811          -8.323           27.136
   39 (vir)     1          28.280           0.411          -2.270         -10.187           36.608
   40 (vir)     1          28.281           0.411          -2.270         -10.187           36.609
   41 (vir)     1          42.578           2.371          -1.785          -9.938           53.103
   42 (vir)     1          45.710           2.670          -1.885         -10.295           56.790
   43 (vir)     1          45.711           2.670          -1.884         -10.295           56.791
   44 (vir)     1          48.773           2.138          -1.839         -10.604           59.676
   45 (vir)     1          48.833           2.507          -2.126         -11.035           60.249
   46 (vir)     1          49.981           2.265          -1.659         -10.439           61.026
   47 (vir)     1          49.983           2.262          -1.659         -10.439           61.024
   48 (vir)     1          58.675           1.691          -1.947         -11.159           69.578
   49 (vir)     1          58.676           1.686          -1.947         -11.159           69.573
   50 (vir)     1          78.579           4.878          -0.969          -9.439           91.927
   51 (vir)     1          80.385           5.048          -0.913          -9.366           93.886
   52 (vir)     1          80.385           5.073          -0.914          -9.366           93.910
   53 (vir)     1         102.483           5.551          -0.681          -7.588          114.941
   54 (vir)     1         140.898           1.939          -1.759         -15.718          156.797
   55 (vir)     1         140.898           1.939          -1.759         -15.718          156.797
   56 (vir)     1         140.910           2.018          -1.726         -15.705          156.906
 
