 
  kpoint:       1             coordinate:     0.0000    0.0000    0.0000                  spin:  1
 
    n           k   ϵ_nk^DFT (eV)     Σ^c_nk (eV)     Σ^x_nk (eV)    v_nk^xc (eV)   ϵ_nk^G0W0 (eV)
 
    1 (occ)     1         -36.387           9.841         -44.582         -27.167          -43.961
    2 (occ)     1         -13.330           4.305         -36.356         -26.101          -19.281
    3 (occ)     1         -13.330           4.305         -36.355         -26.101          -19.280
    4 (occ)     1         -13.330           4.305         -36.356         -26.101          -19.280
    5 (vir)     1           2.366          -0.274          -1.894          -5.577            5.774
    6 (vir)     1           5.097          -0.194          -2.075          -5.324            8.152
    7 (vir)     1           5.097          -0.194          -2.075          -5.324            8.152
    8 (vir)     1           5.097          -0.194          -2.075          -5.324            8.152
    9 (vir)     1           7.644          -0.191          -0.282          -2.713            9.885
   10 (vir)     1           7.644          -0.191          -0.282          -2.713            9.885
   11 (vir)     1           7.656          -0.190          -0.282          -2.701            9.885
   12 (vir)     1           7.656          -0.190          -0.282          -2.701            9.885
   13 (vir)     1           7.656          -0.190          -0.282          -2.701            9.885
   14 (vir)     1          11.682          -0.091          -0.035          -1.778           13.334
   15 (vir)     1          11.682          -0.092          -0.035          -1.778           13.333
   16 (vir)     1          11.682          -0.091          -0.035          -1.778           13.334
   17 (vir)     1          11.688          -0.092          -0.035          -1.772           13.333
   18 (vir)     1          11.688          -0.091          -0.035          -1.772           13.334
   19 (vir)     1          11.688          -0.092          -0.035          -1.772           13.334
   20 (vir)     1          11.689          -0.092          -0.035          -1.771           13.333
   21 (vir)     1          49.188          -1.894          -6.394         -15.565           56.465
   22 (vir)     1          49.188          -1.894          -6.394         -15.565           56.466
   23 (vir)     1          49.188          -1.895          -6.395         -15.565           56.464
   24 (vir)     1          49.189          -1.892          -6.389         -15.565           56.473
   25 (vir)     1          49.189          -1.897          -6.395         -15.565           56.462
   26 (vir)     1         129.003           6.102          -9.436         -27.958          153.627
   27 (vir)     1         129.003           6.104          -9.438         -27.958          153.627
   28 (vir)     1         129.003           6.101          -9.437         -27.958          153.625
   29 (vir)     1         360.438          11.177          -2.988         -19.562          388.188
 
