 
  kpoint:       1             coordinate:     0.0000    0.0000    0.0000                  spin:  1
 
    n           k   ϵ_nk^DFT (eV)     Σ^c_nk (eV)     Σ^x_nk (eV)    v_nk^xc (eV)   ϵ_nk^G0W0 (eV)
 
    1 (occ)     1         -21.210           5.733         -27.172         -17.113          -25.536
    2 (occ)     1         -11.291           1.198         -21.484         -15.738          -15.839
    3 (occ)     1         -11.290           1.214         -21.555         -15.738          -15.893
    4 (occ)     1          -6.136           1.555         -20.705         -15.281          -10.004
    5 (vir)     1          -0.284          -0.441          -1.042          -3.271            1.504
    6 (vir)     1           2.158          -0.413          -1.094          -3.328            3.979
    7 (vir)     1           2.158          -0.414          -1.091          -3.326            3.980
    8 (vir)     1           2.329          -0.118          -0.274          -1.520            3.458
    9 (vir)     1           2.368          -0.154          -0.293          -1.558            3.479
   10 (vir)     1           2.368          -0.150          -0.290          -1.558            3.485
   11 (vir)     1           3.139          -0.330          -0.665          -2.332            4.476
   12 (vir)     1           3.139          -0.330          -0.672          -2.332            4.468
   13 (vir)     1           3.624          -0.730          -1.771          -4.598            5.721
   14 (vir)     1           4.537          -0.193          -0.305          -1.737            5.777
   15 (vir)     1           4.723          -0.669          -1.729          -4.330            6.655
   16 (vir)     1           4.724          -0.684          -1.718          -4.330            6.651
   17 (vir)     1           6.802          -0.674          -1.503          -4.949            9.574
   18 (vir)     1           6.803          -0.689          -1.502          -4.949            9.561
   19 (vir)     1           8.056          -1.153          -3.061          -7.715           11.558
   20 (vir)     1           8.149          -0.714          -1.410          -4.902           10.926
   21 (vir)     1           8.149          -0.698          -1.410          -4.902           10.942
   22 (vir)     1          10.907          -0.713          -0.368          -3.686           13.513
   23 (vir)     1          12.478          -1.594          -2.389          -7.101           15.596
   24 (vir)     1          12.479          -1.642          -2.373          -7.100           15.565
   25 (vir)     1          15.909          -3.374          -4.316         -11.388           19.607
   26 (vir)     1          18.528          -2.157          -3.079          -8.937           22.229
   27 (vir)     1          20.247          -2.744          -2.335          -8.432           23.600
   28 (vir)     1          20.248          -2.719          -2.360          -8.432           23.601
   29 (vir)     1          33.522          -5.302          -2.201          -9.723           35.742
   30 (vir)     1          34.212          -4.108          -4.794         -13.186           38.496
   31 (vir)     1          34.212          -4.095          -4.760         -13.186           38.543
   32 (vir)     1          41.541           0.774          -2.373          -9.362           49.304
   33 (vir)     1          41.541           1.220          -2.366          -9.362           49.758
   34 (vir)     1          43.956          -3.529          -2.852         -10.448           48.023
   35 (vir)     1          44.239          -5.287          -2.549         -11.079           47.482
   36 (vir)     1          46.121          -5.927          -2.504         -11.236           48.926
   37 (vir)     1          46.121          -6.224          -2.533         -11.235           48.600
   38 (vir)     1          46.947          -4.683          -2.268         -10.589           50.585
   39 (vir)     1          47.105          -8.991          -3.003         -11.854           46.965
   40 (vir)     1          47.105          -8.903          -2.989         -11.855           47.068
   41 (vir)     1          49.733          -8.420          -3.101         -11.668           49.880
   42 (vir)     1          58.920           2.073          -2.796         -12.756           70.954
   43 (vir)     1          58.920           1.852          -2.818         -12.757           70.712
   44 (vir)     1          63.652          -7.804          -1.260          -9.068           63.656
   45 (vir)     1          63.934           2.782          -3.151         -14.615           78.180
   46 (vir)     1          68.419           2.352          -1.855         -11.224           80.139
   47 (vir)     1          68.419           2.426          -1.883         -11.224           80.186
   48 (vir)     1          76.708           2.498          -2.632         -13.987           90.562
   49 (vir)     1          76.710           3.047          -2.608         -13.987           91.136
   50 (vir)     1          85.056           4.164          -2.124         -14.550          101.646
   51 (vir)     1          85.056           3.406          -2.071         -14.551          100.942
   52 (vir)     1          85.317           2.556          -2.656         -16.028          101.245
   53 (vir)     1         113.330           4.223          -2.093         -14.350          129.810
   54 (vir)     1         151.062           2.383          -1.966         -16.374          167.853
   55 (vir)     1         151.063           2.569          -1.971         -16.374          168.034
   56 (vir)     1         157.059           2.278          -1.908         -15.732          173.161
 
