 
  kpoint:       1             coordinate:     0.0000    0.0000    0.0000                  spin:  1
 
    n           k   ϵ_nk^DFT (eV)     Σ^c_nk (eV)     Σ^x_nk (eV)    v_nk^xc (eV)   ϵ_nk^G0W0 (eV)
 
    1 (occ)     1         -29.082          10.067         -31.014         -19.205          -30.823
    2 (occ)     1         -26.626           9.274         -32.117         -20.466          -29.003
    3 (occ)     1         -15.769           4.634         -24.870         -17.180          -18.825
    4 (occ)     1         -12.381           2.471         -21.026         -15.623          -15.313
    5 (occ)     1         -12.123           3.279         -23.079         -16.609          -15.314
    6 (occ)     1         -12.111           3.655         -26.116         -19.125          -15.447
    7 (occ)     1          -9.424           1.442         -23.268         -18.670          -12.580
    8 (occ)     1          -8.752           2.450         -24.853         -19.125          -12.030
    9 (occ)     1          -8.049           1.698         -22.625         -17.562          -11.415
   10 (vir)     1          -4.342          -1.163         -10.537         -15.541           -0.502
   11 (vir)     1          -0.247          -1.769          -6.151         -11.430            3.263
   12 (vir)     1           0.683          -1.452          -5.657         -10.382            3.955
   13 (vir)     1           2.069          -0.970          -1.534          -4.780            4.346
   14 (vir)     1           2.514          -0.851          -1.074          -3.967            4.556
   15 (vir)     1           3.687          -1.311          -2.255          -6.243            6.364
   16 (vir)     1           3.999          -1.352          -3.103          -7.374            6.919
   17 (vir)     1           4.539          -1.368          -3.126          -7.349            7.394
   18 (vir)     1           4.627          -1.468          -3.328          -7.753            7.584
   19 (vir)     1           4.874          -1.558          -1.947          -5.807            7.176
   20 (vir)     1           6.079          -1.033          -1.577          -5.130            8.598
   21 (vir)     1           6.111          -1.258          -2.393          -6.322            8.781
   22 (vir)     1          10.634          -3.234          -3.461         -10.026           13.965
   23 (vir)     1          11.472          -2.294          -2.568          -8.378           14.988
   24 (vir)     1          11.698          -1.466          -1.776          -6.625           15.081
   25 (vir)     1          11.857          -1.639          -2.320          -7.464           15.361
   26 (vir)     1          12.140          -2.315          -2.994          -9.457           16.288
   27 (vir)     1          12.300          -3.041          -1.770          -7.477           14.966
   28 (vir)     1          12.870          -2.403          -2.788          -8.784           16.462
   29 (vir)     1          15.222          -3.024          -2.142          -8.090           18.146
   30 (vir)     1          16.327          -3.268          -4.030         -10.960           19.990
   31 (vir)     1          16.349          -4.547          -3.462         -10.690           19.030
   32 (vir)     1          17.467          -3.904          -4.099         -11.379           20.842
   33 (vir)     1          17.972          -4.274          -2.149          -8.607           20.156
   34 (vir)     1          18.004          -3.020          -3.206          -9.665           21.443
   35 (vir)     1          18.520          -3.663          -2.719          -9.706           21.843
   36 (vir)     1          22.082          -3.123          -2.855          -9.561           25.665
   37 (vir)     1          24.090          -4.042          -3.049         -10.184           27.184
   38 (vir)     1          24.745          -4.286          -3.202         -10.432           27.690
   39 (vir)     1          25.699          -4.107          -3.564         -11.176           29.204
   40 (vir)     1          25.980          -4.633          -2.841         -10.136           28.641
   41 (vir)     1          29.737          -7.078          -3.739         -12.791           31.710
   42 (vir)     1          29.974          -8.921          -5.150         -15.872           31.775
   43 (vir)     1          39.543           4.022          -5.098         -14.097           52.564
   44 (vir)     1          42.289           2.309          -5.078         -14.378           53.898
   45 (vir)     1          44.521           2.865          -4.797         -14.085           56.673
   46 (vir)     1          45.139           3.103          -4.910         -14.600           57.932
   47 (vir)     1          45.322           3.328          -4.850         -14.676           58.475
   48 (vir)     1          46.255           3.488          -4.799         -14.353           59.297
   49 (vir)     1          50.919           2.389          -4.452         -15.290           64.147
   50 (vir)     1          52.153           2.191          -4.750         -15.242           64.836
   51 (vir)     1          55.795           2.895          -4.385         -15.294           69.599
   52 (vir)     1          56.507           2.207          -4.611         -14.865           68.967
   53 (vir)     1          68.613           2.037          -3.366         -13.991           81.275
   54 (vir)     1          72.561           1.947          -4.191         -16.248           86.565
   55 (vir)     1          76.973           1.372          -2.266         -11.587           87.666
   56 (vir)     1         119.497           4.119          -2.810         -18.638          139.442
   57 (vir)     1         122.454           4.269          -2.786         -18.888          142.825
   58 (vir)     1         124.409           4.435          -2.787         -19.303          145.359
   59 (vir)     1         124.998           4.456          -2.720         -19.085          145.819
   60 (vir)     1         125.279           3.297          -2.646         -18.951          144.881
   61 (vir)     1         125.875           3.113          -3.070         -20.290          146.209
   62 (vir)     1         173.915           1.269          -4.707         -23.418          193.894
   63 (vir)     1         174.477           1.287          -5.067         -23.306          194.003
   64 (vir)     1         174.613           1.191          -4.381         -23.092          194.515
   65 (vir)     1         174.659           1.332          -5.164         -23.250          194.078
   66 (vir)     1         179.594           1.368          -4.543         -23.415          199.834
   67 (vir)     1         180.334           1.600          -4.942         -23.385          200.378
   68 (vir)     1         180.526           1.470          -4.588         -23.231          200.639
   69 (vir)     1         180.745           1.555          -4.389         -22.822          200.732
   70 (vir)     1         182.162           1.598          -4.762         -23.103          202.100
   71 (vir)     1         182.571           1.586          -4.491         -22.934          202.600
   72 (vir)     1         217.478           0.431          -3.066         -19.920          234.763
   73 (vir)     1         217.517           0.684          -3.189         -19.928          234.940
   74 (vir)     1         226.167           0.723          -3.403         -20.872          244.358
   75 (vir)     1         226.683           0.771          -3.297         -21.028          245.186
   76 (vir)     1         228.539           0.876          -3.487         -21.327          247.255
   77 (vir)     1         228.902           0.758          -3.375         -21.206          247.491
   78 (vir)     1         230.210           0.852          -3.271         -20.930          248.721
   79 (vir)     1         231.780           0.708          -3.259         -20.954          250.182
   80 (vir)     1         232.429           0.745          -3.363         -21.413          251.224
   81 (vir)     1         233.941           0.653          -3.495         -21.541          252.640
   82 (vir)     1         234.149           0.970          -3.447         -21.607          253.279
   83 (vir)     1         234.318           0.877          -3.457         -21.758          253.496
   84 (vir)     1         236.531           0.450          -3.333         -21.563          255.211
   85 (vir)     1         237.054           0.493          -3.497         -21.717          255.767
   86 (vir)     1         253.240           1.677          -1.659         -19.025          272.283
   87 (vir)     1         255.477           1.683          -1.819         -19.640          274.981
 
