 
  kpoint:       1             coordinate:     0.0000    0.0000    0.0000                  spin:  1
 
    n           k   ϵ_nk^DFT (eV)     Σ^c_nk (eV)     Σ^x_nk (eV)    v_nk^xc (eV)   ϵ_nk^G0W0 (eV)
 
    1 (occ)     1         -23.689           8.883         -25.103         -15.641          -24.267
    2 (occ)     1         -19.297           6.541         -24.113         -15.788          -21.081
    3 (occ)     1         -12.084           1.181         -18.617         -14.495          -15.024
    4 (occ)     1          -9.966           2.147         -19.182         -13.714          -13.286
    5 (occ)     1          -9.966           2.147         -19.182         -13.714          -13.286
    6 (occ)     1          -7.270           1.283         -18.945         -14.250          -10.683
    7 (occ)     1          -7.270           1.283         -18.945         -14.250          -10.683
    8 (vir)     1          -4.336          -1.593          -8.368         -13.650           -0.647
    9 (vir)     1           0.749          -0.997          -1.525          -4.830            3.057
   10 (vir)     1           2.676          -1.064          -1.319          -4.465            4.758
   11 (vir)     1           2.838          -0.882          -2.207          -5.818            5.567
   12 (vir)     1           2.838          -0.882          -2.207          -5.818            5.567
   13 (vir)     1           2.927          -1.107          -2.332          -6.138            5.625
   14 (vir)     1           2.927          -1.107          -2.332          -6.138            5.625
   15 (vir)     1           3.017          -1.181          -1.827          -5.378            5.386
   16 (vir)     1           4.177          -1.158          -2.413          -6.159            6.765
   17 (vir)     1           4.177          -1.158          -2.413          -6.159            6.765
   18 (vir)     1           4.308          -0.958          -1.403          -4.497            6.444
   19 (vir)     1           4.308          -0.958          -1.403          -4.497            6.444
   20 (vir)     1           5.418          -0.975          -1.918          -5.526            8.052
   21 (vir)     1           5.418          -0.975          -1.918          -5.526            8.052
   22 (vir)     1           5.851          -1.288          -1.098          -4.463            7.929
   23 (vir)     1           8.407          -0.713          -0.393          -3.376           10.678
   24 (vir)     1           8.407          -0.713          -0.393          -3.376           10.678
   25 (vir)     1           9.319          -1.335          -0.669          -4.101           11.416
   26 (vir)     1           9.534          -1.182          -0.923          -4.451           11.880
   27 (vir)     1           9.534          -1.182          -0.923          -4.451           11.880
   28 (vir)     1           9.839          -1.693          -2.896          -7.770           13.020
   29 (vir)     1           9.839          -1.693          -2.896          -7.770           13.020
   30 (vir)     1          10.198          -0.991          -0.797          -4.298           12.709
   31 (vir)     1          10.198          -0.991          -0.797          -4.298           12.709
   32 (vir)     1          10.987          -4.009          -4.002         -10.904           13.881
   33 (vir)     1          11.760          -0.892          -0.474          -3.722           14.116
   34 (vir)     1          11.760          -0.892          -0.474          -3.722           14.116
   35 (vir)     1          13.616          -1.989          -2.016          -6.890           16.501
   36 (vir)     1          14.334          -2.750          -3.942         -10.549           18.191
   37 (vir)     1          14.334          -2.750          -3.942         -10.549           18.191
   38 (vir)     1          14.908          -3.779          -4.857         -12.639           18.912
   39 (vir)     1          14.908          -3.779          -4.857         -12.639           18.912
   40 (vir)     1          15.388          -3.520          -2.885          -8.810           17.794
   41 (vir)     1          16.668          -5.127          -4.484         -13.132           20.189
   42 (vir)     1          16.668          -5.127          -4.484         -13.132           20.189
   43 (vir)     1          18.989          -2.867          -2.269          -8.796           22.649
   44 (vir)     1          18.989          -2.867          -2.269          -8.796           22.649
   45 (vir)     1          19.575          -2.335          -1.974          -7.602           22.869
   46 (vir)     1          19.575          -2.335          -1.974          -7.602           22.869
   47 (vir)     1          19.605          -3.423          -1.322          -6.471           21.331
   48 (vir)     1          20.676          -6.894          -3.715         -12.288           22.356
   49 (vir)     1          24.767          -3.236          -1.947          -7.780           27.363
   50 (vir)     1          24.767          -3.236          -1.947          -7.780           27.363
   51 (vir)     1          29.250          -6.003          -2.509          -9.554           30.292
   52 (vir)     1          29.250          -6.003          -2.509          -9.554           30.292
   53 (vir)     1          30.852         -11.188          -2.416         -10.472           27.720
   54 (vir)     1          36.478           1.780          -1.905          -8.837           45.189
   55 (vir)     1          36.478           1.780          -1.905          -8.837           45.189
   56 (vir)     1          40.838           2.652          -1.814          -9.877           51.552
   57 (vir)     1         145.844           7.539          -1.254         -11.092          163.221
   58 (vir)     1         147.992           7.386          -1.238         -11.067          165.207
 
