 
  kpoint:       1             coordinate:     0.0000    0.0000    0.0000                  spin:  1
 
    n           k   ϵ_nk^DFT (eV)     Σ^c_nk (eV)     Σ^x_nk (eV)    v_nk^xc (eV)   ϵ_nk^G0W0 (eV)
 
    1 (occ)     1         -24.835           8.445         -25.184         -15.414          -26.160
    2 (occ)     1         -21.555           7.152         -24.871         -15.864          -23.410
    3 (occ)     1         -21.555           7.150         -24.869         -15.864          -23.410
    4 (occ)     1         -21.555           7.156         -24.886         -15.864          -23.422
    5 (occ)     1         -15.856           4.102         -21.876         -15.249          -18.382
    6 (occ)     1         -12.707           2.245         -19.498         -14.618          -15.342
    7 (occ)     1         -12.707           2.245         -19.494         -14.618          -15.338
    8 (occ)     1         -12.707           2.244         -19.496         -14.618          -15.341
    9 (occ)     1          -9.208           2.229         -18.859         -13.754          -12.084
   10 (occ)     1          -9.208           2.227         -18.854         -13.754          -12.081
   11 (occ)     1          -8.607           1.695         -18.528         -13.987          -11.453
   12 (occ)     1          -8.607           1.695         -18.528         -13.987          -11.454
   13 (occ)     1          -8.607           1.696         -18.531         -13.987          -11.455
   14 (occ)     1          -7.635           1.787         -19.212         -14.491          -10.569
   15 (occ)     1          -7.635           1.787         -19.210         -14.491          -10.567
   16 (occ)     1          -7.635           1.787         -19.210         -14.491          -10.566
   17 (vir)     1          -2.807          -2.357          -7.842         -13.249            0.242
   18 (vir)     1          -1.533          -2.643          -7.247         -12.923            1.500
   19 (vir)     1          -1.533          -2.643          -7.247         -12.923            1.500
   20 (vir)     1          -1.533          -2.643          -7.248         -12.923            1.499
   21 (vir)     1           0.548          -1.197          -1.393          -4.424            2.383
   22 (vir)     1           0.770          -0.643          -0.780          -2.665            2.012
   23 (vir)     1           0.770          -0.643          -0.780          -2.665            2.012
   24 (vir)     1           0.770          -0.642          -0.780          -2.665            2.013
   25 (vir)     1           1.450          -0.547          -0.687          -2.440            2.656
   26 (vir)     1           1.450          -0.547          -0.687          -2.440            2.656
   27 (vir)     1           1.612          -0.735          -1.078          -3.218            3.018
   28 (vir)     1           1.612          -0.734          -1.078          -3.218            3.018
   29 (vir)     1           1.612          -0.735          -1.078          -3.218            3.018
   30 (vir)     1           3.398          -1.519          -2.500          -6.300            5.678
   31 (vir)     1           3.398          -1.519          -2.501          -6.300            5.677
   32 (vir)     1           3.398          -1.520          -2.500          -6.300            5.677
   33 (vir)     1           4.070          -1.615          -2.826          -6.886            6.515
   34 (vir)     1           4.070          -1.616          -2.825          -6.886            6.515
   35 (vir)     1           4.070          -1.616          -2.825          -6.886            6.515
   36 (vir)     1           4.241          -1.679          -3.668          -8.192            7.085
   37 (vir)     1           4.241          -1.675          -3.668          -8.192            7.090
   38 (vir)     1           4.414          -1.282          -1.588          -4.897            6.442
   39 (vir)     1           4.414          -1.282          -1.587          -4.897            6.442
   40 (vir)     1           4.414          -1.282          -1.587          -4.897            6.442
   41 (vir)     1           4.793          -1.728          -1.845          -5.513            6.733
   42 (vir)     1           5.758          -1.170          -1.944          -5.127            7.771
   43 (vir)     1           5.758          -1.171          -1.943          -5.127            7.772
   44 (vir)     1           5.770          -1.489          -2.175          -6.120            8.225
   45 (vir)     1           5.770          -1.490          -2.176          -6.120            8.224
   46 (vir)     1           5.770          -1.490          -2.176          -6.120            8.225
   47 (vir)     1           6.470          -1.455          -1.662          -4.992            8.345
   48 (vir)     1           6.470          -1.454          -1.662          -4.992            8.347
   49 (vir)     1           6.470          -1.454          -1.662          -4.992            8.346
   50 (vir)     1           6.646          -1.210          -1.360          -4.261            8.338
   51 (vir)     1           6.646          -1.209          -1.361          -4.261            8.338
   52 (vir)     1           6.646          -1.210          -1.360          -4.261            8.338
   53 (vir)     1           7.727          -1.194          -0.508          -3.587            9.612
   54 (vir)     1           8.251          -1.820          -1.834          -5.760           10.357
   55 (vir)     1           8.426          -1.882          -2.239          -6.464           10.769
   56 (vir)     1           8.426          -1.880          -2.239          -6.464           10.770
   57 (vir)     1           8.540          -1.860          -1.514          -5.502           10.667
   58 (vir)     1           8.540          -1.859          -1.514          -5.502           10.669
   59 (vir)     1           8.540          -1.860          -1.514          -5.502           10.667
   60 (vir)     1          10.237          -1.642          -1.991          -6.218           12.823
   61 (vir)     1          10.237          -1.643          -1.992          -6.218           12.821
   62 (vir)     1          10.262          -2.157          -2.283          -6.953           12.775
   63 (vir)     1          10.262          -2.157          -2.283          -6.953           12.775
   64 (vir)     1          10.262          -2.160          -2.283          -6.953           12.772
   65 (vir)     1          10.413          -1.467          -1.050          -4.738           12.634
   66 (vir)     1          10.413          -1.467          -1.050          -4.738           12.633
   67 (vir)     1          10.413          -1.468          -1.049          -4.738           12.634
   68 (vir)     1          10.906          -1.908          -2.282          -6.908           13.625
   69 (vir)     1          10.906          -1.906          -2.281          -6.908           13.628
   70 (vir)     1          10.906          -1.905          -2.281          -6.908           13.628
   71 (vir)     1          12.095          -1.407          -0.724          -4.302           14.266
   72 (vir)     1          12.095          -1.404          -0.724          -4.302           14.269
   73 (vir)     1          12.095          -1.402          -0.723          -4.302           14.272
   74 (vir)     1          12.709          -2.778          -3.375          -9.300           15.857
   75 (vir)     1          12.709          -2.775          -3.372          -9.300           15.863
   76 (vir)     1          12.709          -2.775          -3.374          -9.300           15.861
   77 (vir)     1          13.817          -2.024          -1.112          -5.211           15.892
   78 (vir)     1          13.958          -3.169          -3.775         -10.246           17.260
   79 (vir)     1          13.958          -3.166          -3.774         -10.246           17.264
   80 (vir)     1          14.110          -1.706          -1.062          -5.042           16.384
   81 (vir)     1          14.110          -1.736          -1.061          -5.042           16.355
   82 (vir)     1          14.110          -1.702          -1.061          -5.042           16.389
   83 (vir)     1          14.789          -5.174          -5.021         -13.318           17.912
   84 (vir)     1          14.789          -5.178          -5.020         -13.318           17.910
   85 (vir)     1          14.789          -5.177          -5.021         -13.318           17.910
   86 (vir)     1          16.118          -2.790          -1.787          -6.661           18.201
   87 (vir)     1          16.118          -2.792          -1.788          -6.661           18.199
   88 (vir)     1          16.118          -2.789          -1.788          -6.661           18.201
   89 (vir)     1          16.404          -1.771          -0.727          -4.768           18.674
   90 (vir)     1          17.000          -6.454          -4.102         -12.474           18.918
   91 (vir)     1          17.000          -6.466          -4.104         -12.474           18.904
   92 (vir)     1          17.000          -6.476          -4.104         -12.474           18.894
   93 (vir)     1          18.984          -6.761          -3.550         -10.977           19.651
   94 (vir)     1          19.722          -5.311          -2.288          -8.525           20.648
   95 (vir)     1          20.364          -7.930          -3.115         -10.729           20.048
   96 (vir)     1          20.364          -7.996          -3.115         -10.729           19.981
   97 (vir)     1          20.364          -7.875          -3.114         -10.729           20.103
   98 (vir)     1          21.328          -5.685          -2.513          -8.801           21.931
   99 (vir)     1          21.328          -5.659          -2.515          -8.801           21.955
  100 (vir)     1          21.328          -5.654          -2.511          -8.801           21.964
  101 (vir)     1          23.151          -4.417          -1.985          -8.274           25.024
  102 (vir)     1          23.151          -4.405          -1.986          -8.274           25.034
  103 (vir)     1          23.281          -6.815          -3.135         -10.978           24.308
  104 (vir)     1          23.281          -6.805          -3.134         -10.978           24.319
  105 (vir)     1          23.741          -2.987          -1.123          -5.813           25.444
  106 (vir)     1          23.741          -2.988          -1.118          -5.813           25.448
  107 (vir)     1          23.741          -2.996          -1.123          -5.813           25.436
  108 (vir)     1          24.082          -5.791          -2.277          -9.126           25.140
  109 (vir)     1          24.471          -4.453          -1.698          -7.456           25.776
  110 (vir)     1          24.471          -4.461          -1.699          -7.456           25.768
  111 (vir)     1          24.471          -4.452          -1.700          -7.456           25.776
  112 (vir)     1          25.086          -5.043          -1.999          -8.546           26.590
  113 (vir)     1          25.086          -5.061          -1.997          -8.546           26.574
  114 (vir)     1          25.086          -5.069          -1.998          -8.546           26.565
  115 (vir)     1          25.425          -5.209          -2.288          -8.983           26.911
  116 (vir)     1          25.425          -5.191          -2.290          -8.983           26.928
  117 (vir)     1          25.425          -5.202          -2.287          -8.983           26.919
  118 (vir)     1          31.971          -7.281          -2.003          -8.481           31.168
  119 (vir)     1          31.971          -7.298          -1.998          -8.481           31.155
  120 (vir)     1          31.971          -7.293          -2.000          -8.481           31.158
  121 (vir)     1          35.113          -8.298          -1.847          -9.372           34.340
  122 (vir)     1          37.136          -9.501          -1.953          -9.235           34.918
  123 (vir)     1          37.136          -9.506          -1.953          -9.235           34.913
  124 (vir)     1          37.189           2.590          -2.371         -10.072           47.480
  125 (vir)     1          37.189           2.555          -2.374         -10.072           47.442
  126 (vir)     1          37.189           2.579          -2.370         -10.072           47.471
  127 (vir)     1          39.405           2.052          -2.174         -10.404           49.688
  128 (vir)     1          39.405           2.034          -2.171         -10.404           49.673
  129 (vir)     1          39.405           1.929          -2.174         -10.404           49.565
  130 (vir)     1          41.900           1.331          -1.763          -8.841           50.309
  131 (vir)     1          41.900           1.284          -1.757          -8.841           50.268
  132 (vir)     1          41.900           1.296          -1.760          -8.841           50.277
  133 (vir)     1          43.804           4.457          -3.844         -14.513           58.930
  134 (vir)     1          43.804           4.474          -3.842         -14.513           58.949
  135 (vir)     1          45.273         -10.606          -2.762         -13.026           44.931
  136 (vir)     1          45.273         -10.591          -2.760         -13.026           44.948
  137 (vir)     1          45.273         -10.546          -2.764         -13.026           44.989
  138 (vir)     1          61.900           3.809          -2.847         -14.826           77.689
  139 (vir)     1          61.900           3.793          -2.846         -14.826           77.674
  140 (vir)     1          61.900           3.810          -2.859         -14.826           77.678
  141 (vir)     1         145.522           7.907          -1.275         -11.144          163.299
  142 (vir)     1         147.446           7.805          -1.257         -11.170          165.164
  143 (vir)     1         147.446           7.778          -1.257         -11.170          165.138
  144 (vir)     1         147.446           7.862          -1.257         -11.170          165.222
  145 (vir)     1         238.628           1.102          -0.806         -12.801          251.725
 
