 
  kpoint:       1             coordinate:     0.0000    0.0000    0.0000                  spin:  1
 
    n           k   ϵ_nk^DFT (eV)     Σ^c_nk (eV)     Σ^x_nk (eV)    v_nk^xc (eV)   ϵ_nk^G0W0 (eV)
 
    1 (occ)     1         -20.668           7.068         -21.025         -13.145          -21.481
    2 (occ)     1         -17.762           5.480         -19.224         -12.571          -18.934
    3 (occ)     1         -17.762           5.478         -19.216         -12.571          -18.929
    4 (occ)     1         -17.762           5.469         -19.195         -12.571          -18.916
    5 (occ)     1         -14.205           3.371         -18.188         -13.008          -16.013
    6 (occ)     1         -10.499           1.738         -15.650         -12.241          -12.169
    7 (occ)     1         -10.499           1.740         -15.650         -12.241          -12.168
    8 (occ)     1         -10.499           1.749         -15.643         -12.241          -12.151
    9 (occ)     1          -7.521           1.766         -14.234         -10.657           -9.333
   10 (occ)     1          -7.521           1.765         -14.232         -10.657           -9.331
   11 (occ)     1          -6.952           1.384         -13.934         -10.828           -8.675
   12 (occ)     1          -6.952           1.382         -13.942         -10.828           -8.685
   13 (occ)     1          -6.952           1.381         -13.940         -10.828           -8.683
   14 (occ)     1          -6.159           1.447         -14.372         -11.168           -7.916
   15 (occ)     1          -6.159           1.454         -14.374         -11.168           -7.911
   16 (occ)     1          -6.159           1.455         -14.374         -11.168           -7.909
   17 (vir)     1          -2.976          -1.806          -7.209         -11.956           -0.035
   18 (vir)     1          -2.190          -2.050          -6.462         -11.474            0.772
   19 (vir)     1          -2.190          -2.050          -6.462         -11.474            0.772
   20 (vir)     1          -2.190          -2.051          -6.441         -11.474            0.792
   21 (vir)     1           1.373          -0.780          -0.977          -3.827            3.443
   22 (vir)     1           1.373          -0.777          -0.969          -3.827            3.454
   23 (vir)     1           1.373          -0.772          -0.950          -3.827            3.478
   24 (vir)     1           1.674          -1.054          -1.075          -4.434            3.979
   25 (vir)     1           2.365          -0.678          -1.144          -4.289            4.832
   26 (vir)     1           2.365          -0.678          -1.145          -4.289            4.831
   27 (vir)     1           3.040          -1.186          -1.749          -5.341            5.445
   28 (vir)     1           3.040          -1.186          -1.748          -5.341            5.446
   29 (vir)     1           3.040          -1.172          -1.744          -5.341            5.464
   30 (vir)     1           3.316          -0.578          -0.939          -3.934            5.733
   31 (vir)     1           3.316          -0.587          -0.900          -3.934            5.762
   32 (vir)     1           3.316          -0.588          -0.891          -3.934            5.771
   33 (vir)     1           5.240          -1.546          -3.143          -8.082            8.633
   34 (vir)     1           5.240          -1.568          -3.148          -8.082            8.606
   35 (vir)     1           5.240          -1.540          -3.125          -8.082            8.657
   36 (vir)     1           6.434          -1.241          -1.330          -5.036            8.899
   37 (vir)     1           6.688          -1.825          -4.830         -10.512           10.545
   38 (vir)     1           6.688          -1.824          -4.827         -10.512           10.550
   39 (vir)     1          12.067          -3.538          -2.523          -8.748           14.754
   40 (vir)     1          12.067          -3.580          -2.517          -8.748           14.718
   41 (vir)     1          12.067          -3.458          -2.477          -8.748           14.880
   42 (vir)     1          18.112          -5.043          -4.227         -11.888           20.729
   43 (vir)     1          18.112          -5.051          -4.226         -11.888           20.723
   44 (vir)     1          18.112          -5.054          -4.227         -11.888           20.719
   45 (vir)     1          18.884          -4.670          -4.421         -12.260           22.053
   46 (vir)     1          18.884          -4.669          -4.411         -12.260           22.064
   47 (vir)     1          18.884          -4.674          -4.401         -12.260           22.069
   48 (vir)     1          18.995          -3.679          -4.414         -12.193           23.094
   49 (vir)     1          18.995          -3.688          -4.420         -12.193           23.079
   50 (vir)     1          19.604          -5.758          -4.108         -12.102           21.841
   51 (vir)     1          19.604          -5.759          -4.109         -12.102           21.838
   52 (vir)     1          19.604          -5.743          -4.099         -12.102           21.864
   53 (vir)     1          20.010           1.846          -3.183         -10.569           29.242
   54 (vir)     1          21.592          -8.202          -3.221         -11.440           21.608
   55 (vir)     1          21.592          -8.191          -3.217         -11.440           21.622
   56 (vir)     1          21.592          -8.168          -3.211         -11.440           21.652
   57 (vir)     1          22.449           1.217          -1.967          -8.556           30.254
   58 (vir)     1          24.281           3.574          -2.577         -10.895           36.174
   59 (vir)     1          24.281           3.566          -2.569         -10.895           36.173
   60 (vir)     1          24.281           3.551          -2.579         -10.895           36.148
   61 (vir)     1          30.014           2.128          -2.515         -11.762           41.389
   62 (vir)     1          30.014           2.140          -2.520         -11.762           41.395
   63 (vir)     1          42.925           1.046          -1.907         -11.025           53.089
   64 (vir)     1          42.925           0.994          -1.888         -11.025           53.056
   65 (vir)     1          42.925           0.935          -1.888         -11.025           52.997
 
