 
  kpoint:       1             coordinate:     0.0000    0.0000    0.0000                  spin:  1
 
    n           k   ϵ_nk^DFT (eV)     Σ^c_nk (eV)     Σ^x_nk (eV)    v_nk^xc (eV)   ϵ_nk^G0W0 (eV)
 
    1 (occ)     1         -21.238           7.546         -25.194         -15.403          -23.484
    2 (occ)     1         -19.444           5.808         -24.353         -15.183          -22.806
    3 (occ)     1         -18.325           7.497         -24.327         -15.496          -19.660
    4 (occ)     1         -17.773           7.657         -24.020         -15.382          -18.753
    5 (occ)     1         -15.519           5.227         -22.818         -15.105          -18.006
    6 (occ)     1         -14.826           4.801         -22.460         -15.226          -17.259
    7 (occ)     1         -14.091           4.395         -22.126         -15.137          -16.685
    8 (occ)     1         -12.481           3.320         -20.434         -14.406          -15.189
    9 (occ)     1         -11.394           2.919         -20.714         -15.090          -14.098
   10 (occ)     1         -11.092           2.862         -20.325         -14.493          -14.062
   11 (occ)     1         -10.415           2.400         -19.871         -14.518          -13.368
   12 (occ)     1         -10.224           2.415         -20.248         -14.934          -13.123
   13 (occ)     1         -10.025           2.335         -20.211         -14.925          -12.976
   14 (occ)     1          -9.632           2.216         -19.267         -14.483          -12.200
   15 (occ)     1          -8.962           1.952         -19.333         -14.448          -11.896
   16 (occ)     1          -8.570           2.084         -17.809         -13.516          -10.778
   17 (occ)     1          -8.393           1.610         -19.508         -14.685          -11.605
   18 (occ)     1          -7.909           1.531         -19.587         -14.961          -11.005
   19 (occ)     1          -7.902           1.569         -19.932         -15.480          -10.784
   20 (occ)     1          -6.209           0.359         -15.634         -13.047           -8.437
   21 (occ)     1          -5.987           0.270         -15.837         -13.341           -8.213
   22 (vir)     1          -1.139          -2.404          -7.481         -12.381            1.357
   23 (vir)     1          -1.118          -2.348          -7.413         -12.196            1.317
   24 (vir)     1          -0.357          -0.907          -1.442          -3.822            1.116
   25 (vir)     1          -0.058          -0.796          -1.191          -3.362            1.316
   26 (vir)     1           0.038          -0.725          -0.990          -2.974            1.296
   27 (vir)     1           0.254          -0.697          -0.874          -2.838            1.521
   28 (vir)     1           0.604          -0.693          -0.887          -2.800            1.825
   29 (vir)     1           0.657          -0.649          -0.805          -2.636            1.839
   30 (vir)     1           0.862          -0.748          -0.900          -2.921            2.134
   31 (vir)     1           0.965          -0.556          -0.536          -2.154            2.027
   32 (vir)     1           1.202          -0.574          -0.658          -2.312            2.283
   33 (vir)     1           1.257          -0.763          -0.947          -3.021            2.568
   34 (vir)     1           1.455          -0.662          -0.702          -2.562            2.653
   35 (vir)     1           1.651          -0.713          -0.824          -2.713            2.827
   36 (vir)     1           1.841          -0.556          -0.595          -2.236            2.926
   37 (vir)     1           1.984          -0.518          -0.563          -2.095            2.998
   38 (vir)     1           2.280          -0.665          -0.761          -2.708            3.562
   39 (vir)     1           2.340          -0.772          -0.916          -2.947            3.599
   40 (vir)     1           2.406          -2.623          -3.378          -7.575            3.980
   41 (vir)     1           2.614          -0.950          -1.123          -3.249            3.790
   42 (vir)     1           2.661          -0.591          -0.597          -2.264            3.737
   43 (vir)     1           2.713          -0.894          -1.304          -3.554            4.069
   44 (vir)     1           2.920          -1.261          -1.755          -4.371            4.276
   45 (vir)     1           3.055          -0.714          -1.027          -2.951            4.265
   46 (vir)     1           3.176          -1.052          -1.397          -3.798            4.526
   47 (vir)     1           3.353          -0.860          -1.188          -3.300            4.605
   48 (vir)     1           3.497          -0.790          -1.016          -3.184            4.874
   49 (vir)     1           3.534          -1.066          -1.378          -3.767            4.857
   50 (vir)     1           3.641          -0.906          -1.276          -3.471            4.930
   51 (vir)     1           3.853          -0.702          -0.665          -2.467            4.953
   52 (vir)     1           4.014          -1.408          -1.883          -4.648            5.372
   53 (vir)     1           4.133          -1.254          -2.018          -5.026            5.887
   54 (vir)     1           4.228          -1.623          -2.733          -6.269            6.140
   55 (vir)     1           4.330          -1.350          -2.049          -5.083            6.015
   56 (vir)     1           4.415          -1.436          -2.002          -5.224            6.201
   57 (vir)     1           4.427          -1.400          -2.194          -5.420            6.253
   58 (vir)     1           4.739          -1.217          -2.066          -5.041            6.496
   59 (vir)     1           4.895          -1.663          -2.462          -5.930            6.700
   60 (vir)     1           5.249          -1.728          -2.306          -5.845            7.061
   61 (vir)     1           5.428          -1.790          -2.881          -6.800            7.557
   62 (vir)     1           5.452          -1.234          -1.309          -4.166            7.074
   63 (vir)     1           5.475          -1.277          -1.530          -4.505            7.173
   64 (vir)     1           5.766          -1.217          -1.493          -4.289            7.345
   65 (vir)     1           5.793          -1.276          -1.747          -4.648            7.419
   66 (vir)     1           6.078          -1.345          -1.483          -4.585            7.836
   67 (vir)     1           6.133          -1.652          -2.204          -5.812            8.088
   68 (vir)     1           6.247          -1.619          -2.246          -5.786            8.168
   69 (vir)     1           6.433          -1.395          -1.745          -4.983            8.275
   70 (vir)     1           6.643          -1.225          -1.504          -4.415            8.329
   71 (vir)     1           6.731          -1.297          -1.079          -4.011            8.366
   72 (vir)     1           6.925          -1.119          -1.378          -4.161            8.590
   73 (vir)     1           7.024          -1.304          -1.426          -4.670            8.963
   74 (vir)     1           7.275          -2.174          -3.000          -7.288            9.389
   75 (vir)     1           7.282          -1.654          -2.254          -5.825            9.199
   76 (vir)     1           7.423          -1.548          -1.859          -5.227            9.244
   77 (vir)     1           7.810          -2.129          -2.904          -7.215            9.992
   78 (vir)     1           7.945          -1.893          -2.063          -5.866            9.856
   79 (vir)     1           8.301          -2.003          -2.399          -6.407           10.307
   80 (vir)     1           8.360          -2.401          -3.072          -7.648           10.534
   81 (vir)     1           8.498          -1.650          -1.211          -4.618           10.255
   82 (vir)     1           8.916          -2.192          -1.665          -5.580           10.639
   83 (vir)     1           9.074          -2.305          -2.909          -7.358           11.217
   84 (vir)     1           9.145          -1.706          -1.648          -5.160           10.950
   85 (vir)     1           9.362          -1.779          -1.138          -4.523           10.968
   86 (vir)     1           9.419          -1.665          -1.802          -5.363           11.316
   87 (vir)     1           9.836          -0.781          -1.517          -4.966           12.503
   88 (vir)     1           9.917          -2.571          -2.782          -7.437           12.001
   89 (vir)     1           9.936          -2.024          -1.926          -5.788           11.774
   90 (vir)     1          10.416          -2.115          -1.567          -5.543           12.277
   91 (vir)     1          10.986          -3.136          -2.797          -7.902           12.955
   92 (vir)     1          10.991          -1.760          -1.661          -5.260           12.830
   93 (vir)     1          11.087          -1.432          -0.799          -4.064           12.920
   94 (vir)     1          11.329          -2.232          -1.693          -5.835           13.240
   95 (vir)     1          11.550          -3.456          -3.181          -8.693           13.606
   96 (vir)     1          11.585          -1.845          -1.280          -4.591           13.051
   97 (vir)     1          11.794          -2.172          -1.812          -6.045           13.855
   98 (vir)     1          12.314          -2.288          -1.911          -6.120           14.236
   99 (vir)     1          12.394          -0.555          -1.797          -6.144           16.186
  100 (vir)     1          12.423          -2.392          -2.228          -6.697           14.500
  101 (vir)     1          12.663          -2.258          -2.018          -6.236           14.624
  102 (vir)     1          12.981          -0.164          -2.039          -6.823           17.601
  103 (vir)     1          13.056          -2.743          -2.493          -7.611           15.432
  104 (vir)     1          13.621          -2.722          -2.284          -7.214           15.830
  105 (vir)     1          13.978          -3.527          -2.806          -8.269           15.914
  106 (vir)     1          14.079          -2.870          -2.560          -7.730           16.379
  107 (vir)     1          14.224          -3.082          -1.873          -6.744           16.012
  108 (vir)     1          14.378          -2.970          -1.779          -6.599           16.228
  109 (vir)     1          14.630          -3.604          -2.960          -8.898           16.964
  110 (vir)     1          14.828          -1.834          -1.664          -6.683           18.013
  111 (vir)     1          14.848          -3.425          -2.158          -7.511           16.776
  112 (vir)     1          15.110          -3.210          -2.255          -7.600           17.245
  113 (vir)     1          15.171          -4.007          -3.182          -9.469           17.450
  114 (vir)     1          15.352          -4.127          -3.200          -9.534           17.559
  115 (vir)     1          15.581          -3.673          -2.424          -7.942           17.426
  116 (vir)     1          15.599          -3.959          -1.838          -7.092           16.894
  117 (vir)     1          15.770          -4.681          -3.453         -10.288           17.924
  118 (vir)     1          16.205          -3.741          -2.112          -7.532           17.883
  119 (vir)     1          16.247          -3.045          -1.932          -7.164           18.435
  120 (vir)     1          16.623          -3.449          -2.587          -8.435           19.023
  121 (vir)     1          16.912          -2.499          -1.300          -5.730           18.843
  122 (vir)     1          17.689          -4.391          -3.067          -9.776           20.007
  123 (vir)     1          17.905          -3.455          -2.220          -7.877           20.106
  124 (vir)     1          18.115          -3.364          -2.697          -8.523           20.578
  125 (vir)     1          18.392          -3.443          -1.970          -7.457           20.436
  126 (vir)     1          18.880          -3.520          -1.915          -7.355           20.800
  127 (vir)     1          19.237          -3.293          -2.047          -7.619           21.516
  128 (vir)     1          19.613          -2.996          -1.549          -6.557           21.625
  129 (vir)     1          19.790          -3.464          -1.930          -7.473           21.870
  130 (vir)     1          19.927          -3.472          -1.874          -7.418           21.999
  131 (vir)     1          20.189          -3.540          -1.998          -7.559           22.210
  132 (vir)     1          20.279          -3.061          -1.547          -6.698           22.369
  133 (vir)     1          20.313          -4.421          -2.560          -9.138           22.469
  134 (vir)     1          20.574          -2.954          -1.610          -6.647           22.658
  135 (vir)     1          21.070          -3.573          -2.076          -7.787           23.208
  136 (vir)     1          21.124          -4.050          -2.213          -8.324           23.185
  137 (vir)     1          22.067          -3.583          -1.973          -7.698           24.209
  138 (vir)     1          22.170          -3.727          -2.025          -7.826           24.244
  139 (vir)     1          22.205          -3.657          -1.600          -7.340           24.289
  140 (vir)     1          22.356          -3.827          -1.576          -7.292           24.245
  141 (vir)     1          22.589          -3.910          -1.467          -7.097           24.309
  142 (vir)     1          22.743          -3.169          -1.546          -6.736           24.764
  143 (vir)     1          23.256          -3.883          -1.931          -7.799           25.242
  144 (vir)     1          23.436          -3.406          -1.303          -6.651           25.378
  145 (vir)     1          23.849          -4.663          -1.504          -7.454           25.136
  146 (vir)     1          24.059          -3.859          -1.616          -7.306           25.891
  147 (vir)     1          24.231          -4.245          -1.519          -6.994           25.461
  148 (vir)     1          24.984          -4.184          -1.614          -7.509           26.696
  149 (vir)     1          25.488          -1.270          -2.041          -8.261           30.438
  150 (vir)     1          25.595          -4.861          -1.692          -7.810           26.852
  151 (vir)     1          25.781          -4.173          -2.130          -8.458           27.936
  152 (vir)     1          26.206          -1.610          -1.526          -7.357           30.427
  153 (vir)     1          26.356          -3.911          -1.394          -7.030           28.082
  154 (vir)     1          27.280          -0.406          -1.796          -7.691           32.769
  155 (vir)     1          27.665          -4.499          -1.357          -7.063           28.872
  156 (vir)     1          27.822          -0.697          -2.097          -8.687           33.716
  157 (vir)     1          27.947          -0.955          -1.643          -7.718           33.067
  158 (vir)     1          28.080          -4.566          -1.784          -7.760           29.490
  159 (vir)     1          28.517          -3.499          -2.363          -9.201           31.856
  160 (vir)     1          28.643           0.954          -1.830          -8.072           35.840
  161 (vir)     1          29.395          -2.060          -2.081          -8.690           33.944
  162 (vir)     1          29.650          -0.020          -1.773          -8.300           36.157
  163 (vir)     1          29.836          -4.666          -1.883          -7.813           31.099
  164 (vir)     1          30.196           2.192          -1.778          -8.073           38.681
  165 (vir)     1          30.828          -5.389          -1.721          -7.959           31.677
  166 (vir)     1          30.829          -5.557          -1.650          -7.693           31.315
  167 (vir)     1          31.264          -5.536          -1.647          -7.841           31.922
  168 (vir)     1          31.496          -6.743          -2.110          -8.846           31.488
  169 (vir)     1          32.294          -5.382          -1.985          -8.345           33.271
  170 (vir)     1          32.719          -6.234          -1.710          -8.108           32.882
  171 (vir)     1          32.793          -7.214          -1.965          -8.659           32.273
  172 (vir)     1          33.668          -8.495          -1.682          -8.231           31.722
  173 (vir)     1          34.467          -6.612          -2.091          -8.839           34.603
  174 (vir)     1          34.633          -6.755          -1.504          -7.833           34.207
  175 (vir)     1          35.037          -6.325          -2.040          -8.976           35.648
  176 (vir)     1          35.414          -8.846          -2.024          -9.265           33.808
  177 (vir)     1          35.585          -6.085          -2.126          -8.908           36.281
  178 (vir)     1          36.612          -7.504          -2.065          -9.493           36.536
  179 (vir)     1          37.161          -7.108          -1.563          -8.026           36.517
  180 (vir)     1          38.066          -8.352          -1.559          -8.435           36.590
  181 (vir)     1          38.286          -7.505          -2.154          -9.681           38.308
  182 (vir)     1          38.365          -9.493          -2.387         -10.387           36.873
  183 (vir)     1          38.682          -9.195          -1.812          -9.022           36.698
  184 (vir)     1          39.460          -8.190          -2.043          -9.614           38.841
  185 (vir)     1          40.081         -10.326          -2.315         -10.154           37.595
  186 (vir)     1          40.300          -9.387          -2.335          -9.864           38.442
  187 (vir)     1          40.628          -9.672          -2.134         -10.089           38.912
  188 (vir)     1          40.820         -10.153          -2.630         -10.638           38.676
  189 (vir)     1          41.447          -9.709          -2.568         -10.849           40.020
  190 (vir)     1          41.957          -9.521          -2.665         -11.012           40.784
  191 (vir)     1          42.693         -10.396          -2.249         -10.103           40.151
  192 (vir)     1          43.340           4.687          -2.283          -9.959           55.704
  193 (vir)     1          43.491          -8.556          -2.614         -10.916           43.238
  194 (vir)     1          44.964         -11.365          -2.382         -10.829           42.046
  195 (vir)     1          45.255         -10.163          -2.244         -10.383           43.231
  196 (vir)     1          46.905         -10.047          -2.481         -10.823           45.200
  197 (vir)     1          47.080          -7.961          -2.413         -10.799           47.505
  198 (vir)     1          47.569           4.356          -2.386         -10.851           60.390
  199 (vir)     1          48.327         -11.423          -2.889         -11.688           45.703
  200 (vir)     1          48.876          -8.347          -2.720         -11.601           49.410
  201 (vir)     1          49.286         -12.205          -2.231         -10.731           45.582
  202 (vir)     1          49.437          -9.598          -2.339         -11.083           48.583
  203 (vir)     1          50.792          -8.623          -2.458         -11.414           51.125
  204 (vir)     1          51.507         -12.692          -2.224         -10.928           47.519
  205 (vir)     1          51.681           4.304          -2.343         -11.494           65.136
  206 (vir)     1          51.934          -9.945          -2.600         -11.684           51.072
  207 (vir)     1          51.964         -10.145          -2.737         -11.945           51.027
  208 (vir)     1          52.687         -11.254          -2.441         -11.489           50.481
  209 (vir)     1          52.998           4.183          -2.268         -11.196           66.109
  210 (vir)     1          53.920          -9.713          -2.570         -11.941           53.578
  211 (vir)     1          53.926           4.360          -2.393         -11.341           67.234
  212 (vir)     1          54.262          -9.823          -2.706         -12.113           53.846
  213 (vir)     1          54.581          -2.415          -2.449         -11.399           61.116
  214 (vir)     1          55.666           3.889          -2.273         -11.628           68.910
  215 (vir)     1          56.662           4.882          -2.649         -12.654           71.549
  216 (vir)     1          57.149         -10.891          -2.421         -12.002           55.839
  217 (vir)     1          57.513           4.400          -2.635         -12.492           71.770
  218 (vir)     1          57.812           1.221          -2.531         -12.223           68.725
  219 (vir)     1          59.244           5.070          -2.657         -12.621           74.278
  220 (vir)     1          59.438           4.972          -2.654         -12.751           74.507
  221 (vir)     1          59.496           4.570          -2.601         -12.584           74.049
  222 (vir)     1          59.824           4.240          -2.707         -12.951           74.309
  223 (vir)     1          60.665           4.860          -1.971         -11.276           74.830
  224 (vir)     1          61.013           4.609          -2.606         -12.657           75.673
  225 (vir)     1          61.501           4.139          -2.603         -12.766           75.802
  226 (vir)     1          61.533           4.768          -2.479         -12.566           76.388
  227 (vir)     1          61.985           4.766          -2.522         -12.719           76.947
  228 (vir)     1          63.284           4.809          -2.632         -13.211           78.672
  229 (vir)     1          63.496           4.041          -2.574         -12.855           77.818
  230 (vir)     1          63.822           4.679          -2.699         -13.225           79.027
  231 (vir)     1          64.052           3.916          -2.425         -12.822           78.364
  232 (vir)     1          64.514           4.344          -2.551         -13.132           79.438
  233 (vir)     1          65.352           4.221          -2.646         -13.466           80.392
  234 (vir)     1          65.494           4.528          -2.462         -12.918           80.478
  235 (vir)     1          65.700           4.498          -2.379         -12.635           80.454
  236 (vir)     1          66.884           3.751          -2.510         -12.942           81.067
  237 (vir)     1          66.980           3.886          -2.301         -12.675           81.240
  238 (vir)     1          67.620           3.325          -2.513         -13.554           81.986
  239 (vir)     1          67.719           3.889          -2.787         -14.248           83.069
  240 (vir)     1          68.145           4.261          -2.074         -12.360           82.693
  241 (vir)     1          68.934           4.319          -2.613         -13.860           84.500
  242 (vir)     1          69.159           3.902          -2.170         -12.601           83.492
  243 (vir)     1          69.828           3.552          -2.436         -13.429           84.373
  244 (vir)     1          70.182           4.089          -2.091         -12.767           84.947
  245 (vir)     1          70.390           3.535          -2.133         -12.858           84.649
  246 (vir)     1          70.767           4.242          -2.199         -13.272           86.081
  247 (vir)     1          71.881           4.275          -2.127         -13.189           87.218
  248 (vir)     1          71.982           3.991          -2.449         -13.630           87.153
  249 (vir)     1          72.342           3.765          -2.066         -12.768           86.809
  250 (vir)     1          72.666           4.845          -1.952         -13.058           88.617
  251 (vir)     1          73.121           3.810          -2.342         -13.179           87.768
  252 (vir)     1          73.122           3.546          -2.073         -12.834           87.428
  253 (vir)     1          73.484           4.060          -2.016         -12.894           88.423
  254 (vir)     1          74.331           4.192          -2.118         -13.336           89.741
  255 (vir)     1          74.712           4.315          -1.955         -12.789           89.860
  256 (vir)     1          74.954           3.965          -2.178         -13.051           89.791
  257 (vir)     1          75.050           3.882          -2.086         -13.230           90.076
  258 (vir)     1          75.636           3.737          -2.165         -12.937           90.144
  259 (vir)     1          75.964           3.583          -2.311         -13.407           90.644
  260 (vir)     1          76.332           3.794          -2.216         -13.209           91.119
  261 (vir)     1          77.108           3.773          -2.148         -13.127           91.859
  262 (vir)     1          78.105           3.463          -2.052         -13.065           92.580
  263 (vir)     1          78.151           3.425          -2.160         -13.283           92.699
  264 (vir)     1          78.197           4.134          -2.128         -13.426           93.629
  265 (vir)     1          78.913           3.450          -1.977         -12.904           93.290
  266 (vir)     1          79.320           3.382          -2.015         -13.087           93.773
  267 (vir)     1          80.463           2.919          -2.094         -12.914           94.202
  268 (vir)     1          80.621           3.042          -1.938         -12.448           94.173
  269 (vir)     1          81.996           3.304          -2.096         -13.222           96.426
  270 (vir)     1          82.509           3.481          -2.298         -13.865           97.557
  271 (vir)     1          83.019           3.412          -2.229         -13.706           97.908
  272 (vir)     1          83.906           3.161          -2.180         -13.589           98.475
  273 (vir)     1          85.863           2.946          -1.954         -13.050           99.905
  274 (vir)     1          86.971           2.926          -1.981         -12.990          100.906
  275 (vir)     1          87.645           2.739          -2.221         -13.799          101.962
  276 (vir)     1          88.987           3.105          -2.061         -13.532          103.564
  277 (vir)     1          89.710           2.538          -1.900         -13.313          103.662
  278 (vir)     1          89.876           2.999          -2.732         -15.313          105.456
  279 (vir)     1          92.198           2.751          -2.507         -14.793          107.234
  280 (vir)     1          92.239           2.798          -2.479         -14.751          107.309
  281 (vir)     1          92.914           2.495          -2.334         -14.290          107.365
  282 (vir)     1          93.690           2.507          -2.353         -14.342          108.187
  283 (vir)     1          94.151           2.513          -1.992         -13.679          108.352
  284 (vir)     1          96.336           2.036          -1.874         -13.333          109.831
  285 (vir)     1          98.686           1.775          -1.647         -12.653          111.467
  286 (vir)     1          99.735           1.940          -1.667         -12.664          112.673
  287 (vir)     1         101.248           2.539          -2.383         -15.043          116.447
  288 (vir)     1         101.802           2.332          -2.181         -14.612          116.565
  289 (vir)     1         103.516           2.813          -2.176         -14.636          118.789
  290 (vir)     1         104.401           2.522          -2.133         -14.701          119.491
  291 (vir)     1         106.745           2.321          -1.938         -14.102          121.230
  292 (vir)     1         106.775           2.283          -2.023         -14.401          121.437
  293 (vir)     1         108.065           1.327          -1.754         -13.727          121.365
  294 (vir)     1         110.844           2.091          -1.946         -14.223          125.212
  295 (vir)     1         113.457           1.887          -1.912         -14.228          127.660
  296 (vir)     1         114.397           1.925          -1.863         -14.290          128.750
  297 (vir)     1         115.626           1.472          -1.612         -13.810          129.295
  298 (vir)     1         118.356           2.000          -1.895         -14.469          132.930
  299 (vir)     1         121.061           1.725          -1.769         -14.116          135.132
  300 (vir)     1         127.466           1.202          -2.032         -15.957          142.592
  301 (vir)     1         129.614           1.716          -1.774         -14.534          144.090
  302 (vir)     1         130.248           1.776          -1.733         -14.391          144.682
  303 (vir)     1         135.139           1.725          -2.015         -15.699          150.548
  304 (vir)     1         156.708           2.565          -1.729         -15.889          173.434
  305 (vir)     1         162.460           2.720          -1.688         -15.931          179.424
  306 (vir)     1         162.519           2.677          -1.722         -16.086          179.560
  307 (vir)     1         163.424           2.589          -1.666         -15.869          180.215
  308 (vir)     1         163.724           2.528          -1.652         -15.821          180.420
  309 (vir)     1         164.820           2.706          -1.653         -15.904          181.776
  310 (vir)     1         165.403           2.553          -1.636         -15.827          182.148
  311 (vir)     1         165.800           2.718          -1.669         -16.010          182.859
  312 (vir)     1         166.569           2.596          -1.606         -15.854          183.413
  313 (vir)     1         166.690           2.653          -1.581         -15.699          183.461
  314 (vir)     1         182.272           1.117          -1.399         -15.637          197.627
  315 (vir)     1         212.046           8.860          -0.856         -12.587          232.637
  316 (vir)     1         239.321          -6.286          -0.839         -13.309          245.505
  317 (vir)     1         240.535          -5.750          -0.801         -13.344          247.328
  318 (vir)     1         241.918          -5.149          -0.807         -13.406          249.368
  319 (vir)     1         242.162          -4.385          -0.803         -13.461          250.435
  320 (vir)     1         244.353          -3.588          -0.816         -13.590          253.539
  321 (vir)     1         244.774          -2.490          -0.827         -13.613          255.069
  322 (vir)     1         246.614          -1.242          -0.797         -13.588          258.163
 
