 
  kpoint:       1             coordinate:     0.0000    0.0000    0.0000                  spin:  1
 
    n           k   ϵ_nk^DFT (eV)     Σ^c_nk (eV)     Σ^x_nk (eV)    v_nk^xc (eV)   ϵ_nk^G0W0 (eV)
 
    1 (occ)     1         -19.568           6.022         -24.245         -14.909          -22.881
    2 (occ)     1         -17.763           5.196         -23.647         -14.925          -21.288
    3 (occ)     1         -15.369           4.145         -22.811         -14.935          -19.100
    4 (occ)     1         -13.994           3.464         -21.761         -14.510          -17.781
    5 (occ)     1         -11.356           2.085         -19.370         -13.582          -15.059
    6 (occ)     1         -10.300           1.761         -19.419         -14.092          -13.866
    7 (occ)     1         -10.155           1.743         -19.528         -14.324          -13.616
    8 (occ)     1          -9.869           1.600         -19.218         -13.894          -13.592
    9 (occ)     1          -8.803           1.338         -19.268         -14.342          -12.390
   10 (occ)     1          -8.299           1.207         -19.094         -14.203          -11.983
   11 (occ)     1          -7.988           1.214         -19.181         -14.789          -11.167
   12 (occ)     1          -7.659           1.108         -19.067         -14.650          -10.969
   13 (occ)     1          -7.570           1.044         -18.582         -13.888          -11.220
   14 (vir)     1          -0.338          -0.739          -1.322          -3.656            1.257
   15 (vir)     1           0.015          -0.661          -1.041          -3.218            1.530
   16 (vir)     1           0.224          -0.616          -0.880          -2.903            1.631
   17 (vir)     1           0.272          -0.624          -0.978          -3.026            1.695
   18 (vir)     1           0.786          -0.555          -0.802          -2.675            2.104
   19 (vir)     1           1.041          -0.539          -0.735          -2.587            2.355
   20 (vir)     1           1.150          -0.434          -0.544          -2.123            2.295
   21 (vir)     1           1.195          -0.437          -0.463          -2.010            2.305
   22 (vir)     1           1.290          -0.483          -0.725          -2.392            2.474
   23 (vir)     1           1.630          -0.611          -0.949          -2.951            3.020
   24 (vir)     1           1.955          -0.471          -0.612          -2.272            3.144
   25 (vir)     1           2.079          -0.391          -0.423          -1.885            3.150
   26 (vir)     1           2.220          -0.616          -0.897          -3.017            3.725
   27 (vir)     1           2.430          -0.429          -0.429          -2.095            3.667
   28 (vir)     1           2.779          -0.851          -1.513          -3.888            4.303
   29 (vir)     1           3.343          -0.624          -0.888          -2.909            4.739
   30 (vir)     1           3.611          -1.099          -2.178          -5.226            5.560
   31 (vir)     1           3.650          -0.948          -1.665          -4.417            5.454
   32 (vir)     1           3.766          -1.234          -2.539          -5.863            5.856
   33 (vir)     1           3.852          -0.880          -1.496          -3.951            5.428
   34 (vir)     1           3.861          -1.054          -1.910          -5.040            5.937
   35 (vir)     1           4.201          -1.194          -2.004          -5.287            6.290
   36 (vir)     1           4.274          -0.781          -1.262          -3.588            5.818
   37 (vir)     1           4.361          -1.009          -1.966          -4.795            6.181
   38 (vir)     1           4.449          -0.944          -1.467          -4.231            6.269
   39 (vir)     1           4.641          -0.777          -1.159          -3.560            6.265
   40 (vir)     1           4.671          -1.135          -1.992          -4.941            6.485
   41 (vir)     1           4.942          -0.773          -0.999          -3.501            6.671
   42 (vir)     1           4.961          -1.088          -1.852          -4.879            6.900
   43 (vir)     1           5.137          -1.337          -2.355          -5.863            7.308
   44 (vir)     1           5.152          -1.160          -2.021          -5.143            7.114
   45 (vir)     1           5.367          -1.969          -3.867          -8.578            8.109
   46 (vir)     1           5.653          -0.770          -0.937          -3.303            7.249
   47 (vir)     1           5.671          -0.912          -1.355          -4.069            7.474
   48 (vir)     1           6.191          -1.372          -2.068          -5.645            8.395
   49 (vir)     1           6.421          -1.578          -2.623          -6.471            8.691
   50 (vir)     1           6.591          -1.222          -1.516          -4.865            8.718
   51 (vir)     1           6.826          -1.197          -1.632          -4.771            8.767
   52 (vir)     1           7.249          -0.903          -1.419          -4.209            9.137
   53 (vir)     1           7.566          -1.612          -2.353          -6.429           10.031
   54 (vir)     1           7.768          -1.409          -2.234          -5.854            9.979
   55 (vir)     1           7.942          -1.137          -1.247          -4.525           10.083
   56 (vir)     1           8.417          -1.351          -1.935          -5.678           10.809
   57 (vir)     1           8.567          -0.913          -0.768          -3.702           10.588
   58 (vir)     1           8.813          -1.200          -1.238          -4.704           11.079
   59 (vir)     1           9.013          -1.780          -2.359          -6.452           11.326
   60 (vir)     1           9.418          -1.088          -0.735          -3.997           11.591
   61 (vir)     1           9.956          -1.399          -1.606          -5.179           12.130
   62 (vir)     1          10.331          -0.979          -0.424          -3.430           12.358
   63 (vir)     1          10.349          -1.179          -0.779          -4.215           12.606
   64 (vir)     1          10.917          -1.624          -1.319          -5.153           13.127
   65 (vir)     1          11.072          -1.083          -0.732          -4.052           13.310
   66 (vir)     1          12.247          -2.904          -2.941          -8.598           14.999
   67 (vir)     1          12.379          -3.134          -3.209          -9.139           15.175
   68 (vir)     1          12.486          -1.986          -2.392          -6.917           15.024
   69 (vir)     1          12.784          -2.309          -2.398          -7.374           15.451
   70 (vir)     1          12.996          -2.069          -2.470          -7.217           15.674
   71 (vir)     1          13.033          -2.552          -2.694          -7.929           15.716
   72 (vir)     1          13.199          -1.709          -1.623          -5.764           15.631
   73 (vir)     1          13.381          -1.941          -1.699          -6.232           15.974
   74 (vir)     1          13.962          -1.467          -0.841          -4.639           16.292
   75 (vir)     1          14.092          -3.325          -3.242          -9.606           17.132
   76 (vir)     1          14.323          -3.344          -3.077          -9.356           17.257
   77 (vir)     1          14.363          -2.513          -2.272          -7.548           17.126
   78 (vir)     1          14.789          -1.964          -1.217          -5.587           17.195
   79 (vir)     1          14.920          -1.758          -1.355          -5.693           17.500
   80 (vir)     1          15.331          -1.785          -1.327          -5.634           17.853
   81 (vir)     1          15.586          -2.744          -2.392          -7.934           18.385
   82 (vir)     1          15.958          -1.880          -2.057          -6.757           18.778
   83 (vir)     1          16.154          -2.938          -2.630          -8.254           18.841
   84 (vir)     1          17.010          -1.550          -0.894          -4.881           19.447
   85 (vir)     1          17.085          -2.512          -2.193          -7.426           19.806
   86 (vir)     1          17.707          -2.936          -2.083          -7.754           20.442
   87 (vir)     1          18.714          -2.639          -1.928          -7.172           21.318
   88 (vir)     1          18.773          -2.652          -1.353          -6.703           21.471
   89 (vir)     1          18.822          -2.227          -1.758          -6.774           21.611
   90 (vir)     1          18.929          -2.189          -1.361          -6.131           21.510
   91 (vir)     1          19.623          -2.507          -2.040          -7.388           22.464
   92 (vir)     1          19.834          -2.319          -1.070          -5.838           22.284
   93 (vir)     1          21.452          -2.667          -1.606          -6.966           24.144
   94 (vir)     1          21.570          -3.270          -2.339          -8.535           24.496
   95 (vir)     1          22.009          -3.478          -2.077          -8.307           24.760
   96 (vir)     1          22.037          -2.768          -1.620          -7.054           24.703
   97 (vir)     1          22.612          -2.923          -1.419          -6.874           25.143
   98 (vir)     1          22.779          -2.638          -1.305          -6.437           25.274
   99 (vir)     1          23.323          -2.330          -1.455          -6.423           25.961
  100 (vir)     1          23.396          -2.695          -1.125          -6.453           26.029
  101 (vir)     1          23.406          -3.087          -1.582          -7.332           26.069
  102 (vir)     1          24.353          -2.894          -1.172          -6.427           26.714
  103 (vir)     1          24.479          -3.025          -1.565          -7.087           26.976
  104 (vir)     1          25.239          -3.288          -1.513          -7.251           27.689
  105 (vir)     1          25.354          -3.012          -1.734          -7.426           28.034
  106 (vir)     1          25.457          -3.180          -2.107          -8.074           28.244
  107 (vir)     1          26.964          -3.074          -1.332          -6.858           29.417
  108 (vir)     1          27.968          -3.930          -2.156          -8.696           30.578
  109 (vir)     1          28.082          -3.467          -1.708          -7.482           30.389
  110 (vir)     1          28.593          -4.321          -2.177          -8.995           31.090
  111 (vir)     1          30.261          -3.946          -2.021          -8.355           32.649
  112 (vir)     1          31.942          -4.050          -2.168          -8.501           34.224
  113 (vir)     1          32.177          -4.523          -2.334          -8.764           34.084
  114 (vir)     1          32.638          -3.953          -1.386          -7.581           34.880
  115 (vir)     1          33.673          -4.488          -1.987          -8.673           35.871
  116 (vir)     1          34.732          -5.157          -2.457          -9.603           36.721
  117 (vir)     1          34.874          -5.518          -1.444          -7.705           35.616
  118 (vir)     1          35.018          -4.907          -2.181          -8.996           36.926
  119 (vir)     1          35.578          -5.373          -2.453          -9.453           37.205
  120 (vir)     1          35.755          -5.696          -2.024          -9.369           37.404
  121 (vir)     1          36.280          -4.837          -2.017          -8.853           38.279
  122 (vir)     1          36.748          -5.601          -1.498          -8.117           37.765
  123 (vir)     1          37.531          -5.511          -1.801          -9.061           39.280
  124 (vir)     1          38.027          -6.823          -1.608          -8.592           38.188
  125 (vir)     1          38.563          -6.016          -2.108          -9.562           40.002
  126 (vir)     1          40.654          -5.327          -1.350          -7.827           41.804
  127 (vir)     1          40.974          -7.020          -2.383         -10.632           42.203
  128 (vir)     1          41.801          -6.653          -2.108          -9.726           42.766
  129 (vir)     1          42.757          -8.553          -2.420         -10.473           42.257
  130 (vir)     1          42.996          -7.039          -1.834          -9.357           43.480
  131 (vir)     1          44.993          -9.622          -1.918          -9.979           43.432
  132 (vir)     1          46.175          -9.050          -2.319         -10.707           45.513
  133 (vir)     1          46.238          -9.753          -2.710         -11.752           45.528
  134 (vir)     1          46.608          -9.810          -2.494         -11.794           46.098
  135 (vir)     1          48.757         -10.073          -2.218         -10.921           47.387
  136 (vir)     1          49.759         -11.697          -2.803         -12.104           47.363
  137 (vir)     1          50.730         -12.162          -2.619         -11.833           47.782
  138 (vir)     1          51.932         -11.928          -2.338         -11.954           49.620
  139 (vir)     1          52.541         -12.213          -2.546         -11.933           49.715
  140 (vir)     1          53.532         -10.799          -3.082         -13.147           52.797
  141 (vir)     1          54.109          -8.868          -2.515         -12.057           54.783
  142 (vir)     1          55.858          -5.917          -2.499         -12.805           60.247
  143 (vir)     1          55.877          -9.523          -2.474         -12.197           56.077
  144 (vir)     1          55.928         -10.096          -2.574         -12.427           55.685
  145 (vir)     1          56.258          -9.884          -2.497         -12.450           56.328
  146 (vir)     1          56.923           4.994          -2.629         -12.407           71.696
  147 (vir)     1          58.184         -10.383          -2.366         -12.439           57.875
  148 (vir)     1          58.984           5.272          -3.038         -14.015           75.233
  149 (vir)     1          59.055           4.707          -2.303         -12.289           73.748
  150 (vir)     1          59.222           4.497          -2.494         -12.378           73.603
  151 (vir)     1          61.950           4.418          -2.301         -12.462           76.531
  152 (vir)     1          63.243           4.008          -2.566         -13.087           77.771
  153 (vir)     1          63.935           4.215          -2.455         -13.054           78.749
  154 (vir)     1          64.195           4.100          -2.513         -12.959           78.741
  155 (vir)     1          64.457           4.171          -2.364         -12.657           78.922
  156 (vir)     1          65.636           4.340          -2.383         -13.109           80.702
  157 (vir)     1          66.014           4.102          -2.544         -13.490           81.063
  158 (vir)     1          67.280           4.115          -2.366         -12.895           81.924
  159 (vir)     1          67.415           4.257          -2.180         -12.672           82.164
  160 (vir)     1          67.759           4.962          -2.274         -13.504           83.952
  161 (vir)     1          68.659           3.249          -2.410         -13.071           82.569
  162 (vir)     1          69.430           4.457          -2.157         -13.222           84.952
  163 (vir)     1          69.870           3.939          -2.175         -13.012           84.647
  164 (vir)     1          71.105           4.264          -2.234         -13.481           86.617
  165 (vir)     1          71.459           3.698          -2.150         -13.170           86.176
  166 (vir)     1          72.227           4.159          -2.132         -13.579           87.832
  167 (vir)     1          72.958           4.088          -2.178         -13.463           88.330
  168 (vir)     1          73.362           3.642          -2.157         -13.260           88.106
  169 (vir)     1          73.997           3.298          -2.136         -12.566           87.725
  170 (vir)     1          74.270           4.056          -1.994         -13.285           89.618
  171 (vir)     1          75.030           3.844          -2.120         -13.705           90.460
  172 (vir)     1          77.159           3.418          -2.125         -13.478           91.930
  173 (vir)     1          77.827           3.666          -2.104         -13.299           92.688
  174 (vir)     1          79.308           2.820          -2.158         -13.296           93.266
  175 (vir)     1          79.793           3.993          -2.027         -13.720           95.479
  176 (vir)     1          80.696           3.296          -2.205         -13.698           95.485
  177 (vir)     1          80.787           3.567          -1.916         -13.309           95.747
  178 (vir)     1          81.410           3.366          -2.240         -14.123           96.659
  179 (vir)     1          81.937           3.361          -2.046         -13.495           96.746
  180 (vir)     1          82.806           2.440          -1.747         -12.082           95.581
  181 (vir)     1          86.542           2.806          -1.927         -13.267          100.689
  182 (vir)     1          87.726           2.610          -1.889         -13.054          101.500
  183 (vir)     1          89.640           2.891          -2.247         -14.010          104.294
  184 (vir)     1          98.294           2.380          -2.157         -14.247          112.764
  185 (vir)     1         101.051           2.376          -2.114         -15.008          116.321
  186 (vir)     1         101.546           2.381          -1.906         -14.461          116.483
  187 (vir)     1         104.347           2.338          -2.044         -15.110          119.751
  188 (vir)     1         111.437           1.990          -1.891         -14.298          125.835
  189 (vir)     1         112.287           2.068          -1.859         -14.344          126.840
  190 (vir)     1         112.730           2.056          -1.894         -14.513          127.405
  191 (vir)     1         113.359           2.035          -1.856         -14.274          127.812
  192 (vir)     1         117.296           2.119          -1.810         -14.391          131.996
  193 (vir)     1         156.969           2.573          -1.683         -15.819          173.678
  194 (vir)     1         162.422           2.423          -1.643         -15.863          179.064
  195 (vir)     1         162.912           2.497          -1.641         -15.870          179.639
  196 (vir)     1         163.269           2.457          -1.635         -15.865          179.956
  197 (vir)     1         163.274           2.460          -1.632         -15.867          179.968
  198 (vir)     1         163.845           2.505          -1.645         -15.894          180.599
  199 (vir)     1         163.928           2.626          -1.711         -16.232          181.076
  200 (vir)     1         164.179           2.522          -1.645         -15.912          180.968
  201 (vir)     1         165.178           2.640          -1.667         -16.111          182.261
  202 (vir)     1         165.976           2.638          -1.647         -16.062          183.029
  203 (vir)     1         208.973           8.297          -0.608         -12.369          229.031
  204 (vir)     1         238.820         -12.196          -0.548         -13.291          239.367
  205 (vir)     1         241.106          -0.601          -0.539         -13.435          253.402
  206 (vir)     1         242.092           1.335          -0.510         -13.521          256.439
 
