 
  kpoint:       1             coordinate:     0.0000    0.0000    0.0000                  spin:  1
 
    n           k   ϵ_nk^DFT (eV)     Σ^c_nk (eV)     Σ^x_nk (eV)    v_nk^xc (eV)   ϵ_nk^G0W0 (eV)
 
    1 (occ)     1         -50.572           4.538         -43.790         -28.293          -61.532
    2 (occ)     1         -24.526          10.297         -37.769         -23.477          -28.521
    3 (occ)     1          -6.351           4.202         -29.582         -21.686          -10.045
    4 (occ)     1          -6.065           3.995         -28.368         -20.916           -9.522
    5 (occ)     1          -6.065           4.004         -28.403         -20.916           -9.548
    6 (vir)     1          -1.616          -0.229          -0.565          -2.681            0.271
    7 (vir)     1           0.368          -0.102          -0.952          -2.558            1.871
    8 (vir)     1           0.368          -0.101          -0.958          -2.558            1.867
    9 (vir)     1           1.042          -0.160          -0.386          -1.874            2.370
   10 (vir)     1           3.477          -0.065          -0.384          -1.511            4.539
   11 (vir)     1           3.477          -0.066          -0.387          -1.511            4.534
   12 (vir)     1           3.663          -0.150          -0.550          -2.026            4.989
   13 (vir)     1           3.730          -0.056          -0.026          -0.896            4.544
   14 (vir)     1           3.731          -0.058          -0.019          -0.895            4.549
   15 (vir)     1           4.698          -0.290          -0.606          -3.138            6.940
   16 (vir)     1           5.172          -0.496          -1.569          -5.239            8.346
   17 (vir)     1           5.172          -0.480          -1.485          -5.239            8.446
   18 (vir)     1           9.750          -0.854          -3.239          -7.709           13.366
   19 (vir)     1          13.180          -1.467          -3.348          -7.966           16.331
   20 (vir)     1          19.611          -3.331          -4.452         -11.108           22.936
   21 (vir)     1          19.611          -3.297          -4.433         -11.108           22.990
   22 (vir)     1          21.047          -1.068          -3.069          -8.648           25.557
   23 (vir)     1          22.917          -1.576          -2.471          -8.325           27.195
   24 (vir)     1          22.919          -1.574          -2.478          -8.323           27.190
   25 (vir)     1          26.063          -2.027          -2.724          -8.847           30.159
   26 (vir)     1          26.063          -2.066          -2.651          -8.847           30.193
   27 (vir)     1          26.081          -2.503          -2.887          -8.989           29.680
   28 (vir)     1          45.573           1.704          -2.484         -10.510           55.303
   29 (vir)     1          47.043          -3.354          -1.591          -9.066           51.163
   30 (vir)     1          47.043          -3.191          -1.562          -9.066           51.356
   31 (vir)     1          47.451          -5.125          -1.674          -9.348           50.001
   32 (vir)     1          47.451          -4.900          -1.671          -9.348           50.229
   33 (vir)     1          47.962          -4.488          -1.810          -9.502           51.166
   34 (vir)     1          47.962          -4.387          -1.797          -9.502           51.280
   35 (vir)     1          55.059           1.208          -3.842         -12.978           65.403
   36 (vir)     1          82.283           1.553          -7.285         -19.737           96.289
   37 (vir)     1          82.283           1.446          -7.330         -19.737           96.137
   38 (vir)     1          84.068           1.083          -7.096         -19.672           97.726
   39 (vir)     1          84.068           1.203          -7.461         -19.672           97.482
   40 (vir)     1          91.027           0.850          -6.205         -20.418          106.090
   41 (vir)     1          94.558           0.335          -3.212         -12.082          103.764
   42 (vir)     1         106.733           1.417          -5.246         -23.119          126.024
   43 (vir)     1         106.733           1.545          -5.348         -23.119          126.049
   44 (vir)     1         134.639           1.355          -4.979         -22.551          153.566
 
