 
  kpoint:       1             coordinate:     0.0000    0.0000    0.0000                  spin:  1
 
    n           k   ϵ_nk^DFT (eV)     Σ^c_nk (eV)     Σ^x_nk (eV)    v_nk^xc (eV)   ϵ_nk^G0W0 (eV)
 
    1 (occ)     1         -27.367           8.849         -31.708         -19.983          -30.242
    2 (occ)     1         -14.232           3.567         -25.287         -17.846          -18.106
    3 (occ)     1         -10.664           1.139         -22.485         -17.310          -14.700
    4 (occ)     1         -10.664           1.148         -22.491         -17.310          -14.698
    5 (occ)     1          -9.293           1.332         -20.332         -15.023          -13.270
    6 (vir)     1          -3.280          -1.707          -8.047         -14.305            1.271
    7 (vir)     1          -3.280          -1.715          -8.045         -14.305            1.265
    8 (vir)     1           0.733          -0.247          -0.600          -2.318            2.204
    9 (vir)     1           1.075          -0.298          -0.460          -2.136            2.453
   10 (vir)     1           1.075          -0.296          -0.459          -2.136            2.455
   11 (vir)     1           2.415          -0.074          -0.109          -1.042            3.274
   12 (vir)     1           2.571          -0.098          -0.202          -1.281            3.552
   13 (vir)     1           2.571          -0.096          -0.202          -1.281            3.554
   14 (vir)     1           3.594          -0.067          -0.044          -0.931            4.413
   15 (vir)     1           3.594          -0.066          -0.045          -0.931            4.414
   16 (vir)     1           4.688          -1.163          -3.133          -7.486            7.878
   17 (vir)     1           7.432          -2.488          -5.259         -11.639           11.324
   18 (vir)     1          11.740          -1.984          -3.398          -8.819           15.177
   19 (vir)     1          12.994          -1.821          -1.788          -6.424           15.808
   20 (vir)     1          12.994          -1.836          -1.791          -6.424           15.790
   21 (vir)     1          15.529          -1.297          -2.234          -7.487           19.484
   22 (vir)     1          16.166          -0.526          -0.963          -4.860           19.536
   23 (vir)     1          16.166          -0.516          -0.956          -4.860           19.554
   24 (vir)     1          17.127          -0.648          -0.265          -3.651           19.865
   25 (vir)     1          17.127          -0.617          -0.273          -3.651           19.888
   26 (vir)     1          17.794          -2.855          -3.249         -10.095           21.785
   27 (vir)     1          18.115          -3.800          -2.208          -9.158           21.264
   28 (vir)     1          18.115          -3.793          -2.201          -9.158           21.278
   29 (vir)     1          20.498          -3.833          -2.618          -9.505           23.551
   30 (vir)     1          20.498          -3.855          -2.614          -9.505           23.534
   31 (vir)     1          22.647           0.226          -3.089         -10.604           30.387
   32 (vir)     1          22.647           0.246          -3.062         -10.604           30.435
   33 (vir)     1          31.143           2.402          -4.876         -13.761           42.430
   34 (vir)     1          31.143           2.422          -4.870         -13.761           42.457
   35 (vir)     1          42.800           1.440          -4.781         -13.999           53.458
   36 (vir)     1          43.745           1.253          -4.196         -13.585           54.387
   37 (vir)     1          43.745           1.253          -4.195         -13.585           54.388
   38 (vir)     1          50.122           1.470          -3.155         -12.994           61.430
   39 (vir)     1          59.221           1.525          -4.741         -16.324           72.329
   40 (vir)     1          62.898           1.919          -3.764         -15.022           76.075
   41 (vir)     1          62.898           2.097          -3.764         -15.022           76.253
   42 (vir)     1         108.012           2.227          -2.092         -12.157          120.304
   43 (vir)     1         123.429           2.964          -3.061         -18.244          141.576
   44 (vir)     1         123.429           2.871          -3.065         -18.244          141.478
   45 (vir)     1         128.110           2.522          -2.759         -16.949          144.822
   46 (vir)     1         170.665           1.342          -4.240         -20.584          188.352
   47 (vir)     1         173.813           0.978          -4.714         -22.883          192.961
   48 (vir)     1         173.816           0.971          -4.654         -22.881          193.014
   49 (vir)     1         178.960           1.143          -4.858         -23.137          198.382
   50 (vir)     1         178.960           1.186          -4.835         -23.137          198.448
   51 (vir)     1         200.485           1.114          -2.796         -17.541          216.344
   52 (vir)     1         225.221           0.588          -2.946         -20.713          243.576
   53 (vir)     1         225.221           0.578          -2.950         -20.713          243.562
   54 (vir)     1         225.362           0.383          -2.399         -20.400          243.746
   55 (vir)     1         225.362           0.375          -2.388         -20.400          243.749
   56 (vir)     1         226.421           0.753          -3.060         -21.005          245.119
   57 (vir)     1         226.421           0.748          -3.122         -21.005          245.052
   58 (vir)     1         234.506           0.905          -2.748         -20.047          252.710
 
