 
  kpoint:       1             coordinate:     0.0000    0.0000    0.0000                  spin:  1
 
    n           k   ϵ_nk^DFT (eV)     Σ^c_nk (eV)     Σ^x_nk (eV)    v_nk^xc (eV)   ϵ_nk^G0W0 (eV)
 
    1 (occ)     1         -18.493           5.294         -23.836         -14.832          -22.203
    2 (occ)     1         -15.025           3.727         -22.471         -14.707          -19.062
    3 (occ)     1         -10.503           1.579         -19.253         -13.720          -14.458
    4 (occ)     1         -10.503           1.579         -19.252         -13.719          -14.457
    5 (occ)     1          -8.824           1.244         -19.320         -14.680          -12.220
    6 (occ)     1          -8.152           0.960         -18.934         -14.050          -12.076
    7 (occ)     1          -8.151           0.960         -18.934         -14.050          -12.075
    8 (vir)     1          -0.246          -0.591          -1.079          -3.303            1.387
    9 (vir)     1           0.308          -0.493          -0.802          -2.731            1.744
   10 (vir)     1           0.636          -0.426          -0.701          -2.421            1.929
   11 (vir)     1           0.636          -0.426          -0.701          -2.421            1.929
   12 (vir)     1           1.439          -0.319          -0.378          -1.773            2.515
   13 (vir)     1           1.515          -0.395          -0.648          -2.339            2.810
   14 (vir)     1           1.515          -0.395          -0.648          -2.339            2.811
   15 (vir)     1           1.629          -0.271          -0.287          -1.613            2.683
   16 (vir)     1           1.629          -0.271          -0.287          -1.613            2.683
   17 (vir)     1           3.274          -0.380          -0.537          -2.211            4.568
   18 (vir)     1           3.407          -0.673          -1.258          -3.434            4.910
   19 (vir)     1           3.666          -0.913          -1.924          -5.040            5.869
   20 (vir)     1           3.667          -0.912          -1.924          -5.039            5.870
   21 (vir)     1           4.038          -0.305          -0.250          -1.865            5.348
   22 (vir)     1           4.039          -0.305          -0.250          -1.865            5.349
   23 (vir)     1           4.413          -1.021          -2.065          -5.296            6.622
   24 (vir)     1           4.413          -1.021          -2.065          -5.296            6.623
   25 (vir)     1           4.452          -1.237          -2.708          -6.167            6.675
   26 (vir)     1           4.560          -0.686          -1.304          -3.653            6.223
   27 (vir)     1           4.560          -0.686          -1.305          -3.653            6.223
   28 (vir)     1           5.294          -1.383          -2.947          -6.889            7.853
   29 (vir)     1           5.960          -0.954          -1.462          -4.509            8.052
   30 (vir)     1           6.477          -1.048          -1.482          -4.712            8.659
   31 (vir)     1           6.477          -1.048          -1.482          -4.712            8.659
   32 (vir)     1           7.339          -1.078          -1.945          -5.317            9.632
   33 (vir)     1           7.339          -1.078          -1.945          -5.317            9.632
   34 (vir)     1           7.379          -0.526          -0.208          -2.564            9.210
   35 (vir)     1           8.442          -1.067          -1.608          -5.210           10.978
   36 (vir)     1           8.442          -1.067          -1.607          -5.210           10.978
   37 (vir)     1          10.064          -0.772          -0.474          -3.439           12.257
   38 (vir)     1          10.064          -0.772          -0.474          -3.439           12.257
   39 (vir)     1          10.358          -0.750          -0.312          -3.130           12.427
   40 (vir)     1          11.528          -1.173          -0.768          -4.146           13.734
   41 (vir)     1          11.899          -3.817          -4.064         -11.062           15.080
   42 (vir)     1          12.335          -0.963          -0.956          -4.182           14.598
   43 (vir)     1          12.936          -1.940          -2.378          -7.068           15.686
   44 (vir)     1          12.937          -1.939          -2.378          -7.068           15.687
   45 (vir)     1          13.593          -3.185          -3.576         -10.053           16.884
   46 (vir)     1          13.714          -2.531          -2.824          -8.369           16.728
   47 (vir)     1          13.715          -2.530          -2.825          -8.370           16.731
   48 (vir)     1          13.867          -1.309          -0.764          -4.535           16.330
   49 (vir)     1          14.115          -1.243          -0.606          -4.071           16.337
   50 (vir)     1          17.471          -2.243          -0.951          -5.608           19.885
   51 (vir)     1          17.471          -2.248          -0.948          -5.608           19.882
   52 (vir)     1          17.837          -1.911          -1.060          -5.636           20.502
   53 (vir)     1          17.933          -3.173          -2.863          -8.963           20.859
   54 (vir)     1          19.286          -2.034          -1.545          -6.475           22.183
   55 (vir)     1          19.286          -2.035          -1.545          -6.476           22.182
   56 (vir)     1          21.926          -2.257          -1.196          -6.155           24.627
   57 (vir)     1          22.917          -2.751          -1.434          -7.098           25.830
   58 (vir)     1          22.918          -2.755          -1.434          -7.099           25.827
   59 (vir)     1          24.508          -0.644          -0.798          -5.401           28.467
   60 (vir)     1          24.575          -3.598          -2.390          -9.049           27.636
   61 (vir)     1          24.575          -3.588          -2.388          -9.049           27.648
   62 (vir)     1          27.132          -2.900          -0.451          -4.994           28.775
   63 (vir)     1          27.193          -3.072          -1.850          -7.327           29.599
   64 (vir)     1          27.195          -3.075          -1.850          -7.328           29.599
   65 (vir)     1          31.730          -4.029          -2.465          -8.969           34.205
   66 (vir)     1          31.730          -4.029          -2.463          -8.969           34.206
   67 (vir)     1          32.273          -5.265          -1.385          -7.590           33.213
   68 (vir)     1          32.274          -5.298          -1.390          -7.590           33.176
   69 (vir)     1          32.602          -4.109          -2.299          -8.531           34.724
   70 (vir)     1          36.712          -5.380          -2.077          -9.413           38.668
   71 (vir)     1          37.217          -6.939          -2.971         -11.084           38.390
   72 (vir)     1          37.218          -6.934          -2.968         -11.085           38.401
   73 (vir)     1          39.311          -8.186          -3.295         -12.474           40.304
   74 (vir)     1          42.647          -9.947          -3.040         -13.270           42.929
   75 (vir)     1          44.709          -7.996          -2.080         -10.211           44.843
   76 (vir)     1          44.709          -7.997          -2.085         -10.210           44.837
   77 (vir)     1          45.874         -10.052          -2.968         -11.924           44.778
   78 (vir)     1          45.876         -10.057          -2.966         -11.924           44.777
   79 (vir)     1          51.669          -3.921          -2.404         -11.619           56.963
   80 (vir)     1          54.404           4.748          -2.664         -12.618           69.106
   81 (vir)     1          54.406           4.755          -2.665         -12.618           69.115
   82 (vir)     1          56.355           5.944          -2.754         -13.964           73.508
   83 (vir)     1          58.044           4.170          -2.177         -11.894           71.930
   84 (vir)     1          58.046           4.174          -2.169         -11.894           71.945
   85 (vir)     1          61.328           3.119          -2.257         -11.763           73.952
   86 (vir)     1          63.513           3.977          -2.643         -13.484           78.331
   87 (vir)     1          63.515           3.821          -2.646         -13.485           78.175
   88 (vir)     1          64.492           3.625          -2.581         -13.288           78.824
   89 (vir)     1          64.492           3.630          -2.583         -13.288           78.828
   90 (vir)     1          67.005           3.555          -2.695         -13.599           81.463
   91 (vir)     1          67.608           4.397          -2.174         -12.798           82.629
   92 (vir)     1          69.589           3.210          -2.448         -13.491           83.843
   93 (vir)     1          69.593           3.217          -2.447         -13.491           83.854
   94 (vir)     1          72.710           2.577          -1.792         -12.163           85.658
   95 (vir)     1          73.361           3.786          -2.068         -13.582           88.661
   96 (vir)     1          73.362           3.790          -2.076         -13.582           88.657
   97 (vir)     1          78.084           2.772          -2.357         -14.188           92.686
   98 (vir)     1          78.086           2.787          -2.341         -14.188           92.721
   99 (vir)     1          82.315           2.731          -2.433         -13.925           96.538
  100 (vir)     1          97.123           2.263          -2.299         -14.735          111.823
  101 (vir)     1          97.128           2.263          -2.302         -14.735          111.824
  102 (vir)     1          98.514           1.971          -2.263         -15.074          113.296
  103 (vir)     1         110.590           1.799          -1.860         -14.067          124.596
  104 (vir)     1         110.594           1.801          -1.861         -14.068          124.602
  105 (vir)     1         154.903           2.519          -1.623         -15.417          171.217
  106 (vir)     1         162.537           2.420          -1.652         -15.873          179.177
  107 (vir)     1         162.539           2.420          -1.649         -15.873          179.182
  108 (vir)     1         163.238           2.448          -1.647         -15.873          179.912
  109 (vir)     1         163.242           2.447          -1.644         -15.872          179.917
  110 (vir)     1         165.230           2.573          -1.680         -16.157          182.280
  111 (vir)     1         197.300           4.582          -0.754         -12.557          213.685
  112 (vir)     1         238.375           2.498          -0.608         -13.345          253.610
 
