 
  kpoint:       1             coordinate:     0.0000    0.0000    0.0000                  spin:  1
 
    n           k   ϵ_nk^DFT (eV)     Σ^c_nk (eV)     Σ^x_nk (eV)    v_nk^xc (eV)   ϵ_nk^G0W0 (eV)
 
    1 (occ)     1         -50.871          -0.242         -43.556         -28.301          -66.367
    2 (occ)     1          -4.481           1.565         -12.850          -9.082           -6.683
    3 (vir)     1          -1.412          -0.423          -0.811          -2.820            0.174
    4 (vir)     1          -0.361          -0.349          -0.506          -2.711            1.496
    5 (vir)     1          -0.361          -0.406          -0.540          -2.711            1.405
    6 (vir)     1           1.691          -0.300          -0.719          -2.273            2.946
    7 (vir)     1           3.223          -0.210          -0.239          -1.483            4.257
    8 (vir)     1           3.232          -0.350          -0.376          -1.908            4.413
    9 (vir)     1           3.232          -0.187          -0.310          -1.908            4.643
   10 (vir)     1           3.531          -0.269          -0.038          -1.219            4.442
   11 (vir)     1           3.531          -0.124          -0.043          -1.219            4.582
   12 (vir)     1           4.241          -0.492          -0.695          -3.368            6.422
   13 (vir)     1           4.259          -0.907          -0.796          -3.943            6.498
   14 (vir)     1           4.259          -0.615          -0.824          -3.943            6.763
   15 (vir)     1           6.658          -1.569          -1.749          -5.485            8.825
   16 (vir)     1           8.874          -0.536          -1.155          -5.084           12.267
   17 (vir)     1           8.874          -0.200          -1.209          -5.084           12.549
   18 (vir)     1          10.116          -3.411          -2.078          -6.651           11.277
   19 (vir)     1          20.482           0.680          -2.083          -8.077           27.155
   20 (vir)     1          40.835           0.221          -3.975         -10.907           47.987
   21 (vir)     1          47.776          -5.508          -2.008         -10.528           50.788
   22 (vir)     1          47.776           2.555          -2.015         -10.528           58.844
   23 (vir)     1          50.698           3.846          -2.283         -10.645           62.906
   24 (vir)     1         149.319           1.335          -1.804         -16.108          164.958
 
