 
  kpoint:       1             coordinate:     0.0000    0.0000    0.0000                  spin:  1
 
    n           k   ϵ_nk^DFT (eV)     Σ^c_nk (eV)     Σ^x_nk (eV)    v_nk^xc (eV)   ϵ_nk^G0W0 (eV)
 
    1 (occ)     1         -21.041           6.349         -25.055         -15.684          -24.063
    2 (occ)     1         -14.600           3.778         -22.167         -14.620          -18.369
    3 (occ)     1         -14.591           3.779         -22.168         -14.619          -18.361
    4 (occ)     1         -12.033           2.192         -19.832         -13.922          -15.751
    5 (occ)     1         -11.390           1.787         -20.116         -14.730          -14.989
    6 (occ)     1          -8.685           1.234         -19.242         -14.198          -12.496
    7 (occ)     1          -8.673           1.232         -19.237         -14.201          -12.478
    8 (occ)     1          -7.048           0.890         -18.321         -14.311          -10.168
    9 (occ)     1          -7.045           0.895         -18.340         -14.308          -10.182
   10 (vir)     1          -0.143          -0.647          -1.087          -3.305            1.429
   11 (vir)     1           0.216          -0.655          -1.184          -3.446            1.824
   12 (vir)     1           0.270          -0.541          -0.825          -2.742            1.646
   13 (vir)     1           0.273          -0.541          -0.824          -2.741            1.648
   14 (vir)     1           1.230          -0.432          -0.509          -2.178            2.468
   15 (vir)     1           1.497          -0.337          -0.459          -1.826            2.527
   16 (vir)     1           1.498          -0.337          -0.458          -1.824            2.527
   17 (vir)     1           1.558          -0.317          -0.389          -1.693            2.545
   18 (vir)     1           1.559          -0.316          -0.389          -1.692            2.546
   19 (vir)     1           2.102          -1.178          -3.413          -6.856            4.367
   20 (vir)     1           3.145          -0.490          -0.714          -2.485            4.426
   21 (vir)     1           3.150          -0.509          -0.779          -2.589            4.451
   22 (vir)     1           3.195          -1.070          -2.591          -5.686            5.220
   23 (vir)     1           3.303          -0.805          -1.571          -3.975            4.902
   24 (vir)     1           3.401          -1.112          -3.014          -5.972            5.246
   25 (vir)     1           3.605          -0.370          -0.294          -1.984            4.925
   26 (vir)     1           3.613          -0.368          -0.291          -1.979            4.933
   27 (vir)     1           4.158          -0.486          -0.539          -2.441            5.574
   28 (vir)     1           4.274          -1.000          -1.977          -4.824            6.121
   29 (vir)     1           4.287          -0.954          -1.851          -4.625            6.107
   30 (vir)     1           4.572          -0.268          -0.179          -1.496            5.621
   31 (vir)     1           5.068          -0.803          -1.114          -3.651            6.802
   32 (vir)     1           5.612          -1.369          -2.167          -5.797            7.873
   33 (vir)     1           5.617          -1.386          -2.229          -5.900            7.903
   34 (vir)     1           5.636          -1.530          -2.739          -6.757            8.124
   35 (vir)     1           5.640          -1.499          -2.647          -6.596            8.089
   36 (vir)     1           6.824          -1.084          -1.400          -4.557            8.898
   37 (vir)     1           6.826          -1.084          -1.399          -4.557            8.901
   38 (vir)     1           7.077          -1.272          -2.202          -5.925            9.528
   39 (vir)     1           7.210          -1.063          -1.722          -5.074            9.500
   40 (vir)     1           7.228          -1.090          -1.779          -5.186            9.545
   41 (vir)     1           7.603          -1.233          -2.197          -5.660            9.833
   42 (vir)     1           8.115          -0.647          -0.276          -2.735            9.927
   43 (vir)     1           9.800          -1.929          -1.827          -6.113           12.156
   44 (vir)     1          10.029          -0.855          -0.438          -3.322           12.059
   45 (vir)     1          10.038          -0.836          -0.408          -3.260           12.055
   46 (vir)     1          10.507          -2.378          -2.933          -7.892           13.087
   47 (vir)     1          10.537          -2.406          -2.964          -7.966           13.134
   48 (vir)     1          11.862          -1.627          -1.941          -6.086           14.380
   49 (vir)     1          11.991          -1.862          -1.760          -6.051           14.419
   50 (vir)     1          12.022          -1.900          -1.808          -6.145           14.460
   51 (vir)     1          12.904          -1.587          -1.552          -5.456           15.222
   52 (vir)     1          12.904          -1.591          -1.567          -5.479           15.225
   53 (vir)     1          14.183          -2.958          -3.290          -9.169           17.105
   54 (vir)     1          14.721          -3.003          -3.071          -9.073           17.721
   55 (vir)     1          14.728          -3.009          -3.071          -9.075           17.723
   56 (vir)     1          15.630          -2.760          -2.286          -7.859           18.442
   57 (vir)     1          15.663          -2.728          -2.261          -7.825           18.499
   58 (vir)     1          15.939          -1.704          -1.483          -5.808           18.560
   59 (vir)     1          16.101          -2.438          -1.778          -6.988           18.874
   60 (vir)     1          17.016          -2.232          -1.382          -6.290           19.692
   61 (vir)     1          17.489          -2.441          -1.723          -7.032           20.357
   62 (vir)     1          17.510          -2.487          -1.767          -7.130           20.386
   63 (vir)     1          18.824          -2.421          -2.524          -7.903           21.782
   64 (vir)     1          19.541          -1.870          -0.846          -5.179           22.004
   65 (vir)     1          19.620          -1.907          -0.875          -5.259           22.097
   66 (vir)     1          20.095          -2.043          -1.042          -5.452           22.461
   67 (vir)     1          20.133          -2.036          -1.026          -5.420           22.492
   68 (vir)     1          20.688          -1.566          -0.804          -4.899           23.216
   69 (vir)     1          21.648          -2.885          -1.838          -7.575           24.500
   70 (vir)     1          21.659          -2.881          -1.826          -7.539           24.491
   71 (vir)     1          23.203          -3.338          -1.304          -6.944           25.504
   72 (vir)     1          23.963          -3.100          -2.117          -8.125           26.871
   73 (vir)     1          23.969          -3.098          -2.120          -8.126           26.878
   74 (vir)     1          25.739          -2.686          -1.042          -6.112           28.124
   75 (vir)     1          25.745          -2.657          -1.034          -6.091           28.145
   76 (vir)     1          26.862          -4.732          -2.684         -10.150           29.595
   77 (vir)     1          27.752          -4.366          -3.101          -9.971           30.257
   78 (vir)     1          28.379          -3.962          -1.533          -7.921           30.805
   79 (vir)     1          28.644          -3.859          -2.467          -8.798           31.116
   80 (vir)     1          28.675          -3.841          -2.390          -8.711           31.155
   81 (vir)     1          33.396          -4.916          -2.254          -9.143           35.369
   82 (vir)     1          33.413          -4.926          -2.254          -9.142           35.375
   83 (vir)     1          36.242          -5.198          -1.224          -7.372           37.192
   84 (vir)     1          36.319          -5.663          -1.515          -8.027           37.169
   85 (vir)     1          36.584          -4.913          -1.345          -7.481           37.808
   86 (vir)     1          36.623          -5.367          -1.689          -8.277           37.845
   87 (vir)     1          37.773          -6.066          -2.129          -9.364           38.943
   88 (vir)     1          39.857          -5.449          -1.459          -8.053           41.002
   89 (vir)     1          39.933          -5.294          -1.439          -7.995           41.195
   90 (vir)     1          41.549          -4.905          -2.062          -8.742           43.324
   91 (vir)     1          42.693          -8.007          -2.373         -10.286           42.599
   92 (vir)     1          42.832          -8.076          -2.346         -10.217           42.628
   93 (vir)     1          43.653         -10.307          -3.181         -12.960           43.126
   94 (vir)     1          43.687         -10.321          -3.198         -13.034           43.202
   95 (vir)     1          44.687          -4.434          -0.630          -6.589           46.213
   96 (vir)     1          45.504         -12.291          -3.299         -12.279           42.193
   97 (vir)     1          46.258         -10.772          -2.867         -11.701           44.320
   98 (vir)     1          50.108         -10.283          -3.058         -12.642           49.410
   99 (vir)     1          50.416          -6.326          -3.135         -12.794           53.750
  100 (vir)     1          51.836         -12.701          -2.521         -11.937           48.551
  101 (vir)     1          56.399          -5.281          -2.774         -12.725           61.069
  102 (vir)     1          56.451          -4.173          -2.767         -12.702           62.213
  103 (vir)     1          58.772          -2.857          -2.778         -13.993           67.130
  104 (vir)     1          59.035           5.150          -2.743         -13.428           74.869
  105 (vir)     1          61.374           3.235          -2.780         -13.217           75.046
  106 (vir)     1          61.438           3.272          -2.782         -13.224           75.152
  107 (vir)     1          62.247           1.866          -1.106          -8.847           71.854
  108 (vir)     1          65.883           2.525          -2.409         -12.929           78.928
  109 (vir)     1          65.997           3.958          -2.419         -13.032           80.568
  110 (vir)     1          66.609           3.223          -2.461         -13.254           80.626
  111 (vir)     1          66.976          -1.709          -2.444         -12.986           75.809
  112 (vir)     1          67.078           3.840          -2.495         -13.098           81.520
  113 (vir)     1          67.334           4.394          -2.516         -13.220           82.432
  114 (vir)     1          68.533           4.659          -2.556         -14.038           84.673
  115 (vir)     1          68.582           4.719          -2.551         -14.035           84.785
  116 (vir)     1          70.595           4.629          -2.141         -13.235           86.319
  117 (vir)     1          70.605           4.632          -2.144         -13.253           86.346
  118 (vir)     1          74.393           3.553          -2.498         -13.706           89.154
  119 (vir)     1          74.456           3.539          -2.513         -13.721           89.204
  120 (vir)     1          78.415           3.510          -2.293         -13.878           93.510
  121 (vir)     1          78.703           3.446          -2.302         -13.937           93.784
  122 (vir)     1          82.079           2.864          -1.958         -12.886           95.872
  123 (vir)     1          82.966           2.692          -2.045         -13.270           96.883
  124 (vir)     1          83.303           2.839          -2.083         -13.370           97.429
  125 (vir)     1          84.754           1.948          -2.193         -13.634           98.143
  126 (vir)     1          85.197           2.994          -2.655         -14.732          100.269
  127 (vir)     1          86.102           3.156          -2.650         -14.811          101.418
  128 (vir)     1          90.464           2.636          -2.473         -15.298          105.926
  129 (vir)     1         105.316           2.028          -2.333         -15.144          120.155
  130 (vir)     1         105.599           2.035          -2.329         -15.157          120.462
  131 (vir)     1         117.947           1.981          -2.020         -14.803          132.712
  132 (vir)     1         117.987           1.961          -2.023         -14.800          132.724
  133 (vir)     1         155.210           2.341          -1.777         -16.049          171.823
  134 (vir)     1         160.479           2.351          -1.739         -16.000          177.090
  135 (vir)     1         164.760           2.474          -1.683         -16.031          181.583
  136 (vir)     1         164.831           2.488          -1.689         -16.050          181.680
  137 (vir)     1         165.695           2.317          -1.614         -15.783          182.181
  138 (vir)     1         165.757           2.345          -1.614         -15.801          182.289
  139 (vir)     1         199.210           5.069          -0.959         -12.295          215.615
  140 (vir)     1         240.757           0.084          -0.910         -13.522          253.453
  141 (vir)     1         240.790           2.341          -0.906         -13.512          255.737
 
