 
  kpoint:       1             coordinate:     0.0000    0.0000    0.0000                  spin:  1
 
    n           k   ϵ_nk^DFT (eV)     Σ^c_nk (eV)     Σ^x_nk (eV)    v_nk^xc (eV)   ϵ_nk^G0W0 (eV)
 
    1 (occ)     1         -81.017           8.542         -58.613         -35.032          -96.056
    2 (occ)     1         -47.802           5.060         -51.073         -35.998          -57.817
    3 (occ)     1         -47.802           5.061         -51.072         -35.998          -57.816
    4 (occ)     1         -47.591           5.904         -51.306         -36.020          -56.973
    5 (occ)     1         -27.066          10.175         -37.750         -23.369          -31.272
    6 (occ)     1         -26.927          10.139         -38.014         -23.642          -31.160
    7 (occ)     1          -9.283           4.296         -28.487         -20.828          -12.646
    8 (occ)     1          -8.742           4.250         -29.857         -22.179          -12.170
    9 (occ)     1          -8.372           4.200         -28.787         -21.042          -11.917
   10 (occ)     1          -8.372           4.203         -28.793         -21.042          -11.919
   11 (occ)     1          -8.293           4.265         -29.203         -21.409          -11.823
   12 (occ)     1          -8.293           4.268         -29.208         -21.409          -11.825
   13 (vir)     1          -2.605          -0.595          -3.251          -6.640            0.189
   14 (vir)     1          -0.399          -0.457          -2.358          -5.071            1.857
   15 (vir)     1          -0.399          -0.456          -2.359          -5.071            1.857
   16 (vir)     1           1.277          -0.456          -1.174          -3.868            3.514
   17 (vir)     1           2.522          -0.328          -1.373          -3.702            4.523
   18 (vir)     1           3.975          -0.878          -0.469          -3.680            6.307
   19 (vir)     1           4.027          -0.878          -0.469          -3.629            6.309
   20 (vir)     1           4.592          -0.661          -2.207          -5.863            7.587
   21 (vir)     1           4.592          -0.660          -2.203          -5.863            7.592
   22 (vir)     1           5.619          -0.387          -1.117          -3.462            7.577
   23 (vir)     1           6.204          -0.892          -3.253          -7.556            9.616
   24 (vir)     1           6.204          -0.891          -3.255          -7.556            9.615
   25 (vir)     1          10.034          -0.956          -2.935          -7.241           13.384
   26 (vir)     1          10.324          -1.491          -4.807         -10.331           14.356
   27 (vir)     1          13.126          -1.857          -3.658          -8.864           16.475
   28 (vir)     1          17.882          -2.492          -4.362         -10.809           21.837
   29 (vir)     1          17.882          -2.492          -4.364         -10.809           21.834
   30 (vir)     1          19.367          -1.913          -3.041          -9.037           23.450
   31 (vir)     1          19.367          -1.914          -3.041          -9.037           23.448
   32 (vir)     1          20.853          -1.702          -2.473          -8.316           24.995
   33 (vir)     1          20.855          -1.698          -2.474          -8.314           24.998
   34 (vir)     1          22.021          -2.333          -3.413          -9.642           25.918
   35 (vir)     1          22.873          -1.903          -3.038          -9.062           26.995
   36 (vir)     1          23.149          -1.563          -2.364          -8.100           27.321
   37 (vir)     1          23.153          -1.561          -2.364          -8.094           27.322
   38 (vir)     1          27.322          -3.641          -4.517         -11.669           30.834
   39 (vir)     1          28.217          -3.451          -3.002          -9.720           31.484
   40 (vir)     1          28.217          -3.430          -3.004          -9.720           31.504
   41 (vir)     1          31.971          -4.333          -4.200         -10.964           34.402
   42 (vir)     1          35.410          -4.945          -3.663         -11.324           38.126
   43 (vir)     1          35.410          -4.951          -3.665         -11.324           38.118
   44 (vir)     1          40.727          -5.732          -3.315         -11.488           43.168
   45 (vir)     1          44.176          -4.582          -1.383          -8.950           47.162
   46 (vir)     1          44.177          -4.570          -1.384          -8.949           47.173
   47 (vir)     1          44.456          -3.303          -1.206          -8.841           48.788
   48 (vir)     1          44.456          -3.300          -1.207          -8.841           48.790
   49 (vir)     1          45.103          -7.805          -1.432          -9.304           45.170
   50 (vir)     1          45.103          -7.829          -1.433          -9.304           45.145
   51 (vir)     1          45.995          -3.674          -1.259          -9.216           50.278
   52 (vir)     1          45.995          -3.669          -1.259          -9.216           50.283
   53 (vir)     1          47.742          -3.535          -2.204         -10.415           52.418
   54 (vir)     1          47.742          -3.536          -2.201         -10.415           52.420
   55 (vir)     1          48.139          -3.369          -2.221         -10.582           53.132
   56 (vir)     1          48.139          -3.372          -2.218         -10.582           53.131
   57 (vir)     1          49.371          -2.689          -2.819         -11.532           55.394
   58 (vir)     1          63.279           3.552          -4.729         -15.083           77.186
   59 (vir)     1          79.395           2.718          -7.305         -19.335           94.143
   60 (vir)     1          79.395           2.724          -7.308         -19.335           94.146
   61 (vir)     1          79.600           2.692          -7.415         -19.655           94.531
   62 (vir)     1          79.600           2.697          -7.418         -19.655           94.533
   63 (vir)     1          85.557           3.015          -6.807         -20.229          101.994
   64 (vir)     1          86.030           3.490          -6.950         -20.323          102.893
   65 (vir)     1          86.030           3.483          -6.948         -20.323          102.888
   66 (vir)     1          87.947           3.096          -6.789         -19.792          104.046
   67 (vir)     1          87.947           3.136          -6.788         -19.792          104.086
   68 (vir)     1          90.267           3.018          -6.047         -19.820          107.058
   69 (vir)     1          91.672           1.248          -4.277         -16.254          104.896
   70 (vir)     1         107.182           3.269          -5.874         -22.876          127.453
   71 (vir)     1         107.182           3.267          -5.873         -22.876          127.453
   72 (vir)     1         120.962           1.828          -5.154         -20.677          138.314
   73 (vir)     1         123.224           2.694          -5.372         -22.540          143.086
   74 (vir)     1         123.224           2.695          -5.374         -22.540          143.085
   75 (vir)     1         134.429           1.635          -4.760         -20.764          152.067
   76 (vir)     1         155.134           0.495          -2.789         -14.804          167.644
 
