 
  kpoint:       1             coordinate:     0.0000    0.0000    0.0000                  spin:  1
 
    n           k   ϵ_nk^DFT (eV)     Σ^c_nk (eV)     Σ^x_nk (eV)    v_nk^xc (eV)   ϵ_nk^G0W0 (eV)
 
    1 (occ)     1         -26.950           7.655         -26.558         -16.760          -29.093
    2 (occ)     1         -19.537           5.099         -23.745         -16.207          -21.976
    3 (occ)     1         -14.189           4.385         -21.002         -14.553          -16.253
    4 (occ)     1         -12.314          -0.095         -16.002         -13.107          -15.304
    5 (occ)     1         -10.868           1.251         -19.675         -15.314          -13.978
    6 (occ)     1         -10.357           2.386         -19.049         -13.699          -13.321
    7 (occ)     1          -7.346           0.719         -17.394         -13.515          -10.506
    8 (occ)     1          -7.248           1.442         -18.422         -13.806          -10.421
    9 (vir)     1          -6.036          -2.614          -6.374         -12.408           -2.615
   10 (vir)     1          -3.908          -2.844          -6.293         -12.597           -0.449
   11 (vir)     1          -1.965          -1.818          -8.239         -13.399            1.376
   12 (vir)     1          -0.767          -4.558          -4.746         -11.654            1.584
   13 (vir)     1           0.420          -0.491          -0.810          -2.606            1.724
   14 (vir)     1           0.547          -0.978          -0.724          -2.942            1.788
   15 (vir)     1           0.748          -0.312          -0.578          -2.036            1.895
   16 (vir)     1           1.221          -0.344          -0.441          -2.024            2.461
   17 (vir)     1           1.354          -0.267          -0.338          -1.695            2.444
   18 (vir)     1           1.569          -0.318          -0.198          -1.510            2.563
   19 (vir)     1           1.574          -0.289          -0.315          -1.592            2.562
   20 (vir)     1           1.689          -0.317          -0.251          -1.504            2.626
   21 (vir)     1           2.550          -0.237          -0.287          -1.563            3.589
   22 (vir)     1           2.642          -0.181          -0.219          -1.243            3.484
   23 (vir)     1           2.709          -0.260          -0.181          -1.267            3.536
   24 (vir)     1           3.007          -1.723          -3.397          -7.809            5.695
   25 (vir)     1           3.753          -0.445          -0.487          -1.959            4.779
   26 (vir)     1           3.805          -0.879          -1.577          -4.068            5.418
   27 (vir)     1           4.465          -0.345          -0.497          -1.852            5.476
   28 (vir)     1           4.999          -0.563          -1.087          -3.033            6.382
   29 (vir)     1           5.836          -0.803          -0.781          -3.299            7.550
   30 (vir)     1           5.967          -0.575          -0.948          -2.764            7.207
   31 (vir)     1           6.013          -0.763          -1.156          -3.475            7.569
   32 (vir)     1           6.338          -2.715          -4.426          -9.991            9.188
   33 (vir)     1           6.478          -0.454          -0.408          -2.226            7.843
   34 (vir)     1           6.830          -3.302          -5.789         -12.313           10.052
   35 (vir)     1           8.415          -3.424          -4.171         -10.674           11.495
   36 (vir)     1           8.798          -1.403          -1.589          -5.197           11.004
   37 (vir)     1           8.923          -3.127          -4.535         -10.793           12.054
   38 (vir)     1           8.956          -1.311          -0.625          -3.600           10.621
   39 (vir)     1           9.401          -2.494          -2.167          -7.162           11.902
   40 (vir)     1          10.135          -2.197          -1.375          -5.828           12.392
   41 (vir)     1          10.431          -2.717          -1.372          -6.399           12.742
   42 (vir)     1          11.051          -1.397          -1.430          -5.001           13.224
   43 (vir)     1          11.889          -2.811          -2.724          -8.300           14.654
   44 (vir)     1          12.628          -2.099          -2.045          -6.825           15.309
   45 (vir)     1          13.370          -3.910          -1.299          -6.504           14.664
   46 (vir)     1          13.836          -3.018          -1.867          -7.360           16.311
   47 (vir)     1          14.031          -3.025          -1.464          -7.290           16.832
   48 (vir)     1          14.602          -3.637          -1.492          -6.107           15.580
   49 (vir)     1          14.768           0.315          -0.969          -5.418           19.531
   50 (vir)     1          17.629          -1.186          -2.400          -8.242           22.285
   51 (vir)     1          17.907          -3.586          -1.928          -7.785           20.178
   52 (vir)     1          17.968          -2.751          -1.497          -7.055           20.775
   53 (vir)     1          18.546          -1.748          -0.518          -4.783           21.063
   54 (vir)     1          18.605          -2.251          -0.987          -5.935           21.301
   55 (vir)     1          18.957          -3.193          -1.787          -7.353           21.330
   56 (vir)     1          19.183          -2.942          -1.896          -7.233           21.577
   57 (vir)     1          19.259          -0.979          -0.597          -4.905           22.588
   58 (vir)     1          20.227          -2.468          -0.657          -5.445           22.547
   59 (vir)     1          20.472          -1.470          -1.755          -7.423           24.670
   60 (vir)     1          20.873          -3.884          -1.668          -8.015           23.335
   61 (vir)     1          23.519          -2.631          -0.791          -5.678           25.776
   62 (vir)     1          24.385          -3.674          -1.730          -7.287           26.268
   63 (vir)     1          24.448          -3.732          -1.455          -7.086           26.348
   64 (vir)     1          24.544          -2.646          -0.737          -5.602           26.763
   65 (vir)     1          24.658          -4.307          -2.005          -8.778           27.125
   66 (vir)     1          25.947          -0.240          -1.248          -7.044           31.504
   67 (vir)     1          26.415          -1.699          -1.443          -7.220           30.493
   68 (vir)     1          26.705          -2.904          -0.776          -5.847           28.871
   69 (vir)     1          26.726          -3.447          -1.451          -7.136           28.965
   70 (vir)     1          26.793           1.515          -2.046          -8.860           35.122
   71 (vir)     1          26.891          -0.975          -2.939         -11.042           34.019
   72 (vir)     1          27.749          -3.087          -0.966          -6.344           30.040
   73 (vir)     1          30.654          -0.108          -1.117          -6.726           36.155
   74 (vir)     1          30.862          -6.267          -1.445          -8.840           31.990
   75 (vir)     1          31.425           1.724          -1.292          -6.839           38.695
   76 (vir)     1          33.241           3.757          -1.846          -8.876           44.028
   77 (vir)     1          33.548           2.379          -0.764          -5.938           41.102
   78 (vir)     1          34.294          -2.501          -1.063          -6.795           37.525
   79 (vir)     1          35.348          -5.426          -1.261          -7.693           36.355
   80 (vir)     1          38.297          -6.191          -1.531          -7.465           38.040
   81 (vir)     1          39.670           1.933          -2.262          -9.577           48.918
   82 (vir)     1          39.684           0.822          -1.016          -7.106           46.596
   83 (vir)     1          41.611           1.605          -3.418         -12.556           52.354
   84 (vir)     1          43.734           0.445          -1.034          -7.678           50.823
   85 (vir)     1          44.036           0.761          -0.534          -5.780           50.043
   86 (vir)     1          44.286           1.804          -1.229          -7.472           52.333
   87 (vir)     1          46.975           2.771          -3.463         -13.174           59.457
   88 (vir)     1          48.208          -0.466          -2.758         -12.532           57.516
   89 (vir)     1          50.543           0.034          -2.325         -11.811           60.062
   90 (vir)     1          51.652           1.853          -3.226         -12.954           63.233
   91 (vir)     1          51.866           4.452          -1.997         -10.918           65.239
   92 (vir)     1          54.857           1.047          -3.437         -14.171           66.637
   93 (vir)     1          56.298           3.739          -3.680         -15.068           71.425
   94 (vir)     1          57.758           0.813          -2.939         -14.276           69.908
   95 (vir)     1          59.191           1.306          -2.226         -11.705           69.977
   96 (vir)     1          60.758           0.618          -2.885         -13.887           72.378
   97 (vir)     1          61.596           0.904          -2.010         -11.355           71.845
   98 (vir)     1          62.667           5.002          -2.724         -13.933           78.879
   99 (vir)     1          62.922           2.342          -3.478         -15.486           77.272
  100 (vir)     1          64.688           2.043          -2.725         -14.160           78.165
  101 (vir)     1          69.420           3.102          -1.719         -12.805           83.608
  102 (vir)     1          69.610           3.784          -2.199         -13.545           84.740
  103 (vir)     1          70.226           2.534          -1.516         -12.264           83.508
  104 (vir)     1          70.487           1.975          -1.605         -12.184           83.040
  105 (vir)     1          70.859           2.511          -3.021         -14.766           85.116
  106 (vir)     1          72.347           3.628          -2.260         -13.046           86.761
  107 (vir)     1          76.396           1.251          -2.281         -14.266           89.633
  108 (vir)     1          78.904           2.581          -2.034         -12.768           92.220
  109 (vir)     1          78.917           0.776          -1.927         -12.877           90.644
  110 (vir)     1          91.501           2.065          -2.597         -15.656          106.625
  111 (vir)     1          98.893           1.738          -2.444         -15.509          113.695
  112 (vir)     1          98.968           0.891          -1.843         -13.852          111.868
  113 (vir)     1         195.881           4.985          -0.776         -11.351          211.442
  114 (vir)     1         228.337           5.085          -0.822         -12.533          245.133
  115 (vir)     1         230.030           8.565          -0.874         -12.883          250.604
  116 (vir)     1         234.246           9.470          -0.847         -12.831          255.700
 
