 
  kpoint:       1             coordinate:     0.0000    0.0000    0.0000                  spin:  1
 
    n           k   ϵ_nk^DFT (eV)     Σ^c_nk (eV)     Σ^x_nk (eV)    v_nk^xc (eV)   ϵ_nk^G0W0 (eV)
 
    1 (occ)     1         -34.452          11.215         -33.861         -21.023          -36.075
    2 (occ)     1         -27.541           9.878         -32.262         -21.163          -28.762
    3 (occ)     1         -19.283           6.659         -30.637         -20.506          -22.756
    4 (occ)     1         -14.842           3.710         -25.086         -18.948          -17.269
    5 (occ)     1         -14.601           3.138         -27.252         -20.416          -18.299
    6 (occ)     1         -14.370           4.308         -27.325         -19.752          -17.636
    7 (occ)     1          -9.055          -0.106         -22.908         -19.188          -12.881
    8 (occ)     1          -8.007           3.093         -26.898         -20.129          -11.683
    9 (occ)     1          -7.821           2.731         -26.502         -20.043          -11.549
   10 (vir)     1          -6.022          -0.598         -15.142         -20.208           -1.554
   11 (vir)     1           0.279          -3.380         -12.007         -19.925            4.817
   12 (vir)     1           2.497          -3.664         -11.313         -19.313            6.833
   13 (vir)     1           9.294          -2.639          -4.313         -10.613           12.955
   14 (vir)     1           9.310          -2.106          -3.682          -9.563           13.086
   15 (vir)     1          11.693          -3.285          -4.297         -11.576           15.687
   16 (vir)     1          13.603          -2.251          -5.405         -12.380           18.327
   17 (vir)     1          14.865          -2.395          -4.424         -11.282           19.328
   18 (vir)     1          15.764          -1.438          -3.895         -11.340           21.771
   19 (vir)     1          15.856          -2.430          -3.772         -10.315           19.969
   20 (vir)     1          17.471          -3.383          -3.283         -10.502           21.307
   21 (vir)     1          19.360          -2.514          -3.843         -10.742           23.745
   22 (vir)     1          19.668          -2.681          -4.442         -11.341           23.886
   23 (vir)     1          26.870          -4.673          -5.576         -13.854           30.475
   24 (vir)     1          27.212          -2.201          -5.985         -14.082           33.108
   25 (vir)     1          28.483           0.405          -6.179         -14.812           37.521
   26 (vir)     1          34.099           1.736          -5.996         -15.090           44.929
   27 (vir)     1          34.383           2.058          -5.206         -14.049           45.284
   28 (vir)     1          38.055           1.457          -5.477         -14.558           48.592
   29 (vir)     1          38.665           2.934          -5.366         -14.678           50.911
   30 (vir)     1          41.867           3.715          -4.928         -14.604           55.257
   31 (vir)     1          43.945           3.647          -4.756         -14.801           57.637
   32 (vir)     1          48.521           1.817          -5.137         -15.158           60.359
   33 (vir)     1          51.710           1.573          -3.746         -13.188           62.725
   34 (vir)     1          52.740           2.861          -4.264         -14.292           65.629
   35 (vir)     1          56.405           1.553          -5.802         -17.485           69.642
   36 (vir)     1          58.093           3.524          -4.300         -15.092           72.409
   37 (vir)     1          61.298           2.235          -6.151         -18.549           75.931
   38 (vir)     1          62.325           2.284          -4.246         -15.574           75.937
   39 (vir)     1          68.155           2.229          -4.803         -16.307           81.888
   40 (vir)     1          75.258           1.589          -3.793         -14.648           87.703
   41 (vir)     1          93.685           2.384          -1.761         -12.783          107.091
   42 (vir)     1         100.338           2.812          -2.792         -15.133          115.491
   43 (vir)     1         106.083           3.696          -3.163         -16.991          123.608
   44 (vir)     1         116.925           2.557          -2.464         -16.608          133.626
   45 (vir)     1         118.383           3.384          -3.112         -18.088          136.743
   46 (vir)     1         118.599           2.745          -3.000         -17.465          135.810
   47 (vir)     1         125.362           2.527          -3.236         -18.988          143.641
   48 (vir)     1         125.511           2.123          -3.601         -18.907          142.939
   49 (vir)     1         125.581           2.214          -3.597         -18.980          143.178
   50 (vir)     1         168.595           1.435          -5.093         -22.967          187.904
   51 (vir)     1         168.856           0.880          -4.918         -22.809          187.627
   52 (vir)     1         171.393           1.145          -5.013         -23.054          190.579
   53 (vir)     1         172.666           0.902          -5.155         -23.233          191.646
   54 (vir)     1         173.911           0.986          -4.776         -23.018          193.139
   55 (vir)     1         174.146           1.368          -5.059         -23.175          193.629
   56 (vir)     1         174.608           1.052          -4.675         -23.084          194.069
   57 (vir)     1         175.122           1.236          -4.612         -23.047          194.794
   58 (vir)     1         175.264           1.945          -4.410         -22.384          195.183
   59 (vir)     1         178.026           1.107          -4.276         -22.532          197.390
   60 (vir)     1         179.441           1.242          -4.395         -22.789          199.078
   61 (vir)     1         179.706           1.262          -4.652         -22.817          199.132
   62 (vir)     1         180.008           1.249          -4.847         -23.301          199.711
   63 (vir)     1         183.712           1.457          -4.569         -22.590          203.189
   64 (vir)     1         184.477           1.442          -4.412         -22.079          203.587
   65 (vir)     1         195.883           1.153          -2.511         -18.227          212.751
   66 (vir)     1         196.622          -0.543          -2.537         -18.428          211.969
   67 (vir)     1         198.935           1.147          -2.945         -18.995          216.132
   68 (vir)     1         200.019           1.590          -2.916         -18.973          217.667
   69 (vir)     1         204.038           0.817          -2.933         -19.503          221.426
   70 (vir)     1         205.863           0.949          -3.102         -19.327          223.038
   71 (vir)     1         209.403           0.815          -2.761         -19.497          226.954
   72 (vir)     1         214.555           0.777          -3.058         -20.737          233.011
   73 (vir)     1         226.049           0.146          -2.981         -20.825          244.039
   74 (vir)     1         226.177           1.314          -2.788         -20.837          245.539
   75 (vir)     1         228.151           0.625          -2.868         -20.842          246.750
   76 (vir)     1         228.773           0.572          -2.517         -20.777          247.605
   77 (vir)     1         234.739           0.960          -2.469         -20.556          253.786
   78 (vir)     1         237.538          -0.699          -2.725         -21.587          255.700
   79 (vir)     1         237.859           0.879          -2.768         -20.295          256.265
   80 (vir)     1         238.219           0.774          -2.732         -21.643          257.905
   81 (vir)     1         240.590           1.371          -3.166         -22.083          260.878
   82 (vir)     1         242.011           0.176          -2.936         -21.692          260.943
   83 (vir)     1         244.906           1.123          -2.843         -21.860          265.045
   84 (vir)     1         245.246           1.690          -3.140         -22.186          265.982
   85 (vir)     1         246.160           0.150          -3.024         -22.004          265.290
   86 (vir)     1         246.296           2.171          -2.706         -18.888          264.649
   87 (vir)     1         248.083           0.630          -3.018         -21.953          267.649
 
