 
  kpoint:       1             coordinate:     0.0000    0.0000    0.0000                  spin:  1
 
    n           k   ϵ_nk^DFT (eV)     Σ^c_nk (eV)     Σ^x_nk (eV)    v_nk^xc (eV)   ϵ_nk^G0W0 (eV)
 
    1 (occ)     1         -32.461          10.323         -36.585         -22.572          -36.152
    2 (occ)     1         -32.283          10.344         -36.817         -22.797          -35.959
    3 (occ)     1         -32.283          10.086         -36.807         -22.797          -36.207
    4 (occ)     1         -31.943          10.318         -37.226         -23.198          -35.653
    5 (occ)     1         -31.943          10.071         -37.217         -23.198          -35.891
    6 (occ)     1         -31.771          10.168         -37.436         -23.402          -35.636
    7 (occ)     1         -22.781           4.218         -25.988         -16.411          -28.139
    8 (occ)     1         -19.788           7.293         -26.485         -17.541          -21.439
    9 (occ)     1         -19.788           7.307         -26.497         -17.541          -21.436
   10 (occ)     1         -17.068           5.294         -26.716         -18.722          -19.767
   11 (occ)     1         -17.067           5.241         -26.678         -18.721          -19.783
   12 (occ)     1         -15.420           4.036         -27.790         -20.646          -18.527
   13 (occ)     1         -15.342           4.384         -24.924         -17.687          -18.194
   14 (occ)     1         -15.012           4.113         -29.330         -21.789          -18.440
   15 (occ)     1         -14.078           3.517         -27.513         -20.932          -17.142
   16 (occ)     1         -14.077           3.547         -27.483         -20.931          -17.083
   17 (occ)     1         -13.640           3.949         -27.746         -20.784          -16.653
   18 (occ)     1         -13.639           3.855         -27.741         -20.783          -16.741
   19 (occ)     1         -13.414           4.992         -24.660         -17.526          -15.556
   20 (occ)     1         -12.567           4.728         -27.240         -19.722          -15.356
   21 (occ)     1         -12.566           4.692         -27.175         -19.722          -15.328
   22 (occ)     1         -11.780           5.024         -29.519         -21.682          -14.593
   23 (occ)     1         -11.779           4.980         -29.434         -21.682          -14.551
   24 (occ)     1         -11.530           5.035         -30.117         -22.249          -14.364
   25 (occ)     1         -11.045           5.113         -30.980         -22.777          -14.135
   26 (occ)     1         -11.044           5.073         -30.913         -22.776          -14.108
   27 (occ)     1         -10.746           5.084         -31.690         -23.484          -13.867
   28 (occ)     1         -10.147           3.903         -28.507         -21.538          -13.213
   29 (occ)     1         -10.146           3.883         -28.450         -21.537          -13.177
   30 (occ)     1          -9.387           3.472         -27.616         -21.102          -12.430
   31 (occ)     1          -8.773           3.328         -23.808         -18.330          -10.924
   32 (occ)     1          -6.645           0.903         -20.213         -16.968           -8.987
   33 (occ)     1          -6.645           0.893         -20.200         -16.968           -8.983
   34 (vir)     1          -2.218          -2.362          -7.793         -13.045            0.672
   35 (vir)     1          -1.835          -2.329         -10.437         -15.585            0.984
   36 (vir)     1          -1.835          -2.319         -10.438         -15.585            0.993
   37 (vir)     1          -0.253          -1.450          -3.009          -6.337            1.626
   38 (vir)     1          -0.252          -1.453          -3.013          -6.339            1.620
   39 (vir)     1           0.445          -1.112          -2.755          -5.500            2.078
   40 (vir)     1           0.452          -0.544          -0.528          -2.125            1.504
   41 (vir)     1           0.987          -0.581          -0.815          -2.591            2.182
   42 (vir)     1           0.987          -0.581          -0.815          -2.591            2.182
   43 (vir)     1           1.289          -0.734          -1.413          -3.661            2.804
   44 (vir)     1           1.301          -0.396          -0.431          -1.777            2.251
   45 (vir)     1           1.301          -0.397          -0.431          -1.777            2.250
   46 (vir)     1           1.685          -1.892          -4.749          -8.800            3.845
   47 (vir)     1           1.685          -1.987          -4.747          -8.801            3.753
   48 (vir)     1           1.834          -0.860          -1.424          -3.602            3.151
   49 (vir)     1           2.150          -0.335          -0.565          -1.956            3.206
   50 (vir)     1           2.244          -6.505          -8.106         -15.961            3.594
   51 (vir)     1           2.322          -0.298          -0.274          -1.434            3.184
   52 (vir)     1           2.322          -0.300          -0.275          -1.434            3.182
   53 (vir)     1           2.495          -0.865          -1.552          -3.800            3.877
   54 (vir)     1           2.495          -0.862          -1.549          -3.799            3.883
   55 (vir)     1           2.878          -0.329          -0.215          -1.361            3.696
   56 (vir)     1           3.280          -1.054          -1.827          -4.318            4.717
   57 (vir)     1           3.348          -0.301          -0.346          -1.619            4.320
   58 (vir)     1           3.348          -0.301          -0.348          -1.618            4.318
   59 (vir)     1           3.801          -0.226          -0.257          -1.193            4.512
   60 (vir)     1           3.821          -3.979          -7.878         -14.520            6.484
   61 (vir)     1           4.279          -3.281          -5.528         -11.143            6.613
   62 (vir)     1           4.279          -3.246          -5.548         -11.141            6.626
   63 (vir)     1           4.642          -1.592          -2.904          -6.435            6.581
   64 (vir)     1           4.642          -1.588          -2.883          -6.434            6.605
   65 (vir)     1           5.830          -2.319          -4.675          -9.322            8.158
   66 (vir)     1           5.830          -2.330          -4.672          -9.322            8.151
   67 (vir)     1           6.343          -0.863          -0.801          -2.990            7.670
   68 (vir)     1           6.344          -0.859          -0.794          -2.991            7.681
   69 (vir)     1           6.931          -1.610          -2.399          -5.987            8.910
   70 (vir)     1           6.932          -1.604          -2.385          -5.987            8.930
   71 (vir)     1           7.387          -1.526          -1.109          -4.243            8.994
   72 (vir)     1           7.914          -1.156          -1.854          -4.422            9.325
   73 (vir)     1           7.914          -1.170          -1.840          -4.423            9.327
   74 (vir)     1           8.281          -1.532          -2.608          -6.481           10.623
   75 (vir)     1           8.420          -1.757          -2.305          -6.411           10.770
   76 (vir)     1           8.487          -5.743          -6.907         -15.164           11.002
   77 (vir)     1           8.488          -5.576          -6.896         -15.165           11.181
   78 (vir)     1           8.914          -1.767          -2.092          -6.147           11.203
   79 (vir)     1           9.228          -3.921          -5.372         -11.885           11.821
   80 (vir)     1           9.229          -3.908          -5.351         -11.886           11.856
   81 (vir)     1           9.477          -2.942          -4.317         -10.125           12.342
   82 (vir)     1          10.625          -1.809          -2.210          -6.089           12.695
   83 (vir)     1          10.626          -1.813          -2.226          -6.088           12.675
   84 (vir)     1          10.701          -2.741          -4.540         -10.001           13.422
   85 (vir)     1          10.859          -2.020          -1.786          -5.957           13.009
   86 (vir)     1          10.859          -2.018          -1.796          -5.957           13.002
   87 (vir)     1          11.215          -3.015          -2.306          -7.679           13.574
   88 (vir)     1          11.216          -3.046          -2.300          -7.680           13.549
   89 (vir)     1          11.570          -1.984          -1.310          -4.782           13.059
   90 (vir)     1          11.570          -1.982          -1.320          -4.782           13.050
   91 (vir)     1          12.638          -2.175          -1.799          -6.193           14.858
   92 (vir)     1          12.895          -3.285          -2.672          -8.397           15.335
   93 (vir)     1          13.737          -7.009          -6.606         -16.564           16.687
   94 (vir)     1          13.761          -2.501          -2.399          -7.652           16.513
   95 (vir)     1          15.107          -3.026          -3.629          -9.709           18.161
   96 (vir)     1          15.107          -3.057          -3.629          -9.709           18.131
   97 (vir)     1          15.327          -3.032          -2.777          -8.527           18.045
   98 (vir)     1          15.327          -3.026          -2.795          -8.527           18.034
   99 (vir)     1          16.152          -4.336          -3.022          -8.918           17.712
  100 (vir)     1          16.152          -4.618          -3.033          -8.918           17.419
  101 (vir)     1          16.198          -3.301          -3.509          -9.682           19.070
  102 (vir)     1          16.267          -3.210          -3.168          -8.983           18.871
  103 (vir)     1          16.267          -3.213          -3.172          -8.983           18.865
  104 (vir)     1          16.297          -8.166          -5.538         -15.546           18.139
  105 (vir)     1          16.685          -3.977          -2.345          -7.805           18.168
  106 (vir)     1          17.286          -2.581          -3.046          -8.825           20.484
  107 (vir)     1          17.712          -2.836          -2.628          -8.210           20.459
  108 (vir)     1          17.922          -2.536          -2.480          -7.972           20.879
  109 (vir)     1          17.922          -2.549          -2.487          -7.972           20.858
  110 (vir)     1          18.130          -3.501          -2.583          -8.299           20.346
  111 (vir)     1          18.130          -3.497          -2.573          -8.299           20.360
  112 (vir)     1          18.766          -2.848          -2.558          -8.359           21.718
  113 (vir)     1          18.766          -2.834          -2.569          -8.359           21.722
  114 (vir)     1          19.353          -0.978          -1.657          -6.102           22.820
  115 (vir)     1          20.091          -3.628          -2.111          -8.134           22.486
  116 (vir)     1          20.091          -3.620          -2.102          -8.134           22.503
  117 (vir)     1          20.306          -3.198          -3.514         -10.134           23.729
  118 (vir)     1          20.435          -0.950          -2.963          -9.453           25.975
  119 (vir)     1          20.675          -3.754          -3.110          -9.781           23.591
  120 (vir)     1          20.675          -3.709          -3.085          -9.781           23.662
  121 (vir)     1          21.412          -3.743          -2.042          -7.796           23.423
  122 (vir)     1          21.412          -3.670          -2.036          -7.796           23.502
  123 (vir)     1          21.599          -2.108          -3.487         -10.185           26.188
  124 (vir)     1          21.599          -2.255          -3.489         -10.185           26.039
  125 (vir)     1          21.672          -2.314          -2.194          -7.801           24.966
  126 (vir)     1          21.673          -2.327          -2.197          -7.801           24.950
  127 (vir)     1          21.875          -4.856          -2.381          -8.111           22.749
  128 (vir)     1          22.572          -0.557          -2.002          -8.440           28.453
  129 (vir)     1          22.772          -3.116          -2.824          -9.021           25.853
  130 (vir)     1          22.773          -3.101          -2.830          -9.021           25.862
  131 (vir)     1          23.067          -2.470          -3.506          -9.996           27.087
  132 (vir)     1          23.923          -2.911          -2.531          -8.589           27.071
  133 (vir)     1          24.171          -5.899          -2.378          -9.974           25.869
  134 (vir)     1          24.771          -5.062          -3.864         -11.711           27.556
  135 (vir)     1          24.844          -1.241          -0.729          -3.638           26.512
  136 (vir)     1          26.746          -4.516          -2.727          -9.427           28.930
  137 (vir)     1          26.746          -4.548          -2.720          -9.427           28.905
  138 (vir)     1          26.925          -3.179          -2.576          -8.642           29.813
  139 (vir)     1          28.050          -2.615          -1.799          -8.286           31.922
  140 (vir)     1          28.050          -2.844          -1.787          -8.286           31.705
  141 (vir)     1          28.478          -4.145          -2.144          -8.897           31.086
  142 (vir)     1          28.478          -4.391          -2.141          -8.897           30.843
  143 (vir)     1          29.292          -4.584          -2.859          -9.645           31.494
  144 (vir)     1          30.624          -4.589          -2.796          -9.946           33.186
  145 (vir)     1          30.625          -4.367          -2.782          -9.946           33.421
  146 (vir)     1          30.966          -0.370          -2.035          -8.362           36.923
  147 (vir)     1          30.966          -1.968          -2.034          -8.362           35.326
  148 (vir)     1          32.286          -0.139          -2.232          -9.132           39.048
  149 (vir)     1          33.279          -4.706          -2.494          -9.649           35.728
  150 (vir)     1          33.279          -4.722          -2.491          -9.650           35.717
  151 (vir)     1          33.563          -3.670          -3.209         -10.301           36.985
  152 (vir)     1          34.243          -4.372          -3.265         -10.301           36.908
  153 (vir)     1          34.244          -4.330          -3.263         -10.301           36.952
  154 (vir)     1          34.964          -3.752          -2.680         -10.257           38.790
  155 (vir)     1          35.094          -4.783          -2.641          -9.059           36.729
  156 (vir)     1          35.095          -5.072          -2.636          -9.059           36.446
  157 (vir)     1          36.297          -7.925          -2.325          -9.509           35.557
  158 (vir)     1          36.300          -4.247          -2.411          -9.202           38.844
  159 (vir)     1          36.476          -4.453          -1.810          -8.233           38.446
  160 (vir)     1          36.476          -4.735          -1.804          -8.233           38.171
  161 (vir)     1          36.665          -4.321          -2.818          -9.983           39.509
  162 (vir)     1          37.144          -3.057          -2.162          -9.381           41.307
  163 (vir)     1          37.145          -2.609          -2.163          -9.381           41.754
  164 (vir)     1          37.693          -6.476          -3.586         -11.845           39.476
  165 (vir)     1          37.694          -6.565          -3.603         -11.844           39.370
  166 (vir)     1          37.992          -5.368          -3.297         -11.336           40.663
  167 (vir)     1          38.627          -4.661          -1.881          -8.862           40.947
  168 (vir)     1          38.627          -4.717          -1.877          -8.862           40.894
  169 (vir)     1          39.241          -0.687          -2.940         -11.098           46.712
  170 (vir)     1          40.615          -7.500          -2.634         -10.489           40.970
  171 (vir)     1          40.616          -6.925          -2.613         -10.488           41.566
  172 (vir)     1          41.356          -5.355          -2.047          -9.545           43.499
  173 (vir)     1          41.356          -5.270          -2.031          -9.545           43.600
  174 (vir)     1          41.671          -3.618          -2.573         -10.410           45.890
  175 (vir)     1          41.672          -3.881          -2.560         -10.410           45.641
  176 (vir)     1          42.349           2.826          -2.374          -9.817           52.617
  177 (vir)     1          42.349           2.919          -2.381          -9.817           52.703
  178 (vir)     1          43.280         -10.754          -3.693         -13.321           42.153
  179 (vir)     1          43.281           5.249          -3.712         -13.322           58.139
  180 (vir)     1          43.908          -3.868          -2.173          -8.869           46.737
  181 (vir)     1          44.101           2.306          -2.042         -10.508           54.873
  182 (vir)     1          44.739          -8.224          -3.063         -12.128           45.579
  183 (vir)     1          44.739          -8.034          -3.037         -12.127           45.796
  184 (vir)     1          45.140          -3.430          -1.625          -8.953           49.038
  185 (vir)     1          45.950          -3.709          -1.961         -10.376           50.655
  186 (vir)     1          46.151          -1.563          -2.649         -11.152           53.090
  187 (vir)     1          46.942          -0.613          -2.308         -10.636           54.657
  188 (vir)     1          47.399         -11.008          -3.578         -12.693           45.507
  189 (vir)     1          47.399         -10.674          -3.585         -12.693           45.834
  190 (vir)     1          47.744          -3.850          -2.363         -10.797           52.328
  191 (vir)     1          47.744          -3.920          -2.367         -10.797           52.254
  192 (vir)     1          48.522          -3.365          -1.765          -9.780           53.172
  193 (vir)     1          49.075          -4.738          -3.647         -13.270           53.960
  194 (vir)     1          49.677           1.053          -2.978         -12.283           60.034
  195 (vir)     1          49.677           1.962          -2.981         -12.282           60.941
  196 (vir)     1          50.473          -7.800          -2.988         -12.650           52.336
  197 (vir)     1          50.594           1.914          -3.336         -12.239           61.410
  198 (vir)     1          50.594          -8.879          -3.377         -12.239           50.577
  199 (vir)     1          51.379          -9.315          -2.454         -11.110           50.720
  200 (vir)     1          51.379          -9.310          -2.471         -11.110           50.708
  201 (vir)     1          53.523           0.390          -3.036         -12.544           63.422
  202 (vir)     1          54.926          -7.778          -3.309         -13.040           56.879
  203 (vir)     1          54.984          -6.831          -3.040         -11.797           56.911
  204 (vir)     1          54.985          -6.754          -3.050         -11.798           56.978
  205 (vir)     1          57.083           0.597          -2.604         -11.941           67.016
  206 (vir)     1          57.083           1.526          -2.625         -11.941           67.925
  207 (vir)     1          57.123           2.240          -3.098         -13.154           69.419
  208 (vir)     1          57.123           1.731          -3.132         -13.154           68.876
  209 (vir)     1          57.352           3.786          -3.506         -13.417           71.049
  210 (vir)     1          57.353           4.695          -3.527         -13.416           71.937
  211 (vir)     1          59.602          -9.769          -2.904         -12.135           59.063
  212 (vir)     1          59.602           4.655          -2.913         -12.135           73.479
  213 (vir)     1          59.651          -8.962          -2.970         -12.446           60.165
  214 (vir)     1          59.735           1.907          -2.642         -12.765           71.766
  215 (vir)     1          60.069           2.812          -3.630         -13.905           73.156
  216 (vir)     1          60.070           3.754          -3.608         -13.905           74.121
  217 (vir)     1          60.907          -1.273          -4.232         -14.196           69.598
  218 (vir)     1          61.065          -8.794          -2.047         -11.232           61.456
  219 (vir)     1          61.642           5.472          -2.596         -12.415           76.933
  220 (vir)     1          61.643           5.469          -2.574         -12.416           76.953
  221 (vir)     1          61.828          -7.773          -3.707         -14.721           65.068
  222 (vir)     1          61.828          -7.478          -3.673         -14.721           65.397
  223 (vir)     1          62.071          -9.607          -2.467         -12.213           62.210
  224 (vir)     1          62.564           2.486          -3.639         -14.173           75.584
  225 (vir)     1          64.013           0.206          -2.300         -11.986           73.905
  226 (vir)     1          64.014           3.079          -2.361         -11.986           76.717
  227 (vir)     1          64.277           1.716          -2.425         -12.369           75.937
  228 (vir)     1          64.278           1.285          -2.392         -12.369           75.540
  229 (vir)     1          66.540          -9.262          -4.822         -14.683           67.139
  230 (vir)     1          66.990          -0.318          -2.877         -12.491           76.286
  231 (vir)     1          66.991          -3.783          -2.866         -12.491           72.834
  232 (vir)     1          68.922           5.212          -2.651         -12.909           84.392
  233 (vir)     1          68.924           5.774          -2.621         -12.909           84.985
  234 (vir)     1          69.710           3.963          -1.759         -11.834           83.747
  235 (vir)     1          70.072           2.531          -2.765         -13.945           83.784
  236 (vir)     1          70.072           1.677          -2.760         -13.945           82.933
  237 (vir)     1          70.586           0.640          -2.671         -13.315           81.870
  238 (vir)     1          71.136          -2.567          -4.816         -16.134           79.888
  239 (vir)     1          72.138          -9.311          -2.726         -14.263           74.363
  240 (vir)     1          72.139         -10.509          -2.714         -14.263           73.178
  241 (vir)     1          72.548           4.550          -2.346         -13.499           88.251
  242 (vir)     1          72.548           4.464          -2.320         -13.499           88.192
  243 (vir)     1          72.789         -11.984          -4.639         -16.038           72.204
  244 (vir)     1          73.354           0.726          -4.309         -16.048           85.818
  245 (vir)     1          74.645          -6.471          -2.282         -13.430           79.322
  246 (vir)     1          74.988           3.941          -4.623         -16.311           90.617
  247 (vir)     1          75.955           4.711          -5.083         -17.971           93.555
  248 (vir)     1          75.956           4.600          -5.050         -17.971           93.477
  249 (vir)     1          76.683           4.379          -3.493         -14.491           92.060
  250 (vir)     1          76.684           4.161          -3.509         -14.492           91.828
  251 (vir)     1          76.850           4.562          -3.306         -15.465           93.571
  252 (vir)     1          79.059           4.114          -4.120         -15.748           94.802
  253 (vir)     1          79.083           4.742          -3.038         -13.849           94.635
  254 (vir)     1          79.084           4.484          -3.046         -13.848           94.370
  255 (vir)     1          79.232          -3.962          -2.917         -14.376           86.728
  256 (vir)     1          79.232          -4.669          -2.937         -14.376           86.002
  257 (vir)     1          79.320           3.555          -3.414         -13.599           93.060
  258 (vir)     1          79.320           3.722          -3.492         -13.599           93.150
  259 (vir)     1          81.607           1.695          -3.181         -14.768           94.890
  260 (vir)     1          81.608           2.274          -3.160         -14.769           95.490
  261 (vir)     1          82.782           3.330          -4.105         -15.086           97.093
  262 (vir)     1          82.974           4.974          -3.136         -14.509           99.321
  263 (vir)     1          85.384           3.795          -2.769         -14.149          100.559
  264 (vir)     1          85.385           4.239          -2.834         -14.150          100.940
  265 (vir)     1          85.411           4.440          -4.838         -17.570          102.582
  266 (vir)     1          85.411           4.680          -4.877         -17.568          102.782
  267 (vir)     1          85.904           5.070          -3.992         -16.602          103.583
  268 (vir)     1          87.094           4.874          -5.358         -18.002          104.613
  269 (vir)     1          87.095           4.366          -5.303         -18.003          104.161
  270 (vir)     1          87.106           2.777          -4.003         -16.899          102.778
  271 (vir)     1          87.107           2.687          -4.031         -16.898          102.662
  272 (vir)     1          87.160           3.817          -6.164         -18.753          103.565
  273 (vir)     1          88.505           3.767          -5.347         -18.490          105.415
  274 (vir)     1          88.506           3.560          -5.320         -18.490          105.236
  275 (vir)     1          88.769           3.625          -2.119         -13.225          103.499
  276 (vir)     1          91.251           2.246          -6.108         -18.927          106.317
  277 (vir)     1          91.661           5.052          -5.633         -19.917          110.997
  278 (vir)     1          92.579           4.030          -4.375         -18.223          110.457
  279 (vir)     1          92.582           4.248          -4.420         -18.222          110.632
  280 (vir)     1          92.915           4.456          -5.619         -19.937          111.689
  281 (vir)     1          92.915           4.813          -5.575         -19.937          112.090
  282 (vir)     1          94.803           4.813          -3.074         -16.491          113.033
  283 (vir)     1          97.207           4.294          -5.749         -19.162          114.915
  284 (vir)     1          97.208           4.485          -5.691         -19.162          115.164
  285 (vir)     1          97.821           3.623          -3.363         -15.925          114.007
  286 (vir)     1          98.494           5.208          -4.493         -17.687          116.896
  287 (vir)     1          98.969           4.216          -3.683         -17.176          116.678
  288 (vir)     1          98.971           4.639          -3.721         -17.173          117.063
  289 (vir)     1          99.200           3.514          -3.117         -15.516          115.113
  290 (vir)     1          99.201           3.075          -3.175         -15.515          114.616
  291 (vir)     1         102.238           4.399          -3.462         -17.381          120.556
  292 (vir)     1         102.240           4.215          -3.396         -17.381          120.440
  293 (vir)     1         105.465           5.252          -4.593         -20.548          126.673
  294 (vir)     1         106.022           4.688          -4.234         -18.410          124.887
  295 (vir)     1         106.024           4.567          -4.170         -18.408          124.830
  296 (vir)     1         107.287           4.161          -2.723         -16.038          124.762
  297 (vir)     1         108.351           2.884          -2.556         -14.756          123.435
  298 (vir)     1         108.353           2.366          -2.539         -14.756          122.937
  299 (vir)     1         108.656           2.283          -2.436         -15.711          124.213
  300 (vir)     1         111.108           4.361          -4.842         -20.706          131.333
  301 (vir)     1         112.851           3.817          -5.299         -19.901          131.271
  302 (vir)     1         112.852           4.001          -5.330         -19.901          131.425
  303 (vir)     1         113.028           3.377          -2.693         -17.031          130.743
  304 (vir)     1         114.264           3.066          -4.469         -18.013          130.873
  305 (vir)     1         114.670           2.325          -2.713         -15.473          129.755
  306 (vir)     1         123.255           3.877          -4.782         -20.682          143.032
  307 (vir)     1         123.256           3.758          -4.989         -20.682          142.706
  308 (vir)     1         123.438           3.399          -4.523         -19.981          142.295
  309 (vir)     1         123.441           3.388          -4.646         -19.979          142.161
  310 (vir)     1         123.865           2.588          -3.505         -17.377          140.326
  311 (vir)     1         123.868           2.438          -3.482         -17.377          140.201
  312 (vir)     1         127.498           2.072          -3.428         -17.088          143.230
  313 (vir)     1         127.522           4.412          -4.635         -22.722          150.021
  314 (vir)     1         130.877           2.476          -4.046         -18.376          147.683
  315 (vir)     1         132.276           3.966          -3.709         -19.845          152.378
  316 (vir)     1         132.280           4.103          -3.795         -19.841          152.429
  317 (vir)     1         133.873           3.916          -4.713         -21.556          154.632
  318 (vir)     1         133.873           4.075          -4.495         -21.556          155.009
  319 (vir)     1         136.735           1.846          -3.820         -18.549          153.310
  320 (vir)     1         137.102           3.941          -4.348         -21.553          158.248
  321 (vir)     1         137.105           4.018          -4.386         -21.549          158.285
  322 (vir)     1         142.214           2.769          -3.065         -17.102          159.020
  323 (vir)     1         142.218           2.565          -3.001         -17.099          158.880
  324 (vir)     1         151.326           3.016          -4.534         -20.645          170.452
  325 (vir)     1         153.713           2.982          -3.282         -19.848          173.261
  326 (vir)     1         153.874           3.185          -3.732         -21.009          174.337
  327 (vir)     1         153.877           3.224          -3.851         -21.006          174.255
  328 (vir)     1         155.528           2.664          -2.759         -16.955          172.388
  329 (vir)     1         156.305           2.487          -3.757         -19.924          174.959
  330 (vir)     1         156.307           2.644          -3.640         -19.922          175.233
  331 (vir)     1         158.997           2.790          -4.171         -21.573          179.189
  332 (vir)     1         161.497           2.785          -4.116         -20.296          180.461
  333 (vir)     1         161.499           2.862          -3.928         -20.295          180.728
  334 (vir)     1         167.584           2.510          -2.779         -17.713          185.028
  335 (vir)     1         167.866           2.012          -3.353         -19.669          186.195
  336 (vir)     1         205.755           1.302          -2.115         -17.483          222.425
  337 (vir)     1         215.686           4.451          -1.068         -13.356          232.424
  338 (vir)     1         233.879           5.498          -0.851         -13.478          252.005
  339 (vir)     1         233.885           5.352          -0.909         -13.473          251.800
  340 (vir)     1         240.133           7.986          -0.731         -13.511          260.898
  341 (vir)     1         240.140           7.040          -0.781         -13.504          259.904
  342 (vir)     1         244.856           6.482          -0.780         -13.624          264.182
  343 (vir)     1         275.302           0.969          -1.858         -17.849          292.263
  344 (vir)     1         319.896           0.900          -1.968         -19.044          337.872
  345 (vir)     1         319.975           1.099          -1.772         -18.965          338.267
  346 (vir)     1         351.233           0.977          -2.200         -21.024          371.034
  347 (vir)     1         351.330           1.149          -1.959         -20.926          371.446
  348 (vir)     1         383.564           1.094          -2.067         -21.658          404.249
 
