 
  kpoint:       1             coordinate:     0.0000    0.0000    0.0000                  spin:  1
 
    n           k   ϵ_nk^DFT (eV)     Σ^c_nk (eV)     Σ^x_nk (eV)    v_nk^xc (eV)   ϵ_nk^G0W0 (eV)
 
    1 (occ)     1         -25.898           9.539         -31.135         -19.356          -28.138
    2 (occ)     1         -19.211           5.631         -24.619         -15.525          -22.674
    3 (occ)     1         -17.869           5.244         -24.152         -15.349          -21.429
    4 (occ)     1         -15.174           3.909         -23.374         -15.725          -18.913
    5 (occ)     1         -14.727           3.964         -22.812         -15.105          -18.469
    6 (occ)     1         -12.196           2.346         -21.777         -15.984          -15.644
    7 (occ)     1         -11.907           2.800         -20.832         -14.512          -15.428
    8 (occ)     1         -10.724           1.888         -19.501         -13.972          -14.365
    9 (occ)     1         -10.492           2.211         -21.128         -15.665          -13.744
   10 (occ)     1          -9.554           1.554         -19.490         -14.280          -13.210
   11 (occ)     1          -8.998           1.340         -19.619         -14.677          -12.600
   12 (occ)     1          -8.960           1.609         -19.727         -14.508          -12.571
   13 (occ)     1          -8.481           1.348         -20.142         -15.696          -11.578
   14 (occ)     1          -8.149           1.195         -19.189         -14.373          -11.770
   15 (occ)     1          -7.513           2.161         -22.414         -17.129          -10.638
   16 (occ)     1          -5.773           2.514         -23.288         -17.697           -8.850
   17 (vir)     1          -0.340          -0.783          -1.408          -3.740            1.209
   18 (vir)     1          -0.025          -0.697          -1.066          -3.225            1.437
   19 (vir)     1           0.183          -0.662          -0.886          -2.919            1.554
   20 (vir)     1           0.309          -0.644          -0.939          -2.916            1.641
   21 (vir)     1           0.755          -0.626          -0.845          -2.764            2.048
   22 (vir)     1           0.812          -0.578          -0.714          -2.524            2.044
   23 (vir)     1           0.964          -0.530          -0.642          -2.369            2.162
   24 (vir)     1           1.199          -0.548          -0.762          -2.512            2.401
   25 (vir)     1           1.345          -0.470          -0.780          -2.329            2.424
   26 (vir)     1           1.536          -0.600          -0.920          -2.839            2.853
   27 (vir)     1           1.701          -0.725          -1.185          -3.294            3.086
   28 (vir)     1           1.909          -1.553          -3.503          -7.248            4.101
   29 (vir)     1           1.949          -0.488          -0.474          -2.068            3.055
   30 (vir)     1           2.016          -0.558          -0.715          -2.488            3.231
   31 (vir)     1           2.091          -0.494          -0.498          -2.123            3.222
   32 (vir)     1           2.967          -0.750          -0.915          -3.051            4.353
   33 (vir)     1           3.134          -0.934          -1.769          -4.272            4.703
   34 (vir)     1           3.212          -0.759          -1.151          -3.558            4.860
   35 (vir)     1           3.458          -0.692          -0.845          -2.974            4.895
   36 (vir)     1           3.554          -1.183          -2.191          -5.435            5.615
   37 (vir)     1           3.768          -0.927          -1.585          -4.094            5.350
   38 (vir)     1           3.997          -1.053          -2.162          -4.918            5.700
   39 (vir)     1           4.069          -0.729          -1.001          -3.145            5.484
   40 (vir)     1           4.174          -1.441          -2.814          -6.246            6.165
   41 (vir)     1           4.403          -1.121          -1.862          -4.831            6.251
   42 (vir)     1           4.439          -1.313          -2.552          -6.029            6.603
   43 (vir)     1           4.550          -1.476          -2.582          -6.232            6.724
   44 (vir)     1           4.691          -2.256          -4.699          -9.622            7.357
   45 (vir)     1           4.817          -1.359          -2.685          -6.297            7.070
   46 (vir)     1           4.920          -1.427          -2.797          -6.357            7.053
   47 (vir)     1           4.922          -1.111          -2.153          -5.244            6.902
   48 (vir)     1           4.951          -1.141          -1.982          -4.968            6.795
   49 (vir)     1           5.319          -1.504          -2.593          -6.392            7.614
   50 (vir)     1           5.704          -1.151          -1.503          -4.538            7.588
   51 (vir)     1           5.764          -0.981          -0.674          -3.217            7.326
   52 (vir)     1           6.187          -1.061          -1.020          -3.847            7.953
   53 (vir)     1           6.308          -0.930          -0.977          -3.593            7.994
   54 (vir)     1           6.314          -1.088          -1.390          -4.151            7.987
   55 (vir)     1           6.462          -0.961          -1.060          -3.891            8.332
   56 (vir)     1           6.555          -1.046          -1.184          -4.106            8.430
   57 (vir)     1           7.208          -1.185          -1.428          -4.684            9.278
   58 (vir)     1           7.332          -1.047          -1.226          -4.307            9.365
   59 (vir)     1           7.652          -1.254          -1.730          -5.071            9.739
   60 (vir)     1           7.788          -2.438          -3.517          -8.578           10.411
   61 (vir)     1           8.307          -1.085          -1.304          -4.383           10.302
   62 (vir)     1           8.332          -2.519          -3.493          -8.580           10.899
   63 (vir)     1           8.333          -0.948          -1.041          -4.087           10.432
   64 (vir)     1           8.446          -1.658          -2.480          -6.378           10.686
   65 (vir)     1           9.604          -1.073          -0.504          -3.480           11.507
   66 (vir)     1           9.756          -1.744          -2.160          -6.110           11.961
   67 (vir)     1           9.763          -1.192          -1.497          -4.791           11.865
   68 (vir)     1           9.911          -1.508          -1.155          -4.729           11.977
   69 (vir)     1           9.930          -1.204          -1.002          -4.064           11.787
   70 (vir)     1          10.421          -2.246          -2.648          -7.470           12.997
   71 (vir)     1          11.404          -3.111          -3.568          -9.255           13.980
   72 (vir)     1          11.779          -1.493          -0.557          -3.867           13.596
   73 (vir)     1          11.931          -2.332          -1.911          -6.444           14.131
   74 (vir)     1          11.940          -1.493          -1.077          -4.523           13.893
   75 (vir)     1          12.252          -2.897          -2.725          -8.158           14.787
   76 (vir)     1          12.872          -2.251          -2.546          -7.416           15.491
   77 (vir)     1          12.957          -1.878          -1.303          -5.525           15.301
   78 (vir)     1          13.156          -2.989          -3.329          -9.169           16.007
   79 (vir)     1          13.238          -2.568          -2.564          -7.706           15.813
   80 (vir)     1          13.481          -2.489          -2.409          -7.661           16.244
   81 (vir)     1          13.531          -2.565          -2.442          -7.510           16.034
   82 (vir)     1          13.653          -2.860          -3.078          -8.831           16.546
   83 (vir)     1          13.790          -2.046          -1.972          -6.476           16.249
   84 (vir)     1          13.974          -2.153          -1.962          -6.671           16.531
   85 (vir)     1          14.039          -2.210          -1.887          -6.604           16.546
   86 (vir)     1          15.129          -2.074          -1.289          -5.737           17.503
   87 (vir)     1          15.493          -2.072          -1.314          -5.573           17.680
   88 (vir)     1          15.542          -1.693          -1.302          -5.408           17.954
   89 (vir)     1          16.170          -2.779          -2.384          -7.860           18.866
   90 (vir)     1          16.322          -2.933          -2.089          -7.622           18.922
   91 (vir)     1          17.408          -3.344          -2.686          -8.705           20.083
   92 (vir)     1          17.409          -2.626          -2.076          -7.346           20.054
   93 (vir)     1          17.427          -2.226          -1.673          -6.651           20.178
   94 (vir)     1          17.720          -2.330          -1.721          -6.574           20.243
   95 (vir)     1          18.131          -3.130          -2.325          -8.090           20.766
   96 (vir)     1          18.483          -1.975          -1.288          -5.847           21.067
   97 (vir)     1          18.489          -2.210          -1.026          -5.598           20.850
   98 (vir)     1          19.477          -3.025          -2.207          -7.856           22.101
   99 (vir)     1          20.165          -2.467          -1.330          -6.328           22.696
  100 (vir)     1          20.340          -2.625          -1.878          -7.284           23.121
  101 (vir)     1          20.666          -2.732          -1.686          -7.055           23.302
  102 (vir)     1          20.828          -3.207          -2.030          -7.948           23.540
  103 (vir)     1          21.036          -2.876          -2.063          -7.823           23.920
  104 (vir)     1          21.969          -3.278          -2.222          -8.261           24.730
  105 (vir)     1          22.218          -3.232          -2.325          -8.598           25.258
  106 (vir)     1          23.387          -3.186          -2.190          -8.095           26.107
  107 (vir)     1          23.749          -3.226          -1.537          -7.269           26.255
  108 (vir)     1          24.012          -3.320          -2.461          -8.606           26.837
  109 (vir)     1          24.190          -2.910          -1.605          -6.950           26.625
  110 (vir)     1          24.650          -2.412          -1.464          -7.123           27.898
  111 (vir)     1          25.541          -2.876          -1.597          -7.019           28.087
  112 (vir)     1          25.609          -3.511          -2.280          -8.553           28.370
  113 (vir)     1          25.617          -1.553          -1.149          -6.210           29.126
  114 (vir)     1          27.019          -3.288          -1.490          -7.564           29.804
  115 (vir)     1          27.177          -2.392          -1.355          -6.585           30.015
  116 (vir)     1          27.231          -3.272          -1.501          -7.434           29.892
  117 (vir)     1          27.544          -2.862          -1.902          -7.750           30.530
  118 (vir)     1          27.632          -2.824          -1.765          -7.509           30.553
  119 (vir)     1          27.869          -3.822          -2.325          -8.657           30.379
  120 (vir)     1          30.102          -4.089          -2.822          -9.677           32.868
  121 (vir)     1          30.262          -3.914          -1.637          -7.405           32.115
  122 (vir)     1          31.488          -3.851          -2.052          -8.513           34.098
  123 (vir)     1          31.568          -4.412          -2.982          -9.966           34.140
  124 (vir)     1          32.447          -4.287          -2.112          -8.360           34.407
  125 (vir)     1          33.643          -4.915          -2.223          -8.857           35.362
  126 (vir)     1          34.120          -5.224          -2.631          -9.970           36.235
  127 (vir)     1          34.573          -3.996          -2.582          -9.496           37.491
  128 (vir)     1          34.800          -5.170          -2.097          -9.298           36.832
  129 (vir)     1          35.717          -5.100          -2.304          -9.547           37.860
  130 (vir)     1          35.944          -5.570          -3.114         -10.947           38.207
  131 (vir)     1          36.622          -4.911          -2.055          -8.948           38.604
  132 (vir)     1          37.073          -5.426          -1.885          -8.896           38.658
  133 (vir)     1          37.313          -5.786          -2.354          -9.507           38.679
  134 (vir)     1          37.921          -4.853          -1.873          -8.824           40.019
  135 (vir)     1          39.448          -4.123          -1.174          -7.164           41.316
  136 (vir)     1          39.558          -6.261          -1.940          -9.566           40.924
  137 (vir)     1          40.419          -7.215          -3.273         -11.749           41.680
  138 (vir)     1          40.583          -6.927          -3.016         -11.573           42.212
  139 (vir)     1          41.839          -8.325          -3.404         -12.438           42.548
  140 (vir)     1          42.690          -7.679          -2.575         -10.593           43.028
  141 (vir)     1          44.500          -8.258          -2.632         -11.449           45.060
  142 (vir)     1          46.222          -9.553          -2.786         -12.182           46.064
  143 (vir)     1          46.504          -9.010          -2.163         -10.269           45.600
  144 (vir)     1          46.623          -9.607          -2.428         -11.118           45.707
  145 (vir)     1          47.018          -9.838          -3.287         -12.539           46.432
  146 (vir)     1          47.567          -9.351          -3.779         -13.310           47.747
  147 (vir)     1          50.403         -12.681          -3.037         -12.432           47.117
  148 (vir)     1          51.202         -11.764          -2.292         -11.427           48.573
  149 (vir)     1          51.685         -12.238          -2.553         -11.931           48.825
  150 (vir)     1          51.782         -11.598          -2.568         -11.966           49.582
  151 (vir)     1          52.446          -7.907          -3.661         -14.040           54.918
  152 (vir)     1          53.108         -12.786          -3.690         -13.782           50.414
  153 (vir)     1          55.712          -7.859          -2.627         -12.600           57.827
  154 (vir)     1          55.928         -11.107          -3.063         -12.766           54.524
  155 (vir)     1          55.955          -6.895          -2.597         -12.490           58.953
  156 (vir)     1          56.229           6.405          -2.788         -13.098           72.944
  157 (vir)     1          57.221           5.451          -2.730         -12.717           72.659
  158 (vir)     1          57.614           5.508          -2.278         -11.451           72.296
  159 (vir)     1          57.961          -4.464          -2.892         -13.081           63.685
  160 (vir)     1          58.470          -9.929          -2.431         -12.204           58.315
  161 (vir)     1          58.829           5.757          -2.400         -12.008           74.195
  162 (vir)     1          60.168         -10.585          -3.186         -13.880           60.278
  163 (vir)     1          60.237          -0.761          -3.251         -13.313           69.539
  164 (vir)     1          60.314           4.896          -2.793         -12.758           75.174
  165 (vir)     1          62.035         -10.937          -2.484         -12.436           61.050
  166 (vir)     1          63.264           5.579          -2.591         -13.242           79.494
  167 (vir)     1          63.539           2.014          -2.825         -13.759           76.486
  168 (vir)     1          63.566           5.126          -2.761         -13.481           79.412
  169 (vir)     1          64.716           5.224          -2.883         -13.422           80.478
  170 (vir)     1          64.908           6.258          -2.694         -14.068           82.540
  171 (vir)     1          65.697           4.739          -2.497         -13.197           81.135
  172 (vir)     1          65.894           5.026          -2.406         -12.882           81.397
  173 (vir)     1          67.455           4.706          -2.501         -13.365           83.025
  174 (vir)     1          68.355           4.553          -2.175         -12.998           83.731
  175 (vir)     1          68.490           5.034          -2.469         -13.358           84.413
  176 (vir)     1          70.346           4.454          -2.392         -13.057           85.465
  177 (vir)     1          70.704           4.653          -2.400         -13.307           86.264
  178 (vir)     1          70.721           4.646          -2.546         -13.740           86.560
  179 (vir)     1          70.745           4.918          -2.310         -13.007           86.360
  180 (vir)     1          72.257           4.528          -2.424         -13.660           88.021
  181 (vir)     1          72.376           4.686          -2.083         -13.374           88.353
  182 (vir)     1          72.865           4.771          -2.439         -14.062           89.259
  183 (vir)     1          73.511         -12.374          -2.907         -14.161           72.392
  184 (vir)     1          74.466           5.458          -2.768         -14.208           91.365
  185 (vir)     1          75.222           4.546          -2.100         -13.124           90.792
  186 (vir)     1          75.920           4.176          -2.251         -13.786           91.631
  187 (vir)     1          76.579           4.560          -2.278         -13.809           92.670
  188 (vir)     1          77.769           4.967          -2.916         -14.850           94.670
  189 (vir)     1          78.123           3.997          -2.257         -13.587           93.449
  190 (vir)     1          78.137           4.249          -2.364         -13.695           93.717
  191 (vir)     1          80.475           4.166          -2.360         -14.144           96.426
  192 (vir)     1          81.797           3.824          -2.231         -13.768           97.158
  193 (vir)     1          83.105           4.052          -2.770         -14.747           99.134
  194 (vir)     1          84.482           3.555          -2.052         -13.494           99.480
  195 (vir)     1          89.784           4.173          -2.636         -15.128          106.449
  196 (vir)     1          89.928           3.375          -2.393         -14.032          104.943
  197 (vir)     1          93.518           2.236          -2.430         -14.806          108.130
  198 (vir)     1          97.435           3.747          -2.355         -14.645          113.473
  199 (vir)     1          98.431           2.605          -2.401         -15.115          113.750
  200 (vir)     1         104.497           3.195          -2.347         -15.325          120.670
  201 (vir)     1         108.614           2.436          -2.073         -14.392          123.369
  202 (vir)     1         110.745           2.103          -2.028         -14.193          125.014
  203 (vir)     1         111.584           2.672          -2.045         -14.469          126.679
  204 (vir)     1         112.600           1.921          -1.996         -14.344          126.870
  205 (vir)     1         115.943           2.384          -1.925         -14.345          130.747
  206 (vir)     1         131.290           3.256          -3.206         -20.294          151.634
  207 (vir)     1         134.834           5.039          -2.988         -20.114          156.999
  208 (vir)     1         140.335           5.759          -2.970         -20.144          163.268
  209 (vir)     1         155.773           2.304          -1.717         -15.792          172.153
  210 (vir)     1         161.534           2.037          -1.797         -16.223          177.997
  211 (vir)     1         163.100           2.228          -1.675         -15.936          179.588
  212 (vir)     1         163.192           2.191          -1.653         -15.841          179.572
  213 (vir)     1         163.385           2.143          -1.692         -15.979          179.815
  214 (vir)     1         163.708           2.160          -1.654         -15.862          180.077
  215 (vir)     1         164.360           2.337          -1.719         -16.227          181.205
  216 (vir)     1         164.607           2.290          -1.725         -16.243          181.414
  217 (vir)     1         164.894           2.064          -1.661         -15.954          181.251
  218 (vir)     1         165.744           2.298          -1.688         -16.154          182.508
  219 (vir)     1         182.518           3.313          -4.134         -23.334          205.032
  220 (vir)     1         185.870           1.648          -4.084         -23.081          206.515
  221 (vir)     1         189.920           1.792          -4.127         -23.364          210.948
  222 (vir)     1         194.975           2.190          -3.509         -22.808          216.464
  223 (vir)     1         204.653           5.911          -0.793         -12.449          222.220
  224 (vir)     1         206.939           2.057          -3.210         -22.670          228.457
  225 (vir)     1         237.654           7.259          -0.733         -13.515          257.695
  226 (vir)     1         238.982           8.441          -0.705         -13.578          260.296
  227 (vir)     1         240.738           7.795          -0.754         -13.800          261.579
  228 (vir)     1         243.377           1.443          -2.044         -22.126          264.902
  229 (vir)     1         244.865           1.463          -2.121         -22.436          266.644
  230 (vir)     1         246.417           1.680          -2.288         -22.531          268.339
  231 (vir)     1         246.676           1.686          -2.195         -22.515          268.682
  232 (vir)     1         246.751           1.565          -2.224         -22.651          268.742
  233 (vir)     1         247.523           1.511          -2.304         -22.685          269.415
  234 (vir)     1         248.150           1.421          -2.212         -22.150          269.509
  235 (vir)     1         298.036           1.938          -1.328         -19.637          318.284
 
