 
  kpoint:       1             coordinate:     0.0000    0.0000    0.0000                  spin:  1
 
    n           k   ϵ_nk^DFT (eV)     Σ^c_nk (eV)     Σ^x_nk (eV)    v_nk^xc (eV)   ϵ_nk^G0W0 (eV)
 
    1 (occ)     1         -23.565           7.639         -27.414         -16.986          -26.353
    2 (occ)     1         -20.064           6.702         -25.316         -16.028          -22.650
    3 (occ)     1         -18.945           6.260         -24.579         -15.714          -21.550
    4 (occ)     1         -15.630           4.318         -23.282         -15.944          -18.650
    5 (occ)     1         -15.615           4.423         -23.046         -15.632          -18.607
    6 (occ)     1         -13.127           3.306         -20.721         -14.508          -16.034
    7 (occ)     1         -11.894           2.887         -22.276         -16.698          -14.586
    8 (occ)     1         -11.568           2.624         -20.748         -14.785          -14.907
    9 (occ)     1         -10.513           2.184         -20.424         -15.066          -13.686
   10 (occ)     1          -9.917           2.642         -18.172         -13.601          -11.846
   11 (occ)     1          -9.862           2.374         -20.812         -15.471          -12.830
   12 (occ)     1          -8.856           1.615         -20.544         -15.728          -12.057
   13 (occ)     1          -7.294           0.521         -16.811         -13.928           -9.657
   14 (occ)     1          -6.691           0.085         -15.560         -13.095           -9.072
   15 (occ)     1          -5.935           2.356         -21.555         -16.445           -8.689
   16 (vir)     1          -1.874          -2.303          -8.453         -13.488            0.858
   17 (vir)     1          -1.517          -2.403          -7.456         -12.614            1.239
   18 (vir)     1          -0.362          -0.805          -1.212          -3.495            1.116
   19 (vir)     1           0.060          -0.643          -0.867          -2.751            1.300
   20 (vir)     1           0.276          -0.609          -0.766          -2.564            1.465
   21 (vir)     1           0.621          -0.510          -0.470          -2.029            1.670
   22 (vir)     1           0.863          -0.631          -0.771          -2.614            2.075
   23 (vir)     1           0.923          -0.673          -0.911          -2.880            2.219
   24 (vir)     1           1.104          -0.633          -0.752          -2.653            2.371
   25 (vir)     1           1.365          -0.447          -0.381          -1.778            2.314
   26 (vir)     1           1.509          -0.623          -0.645          -2.314            2.555
   27 (vir)     1           1.926          -0.589          -0.733          -2.468            3.071
   28 (vir)     1           1.986          -0.449          -0.353          -1.792            2.975
   29 (vir)     1           2.145          -3.644          -4.606         -10.024            3.918
   30 (vir)     1           2.560          -0.373          -0.342          -1.503            3.348
   31 (vir)     1           2.725          -1.271          -1.410          -3.794            3.838
   32 (vir)     1           2.797          -0.398          -0.296          -1.735            3.839
   33 (vir)     1           2.839          -0.461          -0.439          -1.962            3.901
   34 (vir)     1           2.901          -0.915          -1.647          -3.926            4.265
   35 (vir)     1           3.176          -0.388          -0.217          -1.614            4.185
   36 (vir)     1           3.223          -1.071          -1.695          -4.264            4.721
   37 (vir)     1           3.501          -0.476          -0.470          -1.979            4.534
   38 (vir)     1           3.587          -1.061          -1.686          -4.239            5.078
   39 (vir)     1           3.673          -0.943          -1.323          -3.670            5.077
   40 (vir)     1           4.033          -0.785          -1.066          -3.312            5.494
   41 (vir)     1           4.402          -1.546          -2.400          -5.800            6.255
   42 (vir)     1           4.473          -1.292          -2.155          -5.116            6.142
   43 (vir)     1           4.894          -1.657          -2.591          -6.110            6.756
   44 (vir)     1           5.125          -0.771          -0.652          -2.603            6.306
   45 (vir)     1           5.511          -1.411          -2.287          -5.566            7.379
   46 (vir)     1           5.568          -1.317          -1.489          -4.644            7.406
   47 (vir)     1           5.666          -1.332          -1.685          -4.802            7.451
   48 (vir)     1           5.930          -1.098          -0.982          -3.567            7.417
   49 (vir)     1           6.224          -1.617          -2.772          -6.442            8.277
   50 (vir)     1           6.289          -1.878          -3.083          -7.225            8.552
   51 (vir)     1           6.533          -1.258          -1.897          -5.058            8.436
   52 (vir)     1           6.931          -1.347          -1.066          -4.130            8.648
   53 (vir)     1           7.314          -0.826          -0.511          -2.758            8.737
   54 (vir)     1           7.333          -2.054          -3.414          -7.831            9.697
   55 (vir)     1           7.338          -1.270          -1.928          -5.097            9.236
   56 (vir)     1           7.555          -0.484          -0.405          -2.151            8.817
   57 (vir)     1           8.097          -1.891          -1.448          -5.173            9.932
   58 (vir)     1           8.227          -1.144          -1.535          -4.441            9.988
   59 (vir)     1           8.348          -1.329          -0.808          -3.784            9.995
   60 (vir)     1           8.453          -1.614          -2.438          -6.037           10.439
   61 (vir)     1           8.791          -2.702          -1.282          -5.173            9.981
   62 (vir)     1           9.453          -2.574          -3.597          -8.648           11.931
   63 (vir)     1           9.516          -2.604          -2.742          -7.585           11.754
   64 (vir)     1           9.965          -2.680          -3.241          -8.298           12.342
   65 (vir)     1          10.491          -0.830          -1.013          -3.986           12.633
   66 (vir)     1          10.511          -0.684          -1.040          -4.052           12.839
   67 (vir)     1          10.817          -3.075          -3.409          -8.745           13.078
   68 (vir)     1          11.285          -1.253          -1.136          -3.950           12.846
   69 (vir)     1          11.496          -1.987          -1.990          -6.154           13.674
   70 (vir)     1          11.626          -1.265          -1.604          -5.673           14.431
   71 (vir)     1          11.828          -1.770          -1.998          -5.826           13.885
   72 (vir)     1          12.363          -1.996          -2.028          -6.164           14.503
   73 (vir)     1          12.961          -3.795          -1.825          -6.959           14.299
   74 (vir)     1          13.110          -2.632          -2.511          -7.386           15.352
   75 (vir)     1          13.210          -2.848          -2.670          -7.647           15.340
   76 (vir)     1          13.455          -2.258          -2.491          -7.151           15.857
   77 (vir)     1          14.423          -2.711          -2.462          -7.612           16.863
   78 (vir)     1          14.717          -1.938          -1.418          -6.496           17.856
   79 (vir)     1          14.721          -1.787          -1.468          -6.574           18.039
   80 (vir)     1          14.846          -3.948          -3.713         -10.356           17.541
   81 (vir)     1          15.132          -4.517          -4.148         -11.277           17.743
   82 (vir)     1          15.386          -2.448          -1.876          -6.704           17.766
   83 (vir)     1          15.660          -2.973          -2.368          -7.673           17.992
   84 (vir)     1          15.781          -3.966          -3.658         -10.245           18.402
   85 (vir)     1          16.132          -3.444          -1.696          -6.887           17.879
   86 (vir)     1          16.391          -2.569          -1.582          -6.910           19.150
   87 (vir)     1          16.705          -2.956          -1.911          -7.011           18.850
   88 (vir)     1          17.628          -5.406          -4.525         -12.686           20.383
   89 (vir)     1          17.710          -3.188          -2.702          -8.350           20.170
   90 (vir)     1          18.162          -3.273          -1.993          -7.453           20.349
   91 (vir)     1          18.567          -3.421          -2.479          -8.303           20.971
   92 (vir)     1          19.648          -2.698          -1.374          -6.685           22.261
   93 (vir)     1          20.318          -3.124          -1.623          -6.989           22.559
   94 (vir)     1          20.869          -3.335          -1.847          -7.395           23.082
   95 (vir)     1          20.912          -3.706          -1.869          -7.489           22.826
   96 (vir)     1          21.397          -1.353          -1.008          -5.978           25.014
   97 (vir)     1          21.820          -3.793          -1.997          -7.963           23.992
   98 (vir)     1          22.167          -4.040          -1.731          -7.507           23.903
   99 (vir)     1          22.545          -0.726          -0.840          -5.952           26.931
  100 (vir)     1          22.984          -3.552          -1.976          -7.790           25.247
  101 (vir)     1          23.559          -3.394          -1.414          -7.164           25.916
  102 (vir)     1          23.884          -2.262          -1.117          -6.508           27.013
  103 (vir)     1          23.925          -3.895          -2.208          -8.312           26.134
  104 (vir)     1          24.015          -3.770          -2.072          -8.012           26.185
  105 (vir)     1          24.334          -6.211          -1.380          -7.343           24.085
  106 (vir)     1          25.490          -4.078          -1.792          -7.979           27.599
  107 (vir)     1          26.707          -4.880          -2.564          -9.469           28.732
  108 (vir)     1          27.566          -3.567          -1.359          -6.701           29.342
  109 (vir)     1          27.859          -3.085          -2.470          -9.101           31.404
  110 (vir)     1          27.966          -3.998          -1.158          -6.341           29.151
  111 (vir)     1          28.769          -0.616          -2.273          -9.296           35.176
  112 (vir)     1          28.897          -3.910          -2.543          -9.744           32.188
  113 (vir)     1          29.026          -4.375          -1.829          -7.992           30.814
  114 (vir)     1          29.656          -4.616          -1.933          -8.209           31.316
  115 (vir)     1          30.026          -4.403          -2.024          -8.397           31.997
  116 (vir)     1          30.254          -4.981          -1.436          -7.387           31.224
  117 (vir)     1          30.422          -7.019          -2.331          -9.011           30.084
  118 (vir)     1          30.737          -1.332          -1.863          -8.242           35.784
  119 (vir)     1          31.380           3.762          -1.912          -8.847           42.077
  120 (vir)     1          31.574          -5.838          -2.078          -8.855           32.512
  121 (vir)     1          34.847          -8.984          -2.307         -11.154           34.710
  122 (vir)     1          35.377           0.864          -2.875         -10.718           44.085
  123 (vir)     1          35.566          -8.236          -1.975          -9.089           34.444
  124 (vir)     1          35.659          -4.631          -1.462          -7.686           37.252
  125 (vir)     1          37.497          -6.959          -2.359          -9.338           37.516
  126 (vir)     1          38.120          -7.383          -1.804          -9.557           38.491
  127 (vir)     1          38.528          -6.438          -1.913          -9.113           39.290
  128 (vir)     1          38.870          -6.933          -3.245         -11.792           40.484
  129 (vir)     1          39.614          -3.783          -1.707          -8.675           42.799
  130 (vir)     1          41.081          -9.380          -3.087         -11.863           40.477
  131 (vir)     1          42.274          -8.307          -1.946          -9.323           41.343
  132 (vir)     1          42.803          -8.604          -2.535         -11.185           42.848
  133 (vir)     1          43.194         -10.503          -3.179         -12.577           42.090
  134 (vir)     1          43.593          -9.999          -2.254         -10.047           41.386
  135 (vir)     1          45.276           3.864          -2.713         -11.376           57.803
  136 (vir)     1          46.238           0.836          -2.637         -11.041           55.479
  137 (vir)     1          46.307           1.796          -2.834         -11.583           56.853
  138 (vir)     1          48.019          -9.331          -2.443         -10.969           47.215
  139 (vir)     1          48.650           3.819          -2.842         -11.600           61.227
  140 (vir)     1          48.764          -2.801          -2.988         -11.970           54.945
  141 (vir)     1          49.874         -11.516          -2.616         -11.714           47.457
  142 (vir)     1          50.951           3.404          -1.838         -10.165           62.681
  143 (vir)     1          52.122           2.652          -2.238         -11.136           63.672
  144 (vir)     1          52.890           3.980          -3.375         -13.473           66.969
  145 (vir)     1          54.535           5.051          -3.276         -13.075           69.385
  146 (vir)     1          54.591           1.863          -2.985         -12.947           66.416
  147 (vir)     1          55.213         -10.738          -2.985         -12.947           54.437
  148 (vir)     1          55.469         -10.183          -2.739         -12.815           55.362
  149 (vir)     1          55.923           3.156          -2.593         -12.329           68.814
  150 (vir)     1          58.244           2.114          -2.435         -12.238           70.160
  151 (vir)     1          58.265           1.913          -2.663         -12.892           70.407
  152 (vir)     1          59.105           0.759          -1.972         -11.381           69.274
  153 (vir)     1          59.452           2.313          -2.853         -13.070           71.982
  154 (vir)     1          59.790           3.400          -2.993         -13.579           73.775
  155 (vir)     1          60.312           1.263          -2.362         -12.414           71.627
  156 (vir)     1          60.471           3.171          -2.865         -13.609           74.386
  157 (vir)     1          61.125           3.237          -2.104         -11.832           74.091
  158 (vir)     1          63.206           3.265          -2.411         -12.784           76.843
  159 (vir)     1          63.510           0.359          -2.370         -13.177           74.677
  160 (vir)     1          63.590           4.177          -1.975         -11.772           77.565
  161 (vir)     1          65.026           3.057          -2.502         -13.273           78.854
  162 (vir)     1          65.503           2.178          -2.543         -13.453           78.591
  163 (vir)     1          65.649          -2.328          -2.619         -12.990           73.692
  164 (vir)     1          66.048           4.745          -2.911         -14.232           82.114
  165 (vir)     1          67.667           3.754          -2.348         -12.916           81.990
  166 (vir)     1          68.149           2.981          -2.506         -13.985           82.608
  167 (vir)     1          68.889           2.485          -2.342         -13.744           82.776
  168 (vir)     1          69.438           4.600          -2.443         -13.539           85.134
  169 (vir)     1          69.807           3.673          -2.607         -13.865           84.738
  170 (vir)     1          70.039           4.406          -2.588         -13.748           85.605
  171 (vir)     1          71.150           4.367          -1.801         -12.638           86.354
  172 (vir)     1          71.449           3.931          -2.186         -13.259           86.454
  173 (vir)     1          71.889           3.804          -1.654         -12.195           86.233
  174 (vir)     1          71.975           4.244          -2.014         -13.193           87.398
  175 (vir)     1          72.807           4.401          -2.691         -13.927           88.443
  176 (vir)     1          74.746           4.138          -2.052         -13.543           90.376
  177 (vir)     1          75.163           3.087          -2.470         -13.899           89.680
  178 (vir)     1          75.687           3.831          -1.827         -12.889           90.580
  179 (vir)     1          76.230           3.729          -1.894         -12.188           90.253
  180 (vir)     1          77.109           3.409          -2.104         -13.045           91.459
  181 (vir)     1          77.671           3.772          -2.005         -13.494           92.931
  182 (vir)     1          78.901           3.570          -2.308         -13.556           93.719
  183 (vir)     1          79.012           5.000          -2.219         -14.477           96.270
  184 (vir)     1          80.527           3.508          -2.704         -14.512           95.842
  185 (vir)     1          82.126           3.531          -2.203         -13.732           97.186
  186 (vir)     1          83.370           4.475          -2.377         -14.668          100.136
  187 (vir)     1          84.970           3.707          -2.172         -13.992          100.498
  188 (vir)     1          85.469           1.517          -2.013         -13.334           98.306
  189 (vir)     1          85.568           3.332          -2.646         -14.754          101.008
  190 (vir)     1          86.795           2.604          -1.987         -13.602          101.014
  191 (vir)     1          88.372           2.745          -2.052         -13.498          102.564
  192 (vir)     1          89.729           3.653          -2.570         -16.035          106.848
  193 (vir)     1          89.929           2.790          -2.458         -14.812          105.073
  194 (vir)     1          91.533           2.952          -2.635         -15.424          107.275
  195 (vir)     1          92.027           2.698          -1.991         -13.577          106.311
  196 (vir)     1          92.041           1.918          -2.169         -14.517          106.307
  197 (vir)     1          95.786           2.994          -2.720         -15.767          111.827
  198 (vir)     1          95.820           1.844          -1.644         -13.147          109.168
  199 (vir)     1          99.236           2.850          -1.987         -14.215          114.314
  200 (vir)     1         100.660           2.847          -2.446         -15.405          116.467
  201 (vir)     1         103.071           2.577          -2.151         -14.760          118.257
  202 (vir)     1         106.933           2.912          -2.386         -15.931          123.389
  203 (vir)     1         109.544           3.100          -2.239         -15.589          125.995
  204 (vir)     1         109.738           2.419          -2.147         -15.012          125.022
  205 (vir)     1         119.455           2.361          -2.326         -16.194          135.684
  206 (vir)     1         126.267           1.842          -1.841         -14.793          141.061
  207 (vir)     1         127.834           1.569          -1.424         -13.848          141.827
  208 (vir)     1         130.520           2.399          -2.366         -17.080          147.633
  209 (vir)     1         153.766           2.695          -1.813         -16.164          170.812
  210 (vir)     1         162.580           2.918          -1.676         -15.921          179.744
  211 (vir)     1         163.430           2.879          -1.660         -15.898          180.547
  212 (vir)     1         166.037           2.783          -1.590         -15.762          182.992
  213 (vir)     1         166.123           2.734          -1.591         -15.830          183.095
  214 (vir)     1         209.817           5.809          -0.991         -14.040          228.675
  215 (vir)     1         229.439           5.667          -1.304         -16.050          249.853
  216 (vir)     1         241.486          -2.037          -0.648         -13.443          252.243
  217 (vir)     1         241.864         -12.549          -0.679         -13.579          242.215
  218 (vir)     1         243.687          -0.838          -0.662         -13.606          255.794
  219 (vir)     1         244.246           1.006          -0.665         -13.625          258.212
 
