 
  kpoint:       1             coordinate:     0.0000    0.0000    0.0000                  spin:  1
 
    n           k   ϵ_nk^DFT (eV)     Σ^c_nk (eV)     Σ^x_nk (eV)    v_nk^xc (eV)   ϵ_nk^G0W0 (eV)
 
    1 (occ)     1         -34.452          11.230         -33.888         -21.023          -36.087
    2 (occ)     1         -27.541           9.894         -32.280         -21.163          -28.764
    3 (occ)     1         -19.283           6.639         -30.641         -20.506          -22.779
    4 (occ)     1         -14.842           3.680         -25.065         -18.948          -17.279
    5 (occ)     1         -14.601           3.105         -27.251         -20.416          -18.331
    6 (occ)     1         -14.370           4.280         -27.300         -19.752          -17.639
    7 (occ)     1          -9.055           0.027         -22.902         -19.188          -12.742
    8 (occ)     1          -8.007           3.059         -26.887         -20.129          -11.707
    9 (occ)     1          -7.821           2.677         -26.491         -20.043          -11.592
   10 (vir)     1          -6.022          -0.602         -15.136         -20.208           -1.552
   11 (vir)     1           0.279          -3.367         -11.999         -19.925            4.837
   12 (vir)     1           2.497          -3.652         -11.306         -19.313            6.853
   13 (vir)     1           9.294          -2.642          -4.316         -10.613           12.949
   14 (vir)     1           9.310          -2.108          -3.673          -9.563           13.093
   15 (vir)     1          11.693          -3.273          -4.290         -11.576           15.706
   16 (vir)     1          13.603          -2.251          -5.403         -12.380           18.328
   17 (vir)     1          14.865          -2.399          -4.431         -11.282           19.318
   18 (vir)     1          15.764          -1.385          -3.896         -11.340           21.823
   19 (vir)     1          15.856          -2.442          -3.781         -10.315           19.949
   20 (vir)     1          17.471          -3.401          -3.276         -10.502           21.296
   21 (vir)     1          19.360          -2.524          -3.846         -10.742           23.731
   22 (vir)     1          19.668          -2.691          -4.467         -11.341           23.852
   23 (vir)     1          26.870          -4.656          -5.565         -13.854           30.503
   24 (vir)     1          27.212          -2.184          -5.981         -14.082           33.129
   25 (vir)     1          28.483           0.405          -6.169         -14.812           37.530
   26 (vir)     1          34.099           1.939          -6.006         -15.090           45.121
   27 (vir)     1          34.383           2.042          -5.238         -14.049           45.236
   28 (vir)     1          38.055           1.410          -5.481         -14.558           48.542
   29 (vir)     1          38.665           2.824          -5.360         -14.678           50.807
   30 (vir)     1          41.867           3.413          -4.939         -14.604           54.945
   31 (vir)     1          43.945           3.478          -4.773         -14.801           57.451
   32 (vir)     1          48.521           1.774          -5.180         -15.158           60.273
   33 (vir)     1          51.710           1.529          -3.778         -13.188           62.648
   34 (vir)     1          52.740           2.669          -4.290         -14.292           65.412
   35 (vir)     1          56.405           1.504          -5.833         -17.485           69.561
   36 (vir)     1          58.093           3.372          -4.302         -15.092           72.255
   37 (vir)     1          61.298           2.203          -6.175         -18.549           75.874
   38 (vir)     1          62.325           2.310          -4.270         -15.574           75.940
   39 (vir)     1          68.155           2.196          -4.817         -16.307           81.841
   40 (vir)     1          75.258           1.574          -3.821         -14.648           87.659
   41 (vir)     1          93.685         -12.180          -1.973         -12.783           92.316
   42 (vir)     1         100.338           2.825          -2.877         -15.133          115.418
   43 (vir)     1         106.083           3.585          -3.280         -16.991          123.379
   44 (vir)     1         116.925           2.673          -2.823         -16.608          133.382
   45 (vir)     1         118.383           3.381          -3.325         -18.088          136.527
   46 (vir)     1         118.599           2.750          -3.230         -17.465          135.584
   47 (vir)     1         125.362           2.746          -3.429         -18.988          143.668
   48 (vir)     1         125.511           2.129          -3.756         -18.907          142.790
   49 (vir)     1         125.581           2.210          -3.720         -18.980          143.052
   50 (vir)     1         168.595           1.312          -5.347         -22.967          187.526
   51 (vir)     1         168.856           0.899          -5.255         -22.809          187.310
   52 (vir)     1         171.393           1.158          -5.259         -23.054          190.346
   53 (vir)     1         172.666           0.926          -5.561         -23.233          191.264
   54 (vir)     1         173.911           0.976          -5.172         -23.018          192.732
   55 (vir)     1         174.146           1.375          -5.319         -23.175          193.376
   56 (vir)     1         174.608           1.052          -5.027         -23.084          193.717
   57 (vir)     1         175.122           1.199          -5.026         -23.047          194.342
   58 (vir)     1         175.264           1.973          -4.634         -22.384          194.987
   59 (vir)     1         178.026           1.056          -4.740         -22.532          196.874
   60 (vir)     1         179.441           1.241          -4.778         -22.789          198.693
   61 (vir)     1         179.706           1.275          -5.054         -22.817          198.743
   62 (vir)     1         180.008           1.284          -5.188         -23.301          199.405
   63 (vir)     1         183.712           1.420          -4.754         -22.590          202.967
   64 (vir)     1         184.477           1.470          -4.582         -22.079          203.445
   65 (vir)     1         195.883           1.157          -3.065         -18.227          212.202
   66 (vir)     1         196.622          -0.468          -3.138         -18.428          211.444
   67 (vir)     1         198.935           1.172          -3.326         -18.995          215.776
   68 (vir)     1         200.019           1.601          -3.276         -18.973          217.318
   69 (vir)     1         204.038           0.832          -3.309         -19.503          221.065
   70 (vir)     1         205.863           0.998          -3.415         -19.327          222.773
   71 (vir)     1         209.403           0.826          -3.198         -19.497          226.529
   72 (vir)     1         214.555           0.808          -3.502         -20.737          232.598
   73 (vir)     1         226.049           0.188          -3.525         -20.825          243.537
   74 (vir)     1         226.177           1.336          -3.458         -20.837          244.891
   75 (vir)     1         228.151           0.635          -3.447         -20.842          246.182
   76 (vir)     1         228.773           0.598          -3.343         -20.777          246.805
   77 (vir)     1         234.739           0.966          -3.145         -20.556          253.116
   78 (vir)     1         237.538          -0.662          -3.590         -21.587          254.873
   79 (vir)     1         237.859           0.875          -3.175         -20.295          255.855
   80 (vir)     1         238.219           0.801          -3.581         -21.643          257.082
   81 (vir)     1         240.590           1.347          -3.702         -22.083          260.319
   82 (vir)     1         242.011           0.184          -3.543         -21.692          260.345
   83 (vir)     1         244.906           0.962          -3.406         -21.860          264.322
   84 (vir)     1         245.246           1.712          -3.569         -22.186          265.574
   85 (vir)     1         246.160           0.185          -3.576         -22.004          264.773
   86 (vir)     1         246.296           2.231          -2.872         -18.888          264.543
   87 (vir)     1         248.083           0.640          -3.471         -21.953          267.205
 
