 
  kpoint:       1             coordinate:     0.0000    0.0000    0.0000                  spin:  1
 
    n           k   ϵ_nk^DFT (eV)     Σ^c_nk (eV)     Σ^x_nk (eV)    v_nk^xc (eV)   ϵ_nk^G0W0 (eV)
 
    1 (occ)     1         -16.152           4.622         -18.887         -12.118          -18.299
    2 (occ)     1          -8.935           0.771         -15.662         -11.458          -12.369
    3 (occ)     1          -8.935           0.771         -15.662         -11.458          -12.369
    4 (occ)     1          -6.732           0.276         -13.888         -10.467           -9.877
    5 (vir)     1          -0.616          -0.715          -1.375          -4.019            1.313
    6 (vir)     1          -0.135          -1.250          -3.936          -8.136            2.815
    7 (vir)     1          -0.135          -1.250          -3.936          -8.136            2.815
    8 (vir)     1           1.538          -0.334          -0.515          -2.018            2.706
    9 (vir)     1           1.538          -0.334          -0.515          -2.018            2.706
   10 (vir)     1           1.970          -0.568          -1.124          -3.459            3.736
   11 (vir)     1           2.490          -0.863          -1.378          -4.491            4.741
   12 (vir)     1           2.490          -0.863          -1.378          -4.491            4.741
   13 (vir)     1           3.272          -0.848          -1.360          -4.162            5.226
   14 (vir)     1           3.478          -0.901          -1.608          -4.605            5.573
   15 (vir)     1           5.566          -0.883          -0.826          -3.505            7.362
   16 (vir)     1           5.566          -0.883          -0.826          -3.505            7.362
   17 (vir)     1           6.745          -0.713          -1.015          -3.812            8.829
   18 (vir)     1           6.746          -0.713          -1.015          -3.812            8.829
   19 (vir)     1           7.663          -1.449          -1.724          -5.736           10.226
   20 (vir)     1           7.795          -1.298          -1.334          -5.093           10.256
   21 (vir)     1           7.796          -1.298          -1.334          -5.093           10.256
   22 (vir)     1           8.476          -1.486          -0.949          -4.995           11.036
   23 (vir)     1           9.763          -2.337          -1.785          -6.462           12.103
   24 (vir)     1          10.083          -1.964          -1.756          -6.289           12.652
   25 (vir)     1          10.083          -1.964          -1.756          -6.289           12.652
   26 (vir)     1          11.280          -1.846          -0.891          -5.478           14.022
   27 (vir)     1          11.652          -2.667          -1.338          -6.346           13.994
   28 (vir)     1          11.652          -2.666          -1.338          -6.347           13.995
   29 (vir)     1          11.698          -1.878          -1.805          -6.655           14.671
   30 (vir)     1          13.901          -2.682          -2.493          -8.259           16.984
   31 (vir)     1          14.188          -2.565          -1.511          -6.419           16.530
   32 (vir)     1          14.188          -2.566          -1.511          -6.419           16.529
   33 (vir)     1          15.444          -1.963          -0.758          -4.996           17.719
   34 (vir)     1          15.444          -1.962          -0.758          -4.996           17.720
   35 (vir)     1          15.661          -2.478          -1.809          -7.031           18.405
   36 (vir)     1          15.661          -2.479          -1.809          -7.031           18.405
   37 (vir)     1          16.536          -1.477          -0.699          -5.275           19.635
   38 (vir)     1          21.890          -1.263          -1.810          -8.323           27.140
   39 (vir)     1          28.280           0.410          -2.269         -10.187           36.609
   40 (vir)     1          28.281           0.410          -2.269         -10.187           36.609
   41 (vir)     1          42.578           2.377          -1.784          -9.938           53.110
   42 (vir)     1          45.710           2.678          -1.883         -10.295           56.800
   43 (vir)     1          45.711           2.674          -1.883         -10.295           56.795
   44 (vir)     1          48.773           2.139          -1.837         -10.604           59.678
   45 (vir)     1          48.833           2.508          -2.125         -11.035           60.251
   46 (vir)     1          49.981           2.266          -1.658         -10.439           61.028
   47 (vir)     1          49.983           2.264          -1.658         -10.439           61.028
   48 (vir)     1          58.675           1.689          -1.944         -11.159           69.579
   49 (vir)     1          58.676           1.688          -1.943         -11.159           69.580
   50 (vir)     1          78.579           4.845          -0.938          -9.439           91.924
   51 (vir)     1          80.385           5.035          -0.842          -9.366           93.944
   52 (vir)     1          80.385           5.030          -0.843          -9.366           93.937
   53 (vir)     1         102.483           5.559          -0.662          -7.588          114.968
   54 (vir)     1         140.898           1.943          -1.757         -15.718          156.803
   55 (vir)     1         140.898           1.944          -1.756         -15.718          156.804
   56 (vir)     1         140.910           2.022          -1.722         -15.705          156.913
 
