 
  kpoint:       1             coordinate:     0.0000    0.0000    0.0000                  spin:  1
 
    n           k   ϵ_nk^DFT (eV)     Σ^c_nk (eV)     Σ^x_nk (eV)    v_nk^xc (eV)   ϵ_nk^G0W0 (eV)
 
    1 (occ)     1         -28.304          10.085         -31.785         -19.671          -30.333
    2 (occ)     1         -25.975           9.563         -32.442         -20.677          -28.177
    3 (occ)     1         -16.766           3.363         -24.628         -17.255          -20.776
    4 (occ)     1         -12.999           2.560         -23.208         -16.820          -16.827
    5 (occ)     1         -12.052           3.890         -26.745         -19.059          -15.849
    6 (occ)     1         -11.251           2.527         -22.537         -16.652          -14.609
    7 (occ)     1          -9.977           2.577         -25.328         -18.783          -13.946
    8 (occ)     1          -8.219           1.781         -24.332         -19.056          -11.714
    9 (occ)     1          -6.927           2.344         -24.721         -18.818          -10.486
   10 (vir)     1          -1.518          -2.101          -9.244         -15.141            2.278
   11 (vir)     1          -0.463          -0.750          -2.143          -4.956            1.600
   12 (vir)     1           0.165          -0.498          -1.038          -3.124            1.753
   13 (vir)     1           0.872          -0.297          -0.447          -1.980            2.108
   14 (vir)     1           0.916          -0.324          -0.811          -2.556            2.336
   15 (vir)     1           1.772          -0.450          -1.025          -3.011            3.308
   16 (vir)     1           1.862          -0.191          -0.334          -1.645            2.981
   17 (vir)     1           2.300          -0.182          -0.381          -1.651            3.388
   18 (vir)     1           2.357          -0.179          -0.346          -1.507            3.340
   19 (vir)     1           2.362          -0.227          -0.457          -1.790            3.468
   20 (vir)     1           3.065          -0.762          -1.793          -4.336            4.847
   21 (vir)     1           3.698          -1.214          -2.794          -6.234            5.924
   22 (vir)     1           5.096          -1.293          -3.230          -7.287            7.861
   23 (vir)     1           6.107          -1.238          -2.557          -6.378            8.690
   24 (vir)     1           6.399          -0.837          -1.592          -4.884            8.854
   25 (vir)     1           6.863          -1.246          -1.383          -5.077            9.310
   26 (vir)     1           7.133          -2.059          -4.954         -10.363           10.483
   27 (vir)     1           8.964          -0.938          -2.078          -5.340           11.288
   28 (vir)     1           9.450          -1.240          -1.899          -5.963           12.273
   29 (vir)     1           9.861          -1.844          -3.163          -8.174           13.028
   30 (vir)     1          11.339          -1.690          -2.609          -7.171           14.212
   31 (vir)     1          12.133          -1.927          -2.855          -7.721           15.072
   32 (vir)     1          12.737          -1.729          -1.776          -6.144           15.375
   33 (vir)     1          13.625          -1.156          -1.281          -5.136           16.324
   34 (vir)     1          13.701          -2.035          -2.722          -7.928           16.872
   35 (vir)     1          14.638          -3.560          -4.706         -11.798           18.170
   36 (vir)     1          15.245          -2.071          -2.388          -7.431           18.217
   37 (vir)     1          15.273          -0.971          -1.016          -4.956           18.242
   38 (vir)     1          16.267          -1.631          -1.735          -6.348           19.249
   39 (vir)     1          18.052          -3.133          -3.807         -10.369           21.481
   40 (vir)     1          19.984          -2.956          -3.187          -9.361           23.202
   41 (vir)     1          20.364          -3.925          -3.246         -10.020           23.214
   42 (vir)     1          21.250          -3.902          -4.083         -11.226           24.491
   43 (vir)     1          21.838          -3.995          -3.442         -10.340           24.742
   44 (vir)     1          23.760          -3.563          -3.414         -10.282           27.065
   45 (vir)     1          27.669          -6.422          -4.006         -12.070           29.312
   46 (vir)     1          30.243          -4.087          -3.698         -11.001           33.460
   47 (vir)     1          31.879           2.759          -4.953         -13.442           43.126
   48 (vir)     1          32.244          -7.926          -3.250         -11.711           32.779
   49 (vir)     1          33.765          -6.390          -4.305         -12.884           35.954
   50 (vir)     1          37.137          -7.356          -4.562         -13.128           38.347
   51 (vir)     1          37.587          -8.774          -4.155         -12.539           37.197
   52 (vir)     1          41.828         -12.742          -5.234         -15.116           38.967
   53 (vir)     1          43.912           3.138          -4.854         -13.753           55.949
   54 (vir)     1          43.940          -8.898          -4.901         -14.115           44.256
   55 (vir)     1          45.724           4.586          -3.661         -12.870           59.519
   56 (vir)     1          47.882           3.580          -4.250         -14.185           61.397
   57 (vir)     1          50.452           3.524          -3.366         -12.316           62.926
   58 (vir)     1          51.778           4.081          -3.657         -13.165           65.368
   59 (vir)     1          54.426           2.397          -3.671         -13.495           66.646
   60 (vir)     1          56.732           3.390          -3.897         -14.945           71.171
   61 (vir)     1          58.642           3.194          -4.006         -14.490           72.321
   62 (vir)     1          59.745           3.424          -2.761         -12.863           73.271
   63 (vir)     1          60.302           3.591          -2.840         -12.899           73.952
   64 (vir)     1          64.009           2.786          -3.454         -14.478           77.820
   65 (vir)     1          65.727           2.683          -3.827         -14.425           79.008
   66 (vir)     1          67.221           3.136          -4.372         -16.240           82.226
   67 (vir)     1          69.523           2.643          -3.435         -15.040           83.770
   68 (vir)     1          74.094           3.047          -2.835         -13.549           87.855
   69 (vir)     1          79.946           2.934          -3.612         -16.096           95.363
   70 (vir)     1          88.101           2.737          -3.549         -16.579          103.869
   71 (vir)     1         123.142           2.961          -2.874         -15.875          139.104
   72 (vir)     1         124.914           3.813          -3.340         -18.470          143.856
   73 (vir)     1         125.929           3.624          -3.707         -19.259          145.105
   74 (vir)     1         126.364           3.746          -3.783         -19.380          145.708
   75 (vir)     1         127.611           3.801          -3.446         -18.463          146.428
   76 (vir)     1         132.858           4.044          -3.415         -18.925          152.411
   77 (vir)     1         140.639           3.186          -2.711         -16.491          157.604
   78 (vir)     1         146.389           3.349          -2.425         -17.567          164.880
   79 (vir)     1         158.336           2.217          -1.872         -16.059          174.740
   80 (vir)     1         174.985           1.606          -5.326         -23.117          194.382
   81 (vir)     1         176.311           1.411          -5.380         -23.346          195.688
   82 (vir)     1         177.791           1.556          -5.320         -23.273          197.300
   83 (vir)     1         177.965           1.448          -5.371         -23.308          197.351
   84 (vir)     1         179.410           1.671          -5.228         -23.310          199.164
   85 (vir)     1         180.997           1.971          -5.118         -22.996          200.846
   86 (vir)     1         181.079           1.799          -5.008         -22.936          200.807
   87 (vir)     1         183.860           1.733          -5.314         -23.424          203.702
   88 (vir)     1         185.609           1.946          -4.884         -22.825          205.496
   89 (vir)     1         188.727           1.887          -4.827         -22.855          208.642
   90 (vir)     1         222.697           1.506          -3.260         -19.869          240.813
   91 (vir)     1         224.442           1.112          -3.523         -20.847          242.877
   92 (vir)     1         226.880           1.308          -3.621         -21.001          245.568
   93 (vir)     1         227.327           1.133          -3.518         -21.039          245.981
   94 (vir)     1         229.264           1.277          -3.430         -20.661          247.772
   95 (vir)     1         231.448           1.206          -3.629         -21.355          250.380
   96 (vir)     1         231.497           1.360          -3.573         -21.263          250.547
   97 (vir)     1         234.259           1.100          -3.551         -21.324          253.132
   98 (vir)     1         234.890           1.047          -3.666         -21.619          253.891
   99 (vir)     1         235.057           1.155          -3.623         -21.638          254.226
  100 (vir)     1         237.291           1.244          -3.596         -21.542          256.481
  101 (vir)     1         239.029           0.926          -3.647         -21.805          258.113
  102 (vir)     1         239.300           1.043          -3.655         -21.845          258.533
  103 (vir)     1         241.558           1.512          -3.421         -21.018          260.667
  104 (vir)     1         243.983           1.798          -3.340         -20.762          263.203
  105 (vir)     1         256.788           2.598          -2.203         -17.636          274.820
 
