 
  kpoint:       1             coordinate:     0.0000    0.0000    0.0000                  spin:  1
 
    n           k   ϵ_nk^DFT (eV)     Σ^c_nk (eV)     Σ^x_nk (eV)    v_nk^xc (eV)   ϵ_nk^G0W0 (eV)
 
    1 (occ)     1         -20.784           7.332         -24.956         -15.287          -23.121
    2 (occ)     1         -19.380           6.636         -24.697         -15.513          -21.928
    3 (occ)     1         -19.359           6.630         -24.687         -15.509          -21.908
    4 (occ)     1         -17.242           5.573         -24.211         -15.782          -20.098
    5 (occ)     1         -16.277           4.891         -22.801         -15.125          -19.062
    6 (occ)     1         -13.934           3.835         -22.113         -15.338          -16.875
    7 (occ)     1         -13.889           3.819         -22.074         -15.316          -16.829
    8 (occ)     1         -12.461           2.926         -19.979         -14.047          -15.467
    9 (occ)     1         -11.150           2.495         -20.115         -14.587          -14.183
   10 (occ)     1         -11.130           2.489         -20.113         -14.598          -14.156
   11 (occ)     1         -11.058           2.736         -21.602         -16.236          -13.688
   12 (occ)     1         -11.001           2.614         -20.384         -14.534          -14.237
   13 (occ)     1         -10.437           2.693         -19.532         -14.318          -12.959
   14 (occ)     1          -8.797           1.871         -19.859         -15.187          -11.598
   15 (occ)     1          -8.753           1.860         -19.815         -15.167          -11.541
   16 (occ)     1          -7.944           1.528         -19.358         -14.909          -10.866
   17 (occ)     1          -7.597           1.443         -17.487         -13.471          -10.171
   18 (occ)     1          -6.688           0.752         -16.589         -13.419           -9.106
   19 (occ)     1          -6.682           0.745         -16.573         -13.412           -9.099
   20 (occ)     1          -5.287           0.095         -15.710         -13.188           -7.715
   21 (vir)     1          -2.300          -2.304          -7.873         -12.870            0.393
   22 (vir)     1          -0.643          -2.295          -5.710         -10.377            1.729
   23 (vir)     1          -0.628          -2.276          -5.631         -10.265            1.730
   24 (vir)     1          -0.368          -0.894          -1.298          -3.628            1.067
   25 (vir)     1           0.116          -1.050          -1.803          -4.282            1.544
   26 (vir)     1           0.120          -1.074          -1.869          -4.389            1.566
   27 (vir)     1           0.312          -0.720          -0.840          -2.797            1.549
   28 (vir)     1           0.681          -1.110          -1.871          -4.397            2.097
   29 (vir)     1           0.912          -0.582          -0.535          -2.149            1.945
   30 (vir)     1           0.914          -0.702          -0.789          -2.659            2.083
   31 (vir)     1           0.915          -0.685          -0.756          -2.591            2.065
   32 (vir)     1           1.056          -2.826          -4.982         -10.130            3.378
   33 (vir)     1           1.083          -0.707          -0.811          -2.720            2.284
   34 (vir)     1           1.688          -0.705          -0.776          -2.640            2.848
   35 (vir)     1           1.760          -0.618          -0.649          -2.313            2.805
   36 (vir)     1           1.761          -0.617          -0.645          -2.306            2.805
   37 (vir)     1           1.865          -0.618          -0.538          -2.251            2.960
   38 (vir)     1           2.285          -0.601          -0.585          -2.361            3.460
   39 (vir)     1           2.355          -0.579          -0.638          -2.198            3.336
   40 (vir)     1           2.360          -0.580          -0.638          -2.198            3.340
   41 (vir)     1           2.987          -0.881          -1.294          -3.469            4.282
   42 (vir)     1           3.026          -0.803          -1.088          -3.022            4.156
   43 (vir)     1           3.052          -0.389          -0.251          -1.412            3.824
   44 (vir)     1           3.112          -0.950          -1.195          -3.394            4.360
   45 (vir)     1           3.120          -0.939          -1.170          -3.350            4.362
   46 (vir)     1           3.420          -0.839          -1.011          -3.115            4.684
   47 (vir)     1           3.426          -0.831          -0.992          -3.081            4.684
   48 (vir)     1           3.661          -0.483          -0.460          -1.811            4.529
   49 (vir)     1           3.772          -1.689          -3.199          -6.909            5.793
   50 (vir)     1           4.047          -1.278          -1.848          -4.752            5.672
   51 (vir)     1           4.067          -0.869          -1.061          -3.182            5.318
   52 (vir)     1           4.298          -1.266          -1.584          -4.299            5.747
   53 (vir)     1           4.353          -1.675          -2.330          -5.740            6.088
   54 (vir)     1           4.358          -1.663          -2.307          -5.703            6.090
   55 (vir)     1           4.632          -1.975          -3.902          -7.983            6.737
   56 (vir)     1           4.778          -1.738          -2.348          -5.802            6.494
   57 (vir)     1           4.800          -1.183          -1.624          -4.402            6.394
   58 (vir)     1           4.814          -1.164          -1.599          -4.353            6.403
   59 (vir)     1           5.587          -0.965          -1.040          -3.389            6.971
   60 (vir)     1           5.608          -0.959          -1.016          -3.357            6.992
   61 (vir)     1           5.821          -1.276          -1.442          -4.441            7.543
   62 (vir)     1           5.907          -1.298          -1.303          -4.286            7.592
   63 (vir)     1           6.311          -1.310          -1.169          -4.213            8.045
   64 (vir)     1           6.391          -0.962          -0.869          -3.422            7.982
   65 (vir)     1           6.579          -1.593          -2.037          -5.486            8.435
   66 (vir)     1           6.586          -1.592          -2.034          -5.483            8.443
   67 (vir)     1           6.656          -1.434          -1.410          -4.532            8.344
   68 (vir)     1           7.050          -1.359          -1.220          -4.267            8.738
   69 (vir)     1           7.055          -1.337          -1.198          -4.215            8.734
   70 (vir)     1           7.609          -1.414          -1.618          -4.876            9.453
   71 (vir)     1           7.705          -1.350          -1.476          -4.552            9.431
   72 (vir)     1           7.736          -1.341          -1.473          -4.536            9.459
   73 (vir)     1           8.190          -1.065          -0.907          -3.667            9.886
   74 (vir)     1           8.208          -1.799          -1.152          -4.663            9.920
   75 (vir)     1           8.365          -1.880          -1.918          -5.729           10.296
   76 (vir)     1           8.401          -1.871          -1.928          -5.736           10.339
   77 (vir)     1           8.526          -2.964          -3.337          -8.495           10.720
   78 (vir)     1           8.555          -3.024          -3.440          -8.676           10.768
   79 (vir)     1           8.913          -2.297          -1.417          -5.463           10.662
   80 (vir)     1           9.307          -2.164          -3.002          -7.379           11.520
   81 (vir)     1           9.334          -2.195          -2.223          -6.433           11.349
   82 (vir)     1           9.521          -2.719          -3.813          -8.887           11.875
   83 (vir)     1           9.662          -2.245          -2.653          -6.985           11.749
   84 (vir)     1           9.677          -1.570          -1.161          -4.677           11.623
   85 (vir)     1           9.694          -2.233          -2.626          -6.950           11.784
   86 (vir)     1          10.107          -1.908          -1.467          -5.273           12.005
   87 (vir)     1          10.144          -1.913          -1.465          -5.280           12.047
   88 (vir)     1          10.670          -3.826          -4.190         -10.256           12.910
   89 (vir)     1          11.195          -2.246          -2.033          -6.355           13.271
   90 (vir)     1          11.922          -1.580          -1.098          -4.353           13.598
   91 (vir)     1          11.939          -1.549          -1.066          -4.293           13.616
   92 (vir)     1          12.144          -2.820          -2.473          -7.312           14.164
   93 (vir)     1          12.196          -3.010          -1.780          -6.608           14.014
   94 (vir)     1          12.283          -1.721          -1.242          -4.944           14.264
   95 (vir)     1          12.608          -2.584          -2.619          -7.436           14.840
   96 (vir)     1          12.651          -2.609          -2.649          -7.495           14.888
   97 (vir)     1          13.239          -2.683          -2.379          -7.160           15.338
   98 (vir)     1          13.272          -2.687          -2.363          -7.142           15.364
   99 (vir)     1          13.433          -3.934          -2.247          -7.632           14.884
  100 (vir)     1          13.956          -2.659          -2.108          -7.067           16.256
  101 (vir)     1          14.057          -3.551          -2.847          -8.624           16.283
  102 (vir)     1          14.534          -2.733          -2.171          -7.083           16.712
  103 (vir)     1          14.887          -3.186          -2.471          -7.835           17.065
  104 (vir)     1          15.267          -4.335          -3.554         -10.341           17.719
  105 (vir)     1          15.280          -4.337          -3.558         -10.348           17.733
  106 (vir)     1          15.394          -2.617          -1.720          -6.692           17.749
  107 (vir)     1          15.646          -2.475          -1.641          -6.369           17.900
  108 (vir)     1          16.091          -5.137          -4.155         -11.945           18.744
  109 (vir)     1          16.153          -4.252          -2.913          -9.362           18.350
  110 (vir)     1          16.170          -4.201          -2.909          -9.348           18.408
  111 (vir)     1          16.283          -3.188          -1.972          -7.307           18.430
  112 (vir)     1          16.653          -3.359          -2.674          -8.467           19.087
  113 (vir)     1          17.035          -3.183          -1.655          -6.894           19.091
  114 (vir)     1          17.065          -3.198          -1.659          -6.910           19.118
  115 (vir)     1          18.007          -3.196          -1.547          -6.451           19.714
  116 (vir)     1          18.196          -2.399          -1.494          -5.863           20.165
  117 (vir)     1          18.363          -3.447          -2.251          -7.978           20.642
  118 (vir)     1          18.383          -3.391          -2.023          -7.630           20.599
  119 (vir)     1          18.414          -3.406          -2.127          -7.781           20.661
  120 (vir)     1          18.655          -4.214          -3.130          -9.840           21.151
  121 (vir)     1          19.050          -3.518          -2.157          -7.647           21.023
  122 (vir)     1          19.121          -3.520          -2.125          -7.548           21.024
  123 (vir)     1          19.560          -3.384          -1.654          -7.030           21.552
  124 (vir)     1          19.591          -3.447          -1.674          -7.070           21.540
  125 (vir)     1          19.831          -2.946          -1.339          -6.618           22.164
  126 (vir)     1          21.202          -3.580          -1.915          -7.687           23.395
  127 (vir)     1          21.389          -2.711          -1.563          -6.771           23.885
  128 (vir)     1          21.441          -3.466          -2.063          -7.859           23.771
  129 (vir)     1          21.459          -3.404          -2.023          -7.752           23.784
  130 (vir)     1          21.616          -4.614          -1.715          -7.812           23.098
  131 (vir)     1          22.430          -3.480          -1.626          -7.142           24.467
  132 (vir)     1          22.481          -3.936          -1.597          -7.466           24.414
  133 (vir)     1          22.522          -3.873          -1.544          -7.367           24.472
  134 (vir)     1          22.790          -3.463          -1.552          -7.092           24.868
  135 (vir)     1          22.830          -3.455          -1.550          -7.086           24.910
  136 (vir)     1          23.103          -3.511          -1.243          -6.758           25.107
  137 (vir)     1          23.513          -4.659          -2.108          -8.195           24.940
  138 (vir)     1          24.073          -3.731          -1.489          -7.325           26.178
  139 (vir)     1          24.106          -3.778          -1.519          -7.393           26.202
  140 (vir)     1          24.205          -4.761          -1.515          -7.889           25.818
  141 (vir)     1          24.971          -4.009          -1.865          -7.771           26.869
  142 (vir)     1          25.031          -4.051          -1.872          -7.791           26.899
  143 (vir)     1          26.062          -3.930          -2.327          -8.447           28.251
  144 (vir)     1          26.543          -4.938          -2.267          -9.475           28.814
  145 (vir)     1          26.680          -4.643          -1.759          -7.927           28.204
  146 (vir)     1          26.757          -4.447          -1.641          -7.628           28.298
  147 (vir)     1          27.575          -4.303          -1.731          -7.652           29.193
  148 (vir)     1          27.984          -5.743          -2.680          -9.844           29.405
  149 (vir)     1          28.295          -4.150          -1.945          -8.412           30.613
  150 (vir)     1          28.333          -4.203          -1.913          -8.347           30.565
  151 (vir)     1          29.687          -6.156          -1.908          -8.457           30.080
  152 (vir)     1          29.774          -6.194          -1.927          -8.475           30.128
  153 (vir)     1          29.885          -5.038          -1.037          -6.660           30.470
  154 (vir)     1          29.993          -4.338          -1.610          -7.594           31.638
  155 (vir)     1          30.026          -4.521          -2.074          -8.413           31.844
  156 (vir)     1          30.083          -4.398          -1.664          -7.717           31.737
  157 (vir)     1          30.293          -4.920          -1.478          -7.503           31.397
  158 (vir)     1          31.957          -6.432          -1.928          -8.751           32.347
  159 (vir)     1          32.038          -7.008          -1.779          -8.426           31.677
  160 (vir)     1          32.060          -7.475          -1.703          -8.259           31.140
  161 (vir)     1          32.518          -3.560          -1.773          -8.022           35.207
  162 (vir)     1          32.597          -2.818          -1.777          -8.045           36.047
  163 (vir)     1          34.106          -7.371          -2.162          -9.712           34.284
  164 (vir)     1          34.215          -7.426          -2.172          -9.756           34.374
  165 (vir)     1          34.687          -6.328          -1.881          -8.722           35.200
  166 (vir)     1          34.796           3.682          -2.282          -9.928           46.125
  167 (vir)     1          35.984          -5.583          -2.003          -8.790           37.187
  168 (vir)     1          36.459          -6.691          -2.061          -9.110           36.816
  169 (vir)     1          36.627           4.310          -2.316          -9.670           48.290
  170 (vir)     1          36.653           1.898          -2.570         -10.229           46.211
  171 (vir)     1          37.753          -6.216          -1.507          -8.204           38.235
  172 (vir)     1          37.856          -6.243          -1.519          -8.228           38.321
  173 (vir)     1          38.326          -8.652          -1.757          -9.194           37.111
  174 (vir)     1          38.505          -7.157          -1.518          -8.204           38.033
  175 (vir)     1          38.573          -7.213          -1.530          -8.244           38.073
  176 (vir)     1          39.280          -6.272          -1.353          -8.119           39.774
  177 (vir)     1          40.164          -7.397          -1.010          -7.119           38.876
  178 (vir)     1          41.251          -7.856          -1.963          -9.577           41.009
  179 (vir)     1          41.332          -8.990          -1.859          -9.767           40.250
  180 (vir)     1          42.356         -10.107          -2.846         -11.969           41.372
  181 (vir)     1          42.758         -11.114          -2.907         -11.225           39.962
  182 (vir)     1          43.665         -10.195          -2.529         -11.028           41.969
  183 (vir)     1          44.874         -10.448          -2.690         -11.340           43.075
  184 (vir)     1          44.960         -10.418          -2.700         -11.387           43.229
  185 (vir)     1          45.945         -10.004          -2.498         -11.057           44.499
  186 (vir)     1          46.063          -9.712          -2.218         -10.357           44.490
  187 (vir)     1          46.079          -9.891          -2.222         -10.391           44.357
  188 (vir)     1          46.135         -10.142          -2.530         -11.271           44.735
  189 (vir)     1          47.598         -11.449          -1.325          -8.620           43.445
  190 (vir)     1          48.334          -9.455          -2.427         -11.094           47.546
  191 (vir)     1          48.356          -9.099          -2.388         -11.043           47.911
  192 (vir)     1          48.690          -9.160          -2.240         -11.349           48.639
  193 (vir)     1          48.905           4.807          -2.810         -12.058           62.959
  194 (vir)     1          50.540           3.009          -2.235         -11.054           62.368
  195 (vir)     1          50.685           4.278          -2.216         -11.086           63.833
  196 (vir)     1          51.314          -1.730          -3.006         -12.934           59.511
  197 (vir)     1          51.545           4.038          -2.803         -12.609           65.389
  198 (vir)     1          51.644           3.912          -2.780         -12.557           65.333
  199 (vir)     1          53.718           3.704          -2.868         -12.547           67.101
  200 (vir)     1          53.791           3.697          -2.867         -12.547           67.168
  201 (vir)     1          54.743         -12.273          -2.207         -11.242           51.506
  202 (vir)     1          55.853           3.430          -2.788         -12.793           69.288
  203 (vir)     1          56.578           4.117          -2.505         -12.085           70.275
  204 (vir)     1          56.659           4.154          -2.504         -12.081           70.391
  205 (vir)     1          57.953           4.195          -2.350         -12.729           72.527
  206 (vir)     1          58.565           3.233          -2.069         -11.524           71.254
  207 (vir)     1          58.661           3.381          -2.025         -11.464           71.481
  208 (vir)     1          58.914           4.861          -2.708         -12.891           73.958
  209 (vir)     1          59.388           3.816          -3.088         -13.862           73.978
  210 (vir)     1          59.529           4.484          -1.952         -11.183           73.244
  211 (vir)     1          59.620           4.108          -1.980         -11.228           72.975
  212 (vir)     1          61.278           5.042          -2.434         -12.682           76.567
  213 (vir)     1          61.632           3.592          -2.248         -12.240           75.216
  214 (vir)     1          62.652           3.319          -2.451         -12.517           76.036
  215 (vir)     1          62.717           3.549          -2.505         -12.710           76.470
  216 (vir)     1          62.793           4.153          -2.631         -13.172           77.487
  217 (vir)     1          63.235           4.030          -2.408         -12.641           77.497
  218 (vir)     1          63.942           3.536          -2.190         -12.363           77.651
  219 (vir)     1          64.493           3.353          -2.254         -12.186           77.778
  220 (vir)     1          64.555           3.392          -2.223         -12.144           77.868
  221 (vir)     1          66.287           3.279          -2.646         -13.545           80.464
  222 (vir)     1          66.696           3.700          -2.375         -13.262           81.283
  223 (vir)     1          66.739           3.714          -2.373         -13.264           81.343
  224 (vir)     1          67.251           4.276          -2.279         -12.954           82.201
  225 (vir)     1          67.339           3.512          -2.028         -12.015           80.838
  226 (vir)     1          67.499           3.214          -2.013         -11.877           80.578
  227 (vir)     1          69.277           3.739          -2.423         -13.721           84.313
  228 (vir)     1          70.018           3.447          -1.903         -11.777           83.339
  229 (vir)     1          70.243           3.985          -2.339         -13.506           85.395
  230 (vir)     1          70.274           4.633          -2.247         -13.609           86.269
  231 (vir)     1          70.304           4.480          -2.309         -13.638           86.112
  232 (vir)     1          70.523           3.930          -2.483         -13.989           85.958
  233 (vir)     1          70.609           3.470          -2.494         -13.971           85.556
  234 (vir)     1          71.850           4.499          -1.981         -12.920           87.288
  235 (vir)     1          72.295           3.152          -1.853         -11.728           85.321
  236 (vir)     1          72.668           3.331          -2.055         -12.753           86.697
  237 (vir)     1          73.149           3.547          -1.933         -12.339           87.102
  238 (vir)     1          73.224           3.557          -1.912         -12.332           87.201
  239 (vir)     1          73.683           3.106          -2.037         -12.709           87.461
  240 (vir)     1          74.232           4.912          -1.794         -12.990           90.340
  241 (vir)     1          74.846           3.179          -2.006         -12.788           88.806
  242 (vir)     1          74.898           3.465          -1.961         -12.840           89.242
  243 (vir)     1          74.968           4.448          -1.876         -13.148           90.689
  244 (vir)     1          75.002           3.547          -1.968         -12.891           89.473
  245 (vir)     1          75.040           4.447          -1.872         -13.158           90.772
  246 (vir)     1          76.303           3.301          -2.122         -12.781           90.263
  247 (vir)     1          76.955           3.634          -2.027         -13.054           91.616
  248 (vir)     1          77.038           3.583          -2.148         -13.302           91.774
  249 (vir)     1          78.682           3.712          -2.436         -14.296           94.254
  250 (vir)     1          78.733           3.842          -2.620         -14.744           94.698
  251 (vir)     1          78.841           3.505          -2.217         -13.724           93.852
  252 (vir)     1          80.498           3.368          -1.992         -13.288           95.162
  253 (vir)     1          80.657           3.324          -1.976         -13.217           95.222
  254 (vir)     1          82.086           3.017          -2.009         -13.163           96.257
  255 (vir)     1          82.260           2.933          -1.989         -13.114           96.317
  256 (vir)     1          82.891           4.393          -2.121         -14.187           99.350
  257 (vir)     1          83.404           3.573          -2.065         -13.898           98.810
  258 (vir)     1          86.968           3.269          -1.962         -13.534          101.809
  259 (vir)     1          87.815           2.945          -2.458         -14.365          102.667
  260 (vir)     1          88.149           2.875          -2.055         -13.535          102.503
  261 (vir)     1          88.226           2.392          -1.724         -12.602          101.496
  262 (vir)     1          88.524           2.924          -2.310         -14.106          103.245
  263 (vir)     1          88.684           2.918          -2.334         -14.166          103.434
  264 (vir)     1          90.382           2.285          -1.726         -13.022          103.964
  265 (vir)     1          90.609           2.309          -1.735         -13.063          104.245
  266 (vir)     1          91.753           2.589          -2.515         -15.133          106.959
  267 (vir)     1          92.782           2.077          -1.567         -12.415          105.707
  268 (vir)     1          93.013           2.123          -1.580         -12.432          105.988
  269 (vir)     1          94.293           2.059          -1.762         -13.025          107.615
  270 (vir)     1          94.523           2.052          -1.746         -13.012          107.841
  271 (vir)     1          97.713           2.432          -2.257         -14.730          112.618
  272 (vir)     1          97.811           2.424          -2.253         -14.725          112.706
  273 (vir)     1          99.990           2.843          -2.277         -14.965          115.521
  274 (vir)     1         101.164           2.046          -1.781         -13.679          115.108
  275 (vir)     1         101.360           2.278          -1.895         -14.064          115.806
  276 (vir)     1         101.395           2.291          -1.912         -14.111          115.885
  277 (vir)     1         103.471           2.484          -2.286         -15.362          119.031
  278 (vir)     1         105.136           1.378          -1.707         -13.876          118.682
  279 (vir)     1         105.756           2.272          -1.926         -14.388          120.490
  280 (vir)     1         105.964           2.240          -1.900         -14.336          120.640
  281 (vir)     1         116.469           1.856          -1.706         -14.293          130.911
  282 (vir)     1         116.764           1.712          -1.748         -14.314          131.042
  283 (vir)     1         117.844           1.940          -1.868         -14.540          132.456
  284 (vir)     1         117.945           1.943          -1.858         -14.514          132.544
  285 (vir)     1         127.074           1.525          -1.731         -14.739          141.607
  286 (vir)     1         132.199           1.227          -1.235         -13.211          145.401
  287 (vir)     1         135.310           1.535          -1.776         -15.365          150.435
  288 (vir)     1         153.625           2.370          -1.758         -15.999          170.236
  289 (vir)     1         161.598           2.522          -1.691         -16.014          178.443
  290 (vir)     1         161.636           2.523          -1.691         -16.013          178.482
  291 (vir)     1         161.856           2.554          -1.676         -15.982          178.716
  292 (vir)     1         165.320           2.551          -1.586         -15.771          182.056
  293 (vir)     1         165.398           2.556          -1.588         -15.770          182.136
  294 (vir)     1         165.433           2.553          -1.587         -15.767          182.167
  295 (vir)     1         167.157           2.375          -1.552         -15.751          183.731
  296 (vir)     1         171.708           0.841          -1.176         -15.120          186.492
  297 (vir)     1         206.554           6.352          -0.754         -12.439          224.592
  298 (vir)     1         237.329          -1.779          -0.709         -13.351          248.192
  299 (vir)     1         239.113          -3.140          -0.670         -13.272          248.576
  300 (vir)     1         239.174          -4.805          -0.668         -13.273          246.974
  301 (vir)     1         244.837          -4.115          -0.712         -13.583          253.593
  302 (vir)     1         244.871          -3.255          -0.713         -13.585          254.488
  303 (vir)     1         246.691          -2.059          -0.687         -13.553          257.498
  304 (vir)     1         247.036          -0.703          -0.692         -13.601          259.241
 
