 
  kpoint:       1             coordinate:     0.0000    0.0000    0.0000                  spin:  1
 
    n           k   ϵ_nk^DFT (eV)     Σ^c_nk (eV)     Σ^x_nk (eV)    v_nk^xc (eV)   ϵ_nk^G0W0 (eV)
 
    1 (occ)     1         -21.196           7.998         -26.869         -16.751          -23.317
    2 (occ)     1         -12.308           3.167         -18.175         -12.674          -14.643
    3 (occ)     1          -8.274           0.450         -16.948         -13.324          -11.448
    4 (occ)     1          -8.274           0.442         -16.753         -13.324          -11.260
    5 (occ)     1          -7.699           2.266         -20.700         -15.260          -10.874
    6 (vir)     1          -3.336          -1.295          -6.770         -11.728            0.327
    7 (vir)     1          -3.336          -1.361          -6.812         -11.728            0.219
    8 (vir)     1           0.147          -1.243          -3.331          -7.491            3.064
    9 (vir)     1           2.082          -0.803          -0.765          -3.232            3.745
   10 (vir)     1           2.082          -0.772          -0.775          -3.232            3.767
   11 (vir)     1           2.416          -0.858          -1.097          -3.670            4.130
   12 (vir)     1           3.252          -0.509          -0.540          -2.314            4.517
   13 (vir)     1           3.252          -0.494          -0.550          -2.314            4.522
   14 (vir)     1           4.019          -0.910          -1.068          -3.879            5.921
   15 (vir)     1           4.171          -1.205          -1.209          -4.471            6.228
   16 (vir)     1           4.171          -1.183          -1.231          -4.471            6.228
   17 (vir)     1           4.707          -1.260          -0.793          -3.277            5.931
   18 (vir)     1           4.707          -1.307          -0.779          -3.277            5.899
   19 (vir)     1           5.088          -1.924          -1.203          -4.932            6.892
   20 (vir)     1           5.088          -1.907          -1.262          -4.932            6.851
   21 (vir)     1           6.260          -1.328          -1.274          -4.918            8.576
   22 (vir)     1           7.962          -2.127          -2.624          -7.516           10.727
   23 (vir)     1           8.759          -0.678          -0.272          -3.384           11.193
   24 (vir)     1           8.759          -0.672          -0.291          -3.384           11.179
   25 (vir)     1           8.845          -1.013          -0.777          -4.242           11.297
   26 (vir)     1           8.845          -1.035          -0.741          -4.242           11.311
   27 (vir)     1          10.421          -1.697          -1.765          -6.250           13.209
   28 (vir)     1          11.039          -1.617          -0.665          -4.333           13.089
   29 (vir)     1          11.039          -1.581          -0.726          -4.333           13.065
   30 (vir)     1          12.946          -1.365          -1.428          -5.493           15.646
   31 (vir)     1          14.359          -1.166          -2.018          -9.010           20.185
   32 (vir)     1          14.359          -0.845          -2.006          -9.010           20.519
   33 (vir)     1          14.395          -7.745          -3.396         -11.467           14.720
   34 (vir)     1          14.395          -9.384          -3.444         -11.467           13.034
   35 (vir)     1          21.129          -4.662          -1.708          -7.935           22.694
   36 (vir)     1          21.129          -4.451          -1.559          -7.935           23.054
   37 (vir)     1          24.634          -6.251          -1.189          -8.032           25.226
   38 (vir)     1          24.634          -6.257          -1.294          -8.032           25.115
   39 (vir)     1          25.050          -8.238          -3.906         -12.394           25.301
   40 (vir)     1          28.852         -12.399          -2.653         -11.797           25.597
   41 (vir)     1          39.034          -7.336          -2.866         -10.956           39.788
   42 (vir)     1          39.915           0.808          -4.132         -14.287           50.878
   43 (vir)     1          39.915           0.562          -4.108         -14.287           50.656
   44 (vir)     1          47.252           4.207          -3.635         -13.946           61.770
   45 (vir)     1          47.252           4.050          -3.582         -13.946           61.666
   46 (vir)     1          49.360          -0.482          -1.370          -9.620           57.128
   47 (vir)     1          49.360          -0.246          -1.403          -9.620           57.331
   48 (vir)     1          52.082           2.622          -2.288         -11.519           63.935
   49 (vir)     1          53.475           1.383          -1.789         -10.910           63.978
   50 (vir)     1          53.475           1.239          -1.697         -10.910           63.927
   51 (vir)     1          54.193           1.434          -2.304         -12.217           65.540
   52 (vir)     1          54.193           1.693          -2.089         -12.217           66.013
   53 (vir)     1          59.010           2.567          -3.130         -14.982           73.428
   54 (vir)     1          69.134           2.161          -1.907         -13.448           82.836
   55 (vir)     1          69.134           5.024          -2.696         -13.448           84.909
   56 (vir)     1          70.078           3.249          -2.022         -13.927           85.232
   57 (vir)     1         103.402           3.345          -0.526          -8.081          114.301
   58 (vir)     1         154.771           0.270          -0.951         -13.384          167.474
 
