 
  kpoint:       1             coordinate:     0.0000    0.0000    0.0000                  spin:  1
 
    n           k   ϵ_nk^DFT (eV)     Σ^c_nk (eV)     Σ^x_nk (eV)    v_nk^xc (eV)   ϵ_nk^G0W0 (eV)
 
    1 (occ)     1         -28.314           8.461         -31.535         -19.979          -31.408
    2 (occ)     1         -13.445           3.195         -23.954         -16.583          -17.621
    3 (occ)     1         -11.599           0.425         -21.330         -16.485          -16.019
    4 (occ)     1         -11.599           0.427         -21.334         -16.485          -16.022
    5 (occ)     1         -10.258           2.076         -23.532         -17.099          -14.615
    6 (vir)     1          -1.897          -1.789          -8.529         -15.135            2.921
    7 (vir)     1          -1.897          -1.788          -8.533         -15.135            2.917
    8 (vir)     1           2.338          -0.163          -0.224          -1.527            3.478
    9 (vir)     1           2.668          -0.108          -0.185          -1.543            3.917
   10 (vir)     1           2.668          -0.108          -0.186          -1.543            3.917
   11 (vir)     1           2.833          -0.280          -0.589          -2.058            4.022
   12 (vir)     1           2.833          -0.281          -0.588          -2.058            4.022
   13 (vir)     1           3.602          -0.573          -1.152          -3.877            5.754
   14 (vir)     1           5.383          -0.358          -0.556          -2.670            7.138
   15 (vir)     1           5.383          -0.359          -0.555          -2.670            7.139
   16 (vir)     1           5.723          -0.257          -0.391          -2.225            7.301
   17 (vir)     1           6.453          -0.132          -0.065          -1.438            7.694
   18 (vir)     1           6.453          -0.128          -0.065          -1.438            7.698
   19 (vir)     1           8.114          -1.253          -2.203          -6.809           11.466
   20 (vir)     1           8.114          -1.251          -2.202          -6.809           11.469
   21 (vir)     1           9.352          -1.359          -2.582          -7.123           12.535
   22 (vir)     1          15.123          -1.730          -4.133         -10.012           19.272
   23 (vir)     1          15.508          -2.903          -2.230          -8.376           18.750
   24 (vir)     1          15.508          -2.903          -2.227          -8.376           18.753
   25 (vir)     1          16.627          -1.949          -2.630          -7.470           19.519
   26 (vir)     1          18.173          -4.614          -7.551         -17.183           23.191
   27 (vir)     1          29.170          -4.519          -5.360         -14.015           33.306
   28 (vir)     1          29.170          -4.526          -5.357         -14.015           33.301
   29 (vir)     1          32.755          -9.449          -5.163         -14.388           32.532
   30 (vir)     1          32.755          -9.520          -5.162         -14.388           32.462
   31 (vir)     1          39.018           3.042          -3.182         -12.449           51.327
   32 (vir)     1          39.018           3.069          -3.186         -12.449           51.350
   33 (vir)     1          39.432          -1.336          -1.402          -8.070           44.764
   34 (vir)     1          39.432          -1.337          -1.402          -8.070           44.762
   35 (vir)     1          40.496          -1.560          -0.984          -6.968           44.919
   36 (vir)     1          40.496          -1.568          -0.987          -6.968           44.908
   37 (vir)     1          45.235          -7.842          -3.304         -12.142           46.231
   38 (vir)     1          49.328          -9.467          -2.979         -11.969           48.851
   39 (vir)     1          51.288          -9.600          -2.379         -11.530           50.839
   40 (vir)     1          51.288          -9.655          -2.365         -11.530           50.798
   41 (vir)     1          51.934          -0.835          -2.683         -12.452           60.868
   42 (vir)     1          55.747           5.903          -3.431         -13.917           72.137
   43 (vir)     1          58.891          -5.090          -2.260         -12.097           63.638
   44 (vir)     1          58.891          -5.093          -2.261         -12.097           63.635
   45 (vir)     1          63.474           4.249          -3.939         -13.560           77.344
   46 (vir)     1          65.742         -11.235          -1.567         -11.097           64.037
   47 (vir)     1          65.742         -11.203          -1.567         -11.097           64.068
   48 (vir)     1          66.695           1.380          -3.182         -13.850           78.743
   49 (vir)     1          66.695           1.410          -3.190         -13.850           78.765
   50 (vir)     1          71.377           3.398          -3.159         -15.868           87.485
   51 (vir)     1          71.377           3.417          -3.151         -15.868           87.512
   52 (vir)     1          76.939           3.166          -2.298         -13.261           91.067
   53 (vir)     1          76.939           3.181          -2.292         -13.261           91.088
   54 (vir)     1          88.553           5.345          -3.557         -16.988          107.330
   55 (vir)     1         110.397           1.937          -3.660         -18.309          126.983
   56 (vir)     1         112.705           1.821          -2.998         -16.793          128.320
   57 (vir)     1         112.705           1.809          -3.013         -16.793          128.294
   58 (vir)     1         230.209           1.335          -1.829         -16.090          245.805
 
