 
  kpoint:       1             coordinate:     0.0000    0.0000    0.0000                  spin:  1
 
    n           k   ϵ_nk^DFT (eV)     Σ^c_nk (eV)     Σ^x_nk (eV)    v_nk^xc (eV)   ϵ_nk^G0W0 (eV)
 
    1 (occ)     1         -56.198          11.181         -51.710         -31.159          -65.568
    2 (occ)     1         -56.195          11.280         -51.717         -31.165          -65.467
    3 (occ)     1         -28.164           5.927         -43.545         -30.985          -34.796
    4 (occ)     1         -28.144           5.696         -43.604         -31.038          -35.014
    5 (occ)     1         -28.144           5.694         -43.604         -31.038          -35.016
    6 (occ)     1         -28.138           5.677         -43.634         -31.069          -35.025
    7 (occ)     1         -28.138           5.676         -43.634         -31.069          -35.027
    8 (occ)     1         -28.109           5.898         -43.712         -31.145          -34.778
    9 (occ)     1          -3.100          -0.371          -6.512          -5.189           -4.793
   10 (vir)     1          -1.723          -0.857          -1.776          -4.187           -0.169
   11 (vir)     1          -0.711          -1.052          -1.568          -4.225            0.894
   12 (vir)     1          -0.711          -1.052          -1.568          -4.225            0.894
   13 (vir)     1          -0.151          -2.198          -1.580          -4.422            0.492
   14 (vir)     1           0.788          -2.356          -1.101          -4.019            1.349
   15 (vir)     1           0.788          -2.356          -1.101          -4.019            1.349
   16 (vir)     1           2.857          -3.149          -0.632          -3.782            2.859
   17 (vir)     1           2.885          -3.146          -0.632          -3.754            2.862
   18 (vir)     1           2.910          -3.563          -1.156          -4.495            2.686
   19 (vir)     1           3.586          -0.033          -1.514          -5.031            7.069
   20 (vir)     1           3.591          -3.353          -0.719          -4.064            3.583
   21 (vir)     1           3.591          -3.349          -0.719          -4.064            3.588
   22 (vir)     1           5.289           0.148          -0.704          -4.159            8.891
   23 (vir)     1           5.326           0.146          -0.705          -4.121            8.889
   24 (vir)     1           7.246           1.071          -2.456          -6.674           12.534
   25 (vir)     1           9.216          -0.498          -2.510          -7.340           13.549
   26 (vir)     1          10.073           0.496          -1.540          -6.117           15.146
   27 (vir)     1          10.073           0.497          -1.540          -6.117           15.147
   28 (vir)     1          19.159           0.579          -3.702         -10.179           26.216
   29 (vir)     1          78.174           0.032          -4.892         -15.033           88.346
   30 (vir)     1          79.565           0.041          -5.031         -15.541           90.115
   31 (vir)     1          86.858           0.398          -9.690         -28.092          105.659
   32 (vir)     1          86.858           0.399          -9.696         -28.092          105.653
   33 (vir)     1          88.890           0.419          -9.478         -27.956          107.788
   34 (vir)     1          88.890           0.419          -9.485         -27.956          107.781
   35 (vir)     1          90.419           0.450          -9.442         -27.759          109.185
   36 (vir)     1         113.790           0.544          -8.138         -27.443          133.640
 
