 
  kpoint:       1             coordinate:     0.0000    0.0000    0.0000                  spin:  1
 
    n           k   ϵ_nk^DFT (eV)     Σ^c_nk (eV)     Σ^x_nk (eV)    v_nk^xc (eV)   ϵ_nk^G0W0 (eV)
 
    1 (occ)     1         -18.827           5.706         -24.443         -15.367          -22.196
    2 (occ)     1         -14.258           3.298         -21.487         -14.449          -17.997
    3 (occ)     1         -11.533           2.119         -19.739         -14.085          -15.068
    4 (occ)     1         -10.191           1.631         -20.540         -15.321          -13.780
    5 (occ)     1          -8.552           1.025         -18.951         -14.124          -12.354
    6 (occ)     1          -6.742           0.125         -15.935         -12.668           -9.883
    7 (vir)     1          -1.047          -1.860          -5.655         -10.911            2.348
    8 (vir)     1          -0.043          -0.571          -0.936          -3.039            1.489
    9 (vir)     1           0.413          -0.504          -0.696          -2.554            1.767
   10 (vir)     1           0.488          -0.508          -0.877          -2.825            1.929
   11 (vir)     1           1.003          -0.362          -0.527          -2.002            2.117
   12 (vir)     1           1.455          -0.304          -0.341          -1.746            2.557
   13 (vir)     1           1.558          -0.307          -0.442          -1.728            2.538
   14 (vir)     1           1.931          -0.217          -0.172          -1.503            3.045
   15 (vir)     1           2.025          -0.291          -0.361          -1.833            3.205
   16 (vir)     1           2.077          -0.447          -0.710          -2.206            3.127
   17 (vir)     1           3.437          -0.449          -0.569          -2.308            4.727
   18 (vir)     1           3.611          -1.126          -2.642          -6.205            6.048
   19 (vir)     1           3.621          -0.798          -1.502          -4.024            5.345
   20 (vir)     1           4.258          -0.426          -0.491          -2.265            5.606
   21 (vir)     1           4.428          -0.952          -1.492          -4.232            6.217
   22 (vir)     1           4.807          -0.303          -0.131          -1.799            6.172
   23 (vir)     1           5.118          -0.697          -1.124          -3.565            6.862
   24 (vir)     1           5.784          -0.508          -0.655          -2.672            7.294
   25 (vir)     1           5.856          -1.302          -1.902          -5.386            8.038
   26 (vir)     1           6.222          -0.907          -1.408          -4.628            8.535
   27 (vir)     1           6.310          -1.144          -1.884          -5.441            8.722
   28 (vir)     1           6.878          -1.149          -2.154          -5.743            9.319
   29 (vir)     1           7.074          -1.335          -1.633          -5.272            9.379
   30 (vir)     1           7.704          -1.066          -1.971          -5.396           10.063
   31 (vir)     1           8.284          -1.986          -1.272          -5.288           10.314
   32 (vir)     1           8.345          -0.109          -0.375          -2.353           10.215
   33 (vir)     1           9.470          -0.700          -0.317          -2.901           11.355
   34 (vir)     1           9.693          -1.460          -1.142          -4.669           11.760
   35 (vir)     1           9.935          -1.790          -1.616          -5.701           12.230
   36 (vir)     1          11.104          -1.036          -1.227          -4.615           13.456
   37 (vir)     1          14.479          -3.442          -3.243          -9.631           17.425
   38 (vir)     1          15.015          -0.340          -0.638          -4.455           18.491
   39 (vir)     1          15.023          -0.986          -0.473          -3.766           17.330
   40 (vir)     1          15.203          -2.903          -2.459          -8.294           18.135
   41 (vir)     1          15.260          -3.710          -4.242         -11.224           18.532
   42 (vir)     1          15.297          -0.837          -0.628          -4.299           18.131
   43 (vir)     1          17.056          -3.928          -3.612         -10.911           20.426
   44 (vir)     1          17.136          -2.629          -2.419          -7.924           20.012
   45 (vir)     1          17.436          -2.339          -1.313          -6.073           19.857
   46 (vir)     1          17.453          -1.803          -2.359          -7.294           20.584
   47 (vir)     1          17.539          -2.483          -1.327          -6.504           20.233
   48 (vir)     1          19.137          -3.927          -0.772          -5.407           19.844
   49 (vir)     1          19.273          -1.970          -1.157          -6.081           22.227
   50 (vir)     1          21.463          -2.619          -0.947          -5.848           23.746
   51 (vir)     1          22.144          -2.947          -1.354          -6.766           24.609
   52 (vir)     1          22.197          -0.945          -0.803          -5.980           26.429
   53 (vir)     1          24.628          -5.134          -1.397          -7.298           25.396
   54 (vir)     1          25.875          -2.330          -0.381          -4.182           27.345
   55 (vir)     1          27.821          -4.199          -1.989          -8.988           30.622
   56 (vir)     1          29.182          -3.226          -0.473          -4.520           30.003
   57 (vir)     1          29.297          -4.036          -3.485         -11.837           33.613
   58 (vir)     1          30.259          -4.878          -2.162          -8.544           31.763
   59 (vir)     1          34.153          -7.013          -4.131         -12.786           35.794
   60 (vir)     1          34.201          -7.229          -3.573         -11.761           35.160
   61 (vir)     1          37.115          -8.037          -2.929         -12.110           38.258
   62 (vir)     1          37.262          -8.180          -2.853         -10.484           36.713
   63 (vir)     1          38.550          -6.381          -2.465          -9.950           39.653
   64 (vir)     1          39.510          -6.253          -2.650         -10.019           40.626
   65 (vir)     1          39.531          -0.192          -1.404          -8.001           45.936
   66 (vir)     1          39.666           2.481          -1.265          -7.741           48.623
   67 (vir)     1          43.571          -9.955          -3.215         -13.534           43.935
   68 (vir)     1          51.563           3.044          -2.950         -12.517           64.174
   69 (vir)     1          52.011          -8.733          -2.365         -11.520           52.433
   70 (vir)     1          56.868          -2.808          -2.286         -12.029           63.804
   71 (vir)     1          57.184           4.150          -2.656         -12.190           70.868
   72 (vir)     1          58.368           4.332          -2.814         -13.463           73.349
   73 (vir)     1          60.385           3.162          -2.686         -12.683           73.544
   74 (vir)     1          60.885           4.071          -2.489         -13.535           76.002
   75 (vir)     1          62.252           2.324          -2.412         -12.680           74.844
   76 (vir)     1          66.424           2.306          -2.382         -12.883           79.230
   77 (vir)     1          67.505           3.247          -2.090         -11.814           80.477
   78 (vir)     1          67.876           3.314          -2.637         -13.610           82.163
   79 (vir)     1          68.200           3.847          -2.406         -14.270           83.910
   80 (vir)     1          72.383           2.763          -1.498         -12.540           86.188
   81 (vir)     1          72.980           1.501          -2.610         -14.099           85.970
   82 (vir)     1          75.574           1.413          -2.318         -13.633           88.301
   83 (vir)     1          80.784           2.909          -2.244         -13.717           95.167
   84 (vir)     1          82.998           2.915          -2.160         -13.277           97.030
   85 (vir)     1          86.470           3.020          -2.614         -14.649          101.526
   86 (vir)     1          87.025           3.144          -2.756         -15.071          102.483
   87 (vir)     1          99.662           2.246          -2.711         -15.505          114.701
   88 (vir)     1         118.629           1.875          -2.141         -15.215          133.578
   89 (vir)     1         153.062           2.182          -1.742         -15.850          169.351
   90 (vir)     1         162.062           2.138          -1.678         -15.855          178.376
   91 (vir)     1         164.402           2.267          -1.663         -16.003          181.010
   92 (vir)     1         165.158           2.048          -1.619         -15.778          181.365
   93 (vir)     1         191.348           3.591          -1.082         -12.200          206.057
   94 (vir)     1         241.513           4.686          -1.028         -13.379          258.550
 
