 
  kpoint:       1             coordinate:     0.0000    0.0000    0.0000                  spin:  1
 
    n           k   ϵ_nk^DFT (eV)     Σ^c_nk (eV)     Σ^x_nk (eV)    v_nk^xc (eV)   ϵ_nk^G0W0 (eV)
 
    1 (occ)     1         -26.016           8.870         -28.089         -17.186          -28.050
    2 (occ)     1         -24.483           8.497         -27.816         -17.191          -26.611
    3 (occ)     1         -23.416           7.993         -27.714         -17.382          -25.755
    4 (occ)     1         -22.217           7.425         -27.649         -17.730          -24.711
    5 (occ)     1         -21.394           7.403         -27.683         -17.943          -23.732
    6 (occ)     1         -18.985           5.962         -25.200         -16.490          -21.733
    7 (occ)     1         -16.590           4.418         -23.955         -16.597          -19.531
    8 (occ)     1         -16.150           4.379         -23.858         -16.569          -19.060
    9 (occ)     1         -15.652           4.051         -23.747         -16.765          -18.584
   10 (occ)     1         -14.457           3.418         -22.979         -16.590          -17.429
   11 (occ)     1         -13.714           3.016         -22.797         -16.695          -16.800
   12 (occ)     1         -12.740           2.801         -22.373         -16.474          -15.837
   13 (occ)     1         -12.362           2.735         -23.137         -17.505          -15.258
   14 (occ)     1         -11.552           3.809         -19.811         -14.306          -13.248
   15 (occ)     1         -11.266           2.492         -22.026         -16.591          -14.209
   16 (occ)     1         -10.830           2.340         -22.065         -16.760          -13.795
   17 (occ)     1         -10.198           2.282         -21.500         -16.182          -13.234
   18 (occ)     1          -9.968           3.093         -19.613         -14.695          -11.793
   19 (occ)     1          -8.839           2.447         -19.166         -14.770          -10.788
   20 (occ)     1          -7.536           3.155         -22.088         -16.410          -10.059
   21 (occ)     1          -7.293           1.752         -19.751         -15.809           -9.483
   22 (occ)     1          -6.697           2.660         -21.797         -16.592           -9.242
   23 (occ)     1          -6.673           0.928         -18.106         -15.062           -8.789
   24 (occ)     1          -5.845           2.415         -21.632         -16.688           -8.374
   25 (occ)     1          -5.526           0.463         -17.700         -15.107           -7.656
   26 (vir)     1          -1.700          -2.457          -9.177         -14.073            0.739
   27 (vir)     1          -1.014          -2.777          -9.133         -14.359            1.434
   28 (vir)     1          -0.572          -1.021          -1.509          -4.016            0.914
   29 (vir)     1          -0.349          -1.026          -1.741          -4.257            1.142
   30 (vir)     1          -0.292          -3.136          -8.332         -13.826            2.065
   31 (vir)     1           0.182          -0.755          -0.969          -2.948            1.405
   32 (vir)     1           0.464          -0.817          -1.012          -3.107            1.742
   33 (vir)     1           0.497          -0.870          -1.193          -3.391            1.825
   34 (vir)     1           0.537          -0.610          -0.578          -2.216            1.564
   35 (vir)     1           0.876          -0.770          -0.982          -3.007            2.131
   36 (vir)     1           1.148          -0.555          -0.712          -2.249            2.130
   37 (vir)     1           1.372          -0.523          -0.534          -2.016            2.331
   38 (vir)     1           1.421          -0.696          -0.835          -2.706            2.598
   39 (vir)     1           1.536          -0.706          -0.876          -2.777            2.731
   40 (vir)     1           1.867          -0.788          -0.847          -2.849            3.081
   41 (vir)     1           2.068          -0.866          -1.075          -3.066            3.193
   42 (vir)     1           2.241          -0.741          -0.885          -2.811            3.425
   43 (vir)     1           2.259          -0.618          -0.636          -2.280            3.284
   44 (vir)     1           2.279          -0.963          -1.378          -3.740            3.678
   45 (vir)     1           2.547          -0.893          -1.323          -3.514            3.845
   46 (vir)     1           2.709          -0.582          -0.521          -2.101            3.706
   47 (vir)     1           2.889          -0.775          -0.979          -2.912            4.047
   48 (vir)     1           3.075          -1.160          -1.938          -4.485            4.462
   49 (vir)     1           3.158          -4.516          -6.239         -12.439            4.842
   50 (vir)     1           3.209          -1.763          -3.004          -6.395            4.837
   51 (vir)     1           3.505          -1.211          -1.876          -4.524            4.941
   52 (vir)     1           3.567          -0.609          -0.585          -2.251            4.624
   53 (vir)     1           3.631          -1.150          -1.733          -4.306            5.054
   54 (vir)     1           3.693          -0.774          -0.998          -2.943            4.865
   55 (vir)     1           3.860          -0.818          -1.017          -3.126            5.151
   56 (vir)     1           3.985          -1.256          -2.006          -4.827            5.550
   57 (vir)     1           4.017          -0.692          -0.747          -2.588            5.166
   58 (vir)     1           4.151          -1.945          -3.982          -7.950            6.175
   59 (vir)     1           4.192          -0.607          -0.513          -2.175            5.247
   60 (vir)     1           4.399          -1.125          -1.557          -4.103            5.820
   61 (vir)     1           4.577          -1.148          -1.676          -4.278            6.031
   62 (vir)     1           4.811          -1.163          -1.730          -4.358            6.276
   63 (vir)     1           4.873          -0.557          -0.414          -2.043            5.945
   64 (vir)     1           5.025          -1.740          -2.705          -6.239            6.819
   65 (vir)     1           5.201          -1.227          -1.911          -4.699            6.762
   66 (vir)     1           5.529          -1.306          -1.247          -4.109            7.083
   67 (vir)     1           5.541          -0.955          -1.114          -3.439            6.911
   68 (vir)     1           5.664          -1.540          -2.501          -5.834            7.457
   69 (vir)     1           5.824          -2.163          -3.643          -7.937            7.955
   70 (vir)     1           6.172          -1.638          -2.300          -5.744            7.978
   71 (vir)     1           6.273          -1.286          -1.437          -4.335            7.885
   72 (vir)     1           6.293          -1.261          -1.424          -4.258            7.866
   73 (vir)     1           6.527          -1.282          -1.157          -4.003            8.090
   74 (vir)     1           6.814          -1.415          -1.271          -4.394            8.523
   75 (vir)     1           6.917          -1.791          -2.603          -6.299            8.821
   76 (vir)     1           7.055          -3.303          -5.437         -11.314            9.629
   77 (vir)     1           7.538          -2.068          -2.866          -6.852            9.456
   78 (vir)     1           7.664          -2.048          -2.820          -6.780            9.576
   79 (vir)     1           7.767          -1.371          -1.130          -4.028            9.294
   80 (vir)     1           8.083          -2.381          -3.203          -7.663           10.162
   81 (vir)     1           8.172          -2.231          -2.183          -6.201            9.959
   82 (vir)     1           8.311          -2.961          -4.093          -9.251           10.507
   83 (vir)     1           8.493          -2.492          -3.788          -8.451           10.664
   84 (vir)     1           8.619          -1.748          -2.146          -5.709           10.435
   85 (vir)     1           8.787          -1.024          -0.747          -3.265           10.282
   86 (vir)     1           9.003          -3.816          -5.788         -12.189           11.588
   87 (vir)     1           9.475          -1.725          -1.411          -4.722           11.061
   88 (vir)     1           9.630          -2.481          -2.925          -7.584           11.807
   89 (vir)     1           9.783          -1.683          -1.471          -4.858           11.486
   90 (vir)     1          10.075          -2.605          -3.044          -7.783           12.209
   91 (vir)     1          10.128          -2.450          -2.916          -7.579           12.342
   92 (vir)     1          10.446          -2.521          -2.552          -7.149           12.523
   93 (vir)     1          10.546          -2.294          -2.193          -6.379           12.439
   94 (vir)     1          10.571          -2.156          -2.426          -6.572           12.561
   95 (vir)     1          11.045          -2.322          -2.621          -7.020           13.121
   96 (vir)     1          11.233          -1.747          -1.618          -5.262           13.131
   97 (vir)     1          11.399          -2.609          -1.461          -5.170           12.500
   98 (vir)     1          11.972          -2.384          -2.476          -6.970           14.082
   99 (vir)     1          12.218          -2.717          -2.617          -7.423           14.307
  100 (vir)     1          12.329          -2.674          -2.162          -6.663           14.156
  101 (vir)     1          12.675          -3.377          -1.890          -6.733           14.142
  102 (vir)     1          12.982          -2.855          -2.038          -6.709           14.799
  103 (vir)     1          13.018          -2.748          -2.695          -7.762           15.337
  104 (vir)     1          13.107          -2.647          -2.320          -7.023           15.162
  105 (vir)     1          13.257          -4.264          -1.877          -6.450           13.565
  106 (vir)     1          13.572          -2.645          -2.288          -7.094           15.733
  107 (vir)     1          13.823          -3.854          -3.945         -10.219           16.242
  108 (vir)     1          14.170          -3.290          -3.184          -8.699           16.396
  109 (vir)     1          14.435          -4.248          -3.896         -10.612           16.903
  110 (vir)     1          14.522          -2.958          -2.764          -8.016           16.816
  111 (vir)     1          14.832          -3.581          -3.335          -9.299           17.215
  112 (vir)     1          15.243          -3.579          -3.093          -9.016           17.587
  113 (vir)     1          15.449          -3.436          -3.073          -8.964           17.904
  114 (vir)     1          15.625          -3.866          -1.820          -6.752           16.692
  115 (vir)     1          15.790          -2.682          -1.904          -6.809           18.013
  116 (vir)     1          15.890          -4.806          -4.301         -11.755           18.538
  117 (vir)     1          16.589          -3.327          -2.754          -8.432           18.939
  118 (vir)     1          16.864          -3.327          -1.801          -6.686           18.421
  119 (vir)     1          16.927          -3.590          -1.601          -6.265           18.001
  120 (vir)     1          17.132          -3.176          -2.331          -7.771           19.396
  121 (vir)     1          17.479          -3.481          -3.004          -8.856           19.851
  122 (vir)     1          18.239          -3.100          -2.199          -7.450           20.390
  123 (vir)     1          18.308          -4.066          -2.157          -7.659           19.743
  124 (vir)     1          18.652          -3.049          -1.987          -7.211           20.828
  125 (vir)     1          18.873          -3.851          -2.071          -7.570           20.521
  126 (vir)     1          19.418          -4.569          -1.948          -7.476           20.377
  127 (vir)     1          19.456          -2.684          -1.803          -6.539           21.509
  128 (vir)     1          19.938          -3.319          -2.188          -7.763           22.194
  129 (vir)     1          20.087          -3.764          -2.076          -7.596           21.842
  130 (vir)     1          20.280          -3.068          -1.983          -7.168           22.397
  131 (vir)     1          20.374          -3.110          -1.945          -7.098           22.416
  132 (vir)     1          20.510          -3.208          -2.099          -7.636           22.839
  133 (vir)     1          20.715          -4.508          -2.217          -8.164           22.153
  134 (vir)     1          21.094          -3.682          -2.114          -8.037           23.334
  135 (vir)     1          21.495          -5.374          -1.997          -7.788           21.912
  136 (vir)     1          21.603          -3.344          -2.411          -8.049           23.896
  137 (vir)     1          21.829          -4.508          -1.822          -7.636           23.135
  138 (vir)     1          21.892          -3.910          -2.533          -8.747           24.195
  139 (vir)     1          22.328          -4.082          -2.650          -9.050           24.646
  140 (vir)     1          22.878          -3.895          -2.533          -8.690           25.140
  141 (vir)     1          23.665          -3.828          -2.081          -8.175           25.931
  142 (vir)     1          23.707          -4.277          -2.152          -8.051           25.329
  143 (vir)     1          24.099          -3.433          -1.641          -7.042           26.066
  144 (vir)     1          24.351          -4.758          -1.577          -7.006           25.021
  145 (vir)     1          24.624          -3.892          -2.113          -8.158           26.778
  146 (vir)     1          25.266          -4.255          -2.481          -8.805           27.335
  147 (vir)     1          25.328          -4.773          -2.109          -8.190           26.635
  148 (vir)     1          25.599          -4.174          -2.200          -8.260           27.485
  149 (vir)     1          26.141          -6.913          -2.489          -8.975           25.714
  150 (vir)     1          26.710          -4.677          -2.043          -8.293           28.283
  151 (vir)     1          26.733          -4.713          -2.038          -8.284           28.266
  152 (vir)     1          27.063          -5.668          -2.466          -8.993           27.921
  153 (vir)     1          27.127          -4.595          -2.234          -8.451           28.750
  154 (vir)     1          27.359          -4.190          -2.135          -8.400           29.433
  155 (vir)     1          27.787          -3.981          -1.959          -8.000           29.846
  156 (vir)     1          28.205          -1.067          -2.271          -8.825           33.691
  157 (vir)     1          28.861          -4.841          -2.184          -8.393           30.229
  158 (vir)     1          28.986          -7.396          -2.574          -9.087           28.104
  159 (vir)     1          29.374          -4.671          -2.339          -8.864           31.228
  160 (vir)     1          29.524          -4.494          -1.987          -8.460           31.504
  161 (vir)     1          30.250          -0.247          -2.750          -9.851           37.104
  162 (vir)     1          30.848          -4.558          -2.233          -8.757           32.814
  163 (vir)     1          31.712          -4.978          -2.371          -9.161           33.523
  164 (vir)     1          32.968          -4.941          -2.034          -8.532           34.524
  165 (vir)     1          33.093          -4.960          -2.387          -9.276           35.022
  166 (vir)     1          33.894           2.803          -2.308          -9.242           43.632
  167 (vir)     1          34.750          -5.901          -2.691         -10.125           36.283
  168 (vir)     1          35.109          -6.712          -2.563          -9.789           35.623
  169 (vir)     1          35.577          -7.225          -2.679          -9.993           35.667
  170 (vir)     1          37.007          -7.088          -3.244         -11.420           38.094
  171 (vir)     1          37.468          -7.463          -3.584         -11.594           38.014
  172 (vir)     1          37.898          -6.198          -2.550          -9.876           39.026
  173 (vir)     1          38.280          -7.015          -2.696         -10.347           38.915
  174 (vir)     1          38.684         -10.918          -3.190         -11.643           36.219
  175 (vir)     1          39.075          -9.730          -3.233         -11.594           37.707
  176 (vir)     1          39.239          -8.211          -2.676         -10.660           39.012
  177 (vir)     1          39.611          -7.985          -3.074         -11.191           39.743
  178 (vir)     1          40.755          -8.341          -2.936         -11.057           40.535
  179 (vir)     1          40.910         -11.642          -3.265         -11.583           37.585
  180 (vir)     1          41.160          -7.779          -3.191         -11.352           41.542
  181 (vir)     1          42.722          -9.789          -3.395         -12.462           41.999
  182 (vir)     1          42.801           3.957          -3.433         -12.572           55.897
  183 (vir)     1          43.160          -9.519          -2.778         -11.100           41.962
  184 (vir)     1          43.923          -9.409          -3.120         -11.699           43.094
  185 (vir)     1          44.231           4.325          -3.305         -12.267           57.519
  186 (vir)     1          44.575         -10.794          -3.499         -12.784           43.066
  187 (vir)     1          45.337          -9.663          -2.895         -11.499           44.278
  188 (vir)     1          45.618         -10.337          -2.760         -11.160           43.679
  189 (vir)     1          45.823         -12.324          -3.373         -12.563           42.689
  190 (vir)     1          46.413         -11.949          -3.431         -12.525           43.559
  191 (vir)     1          46.765         -11.778          -3.577         -13.150           44.560
  192 (vir)     1          47.320         -11.318          -3.430         -12.766           45.337
  193 (vir)     1          48.104         -11.358          -2.956         -12.109           45.899
  194 (vir)     1          48.974         -12.185          -3.625         -13.554           46.718
  195 (vir)     1          49.308         -11.210          -2.964         -12.205           47.338
  196 (vir)     1          49.675           4.143          -3.034         -12.703           63.488
  197 (vir)     1          50.573         -11.999          -3.331         -12.961           48.204
  198 (vir)     1          50.896           6.660          -3.288         -13.328           67.596
  199 (vir)     1          51.621          -7.188          -3.817         -13.870           54.486
  200 (vir)     1          51.820           4.679          -3.430         -13.269           66.338
  201 (vir)     1          52.008          -6.245          -3.004         -12.408           55.167
  202 (vir)     1          52.337         -12.765          -3.145         -12.780           49.206
  203 (vir)     1          52.639           5.351          -3.438         -13.691           68.243
  204 (vir)     1          53.162          -3.415          -3.796         -14.262           60.212
  205 (vir)     1          53.435         -12.993          -2.926         -12.534           50.050
  206 (vir)     1          54.402           4.609          -3.008         -12.650           68.654
  207 (vir)     1          54.502         -10.527          -2.896         -12.743           53.821
  208 (vir)     1          55.558           4.741          -2.869         -12.367           69.797
  209 (vir)     1          55.714          -1.987          -3.030         -12.837           63.534
  210 (vir)     1          55.806          -0.797          -3.064         -12.950           64.894
  211 (vir)     1          56.441           3.161          -3.262         -13.276           69.616
  212 (vir)     1          56.909           4.577          -3.348         -13.622           71.760
  213 (vir)     1          57.266           5.276          -3.342         -13.698           72.898
  214 (vir)     1          58.194           4.540          -2.967         -13.138           72.905
  215 (vir)     1          58.244           4.936          -2.952         -13.030           73.257
  216 (vir)     1          58.460           4.446          -2.959         -13.018           72.965
  217 (vir)     1          58.597           4.455          -2.977         -13.126           73.201
  218 (vir)     1          59.055         -11.049          -2.926         -13.168           58.247
  219 (vir)     1          59.185         -10.581          -3.167         -13.397           58.833
  220 (vir)     1          59.638           2.859          -3.101         -13.418           72.813
  221 (vir)     1          60.158           3.655          -2.902         -13.139           74.051
  222 (vir)     1          60.468         -11.631          -3.067         -13.457           59.227
  223 (vir)     1          60.688           5.474          -3.220         -13.917           76.860
  224 (vir)     1          61.217           0.968          -3.273         -13.735           72.648
  225 (vir)     1          61.374           4.243          -2.972         -13.162           75.807
  226 (vir)     1          62.017           1.770          -2.992         -13.371           74.167
  227 (vir)     1          62.256           4.723          -2.931         -13.309           77.356
  228 (vir)     1          62.817           4.255          -2.823         -13.654           77.903
  229 (vir)     1          63.066           4.823          -3.035         -13.978           78.832
  230 (vir)     1          64.086           5.250          -2.768         -13.327           79.896
  231 (vir)     1          64.219           4.534          -2.678         -13.087           79.161
  232 (vir)     1          64.897           2.805          -2.978         -13.560           78.284
  233 (vir)     1          65.062           3.966          -2.791         -13.160           79.397
  234 (vir)     1          65.299           3.911          -2.789         -13.401           79.822
  235 (vir)     1          65.385           3.532          -2.664         -13.127           79.380
  236 (vir)     1          65.636           4.771          -3.084         -13.970           81.293
  237 (vir)     1          66.697           5.573          -2.853         -13.622           83.038
  238 (vir)     1          66.915           4.660          -2.699         -13.084           81.960
  239 (vir)     1          67.709           4.561          -2.793         -13.814           83.290
  240 (vir)     1          67.757           4.045          -2.608         -13.351           82.546
  241 (vir)     1          68.132           3.477          -2.629         -13.687           82.667
  242 (vir)     1          68.747           4.046          -2.652         -13.120           83.261
  243 (vir)     1          69.022           5.566          -2.830         -13.550           85.308
  244 (vir)     1          70.241           4.366          -2.717         -13.682           85.572
  245 (vir)     1          71.307           3.879          -2.288         -13.198           86.096
  246 (vir)     1          71.391           4.764          -2.553         -13.453           87.055
  247 (vir)     1          71.876           4.967          -2.856         -13.974           87.960
  248 (vir)     1          72.136           4.037          -2.411         -13.555           87.317
  249 (vir)     1          72.943           4.344          -2.704         -13.708           88.291
  250 (vir)     1          73.350           5.124          -2.969         -14.570           90.075
  251 (vir)     1          73.808           4.093          -2.453         -13.682           89.130
  252 (vir)     1          74.352           4.925          -2.913         -14.358           90.721
  253 (vir)     1          74.739           4.693          -2.400         -13.506           90.537
  254 (vir)     1          75.154           4.202          -2.673         -13.938           90.621
  255 (vir)     1          75.567           4.454          -2.406         -13.469           91.085
  256 (vir)     1          75.754           4.960          -3.021         -14.659           92.352
  257 (vir)     1          76.660           4.956          -2.501         -13.974           93.089
  258 (vir)     1          76.973           4.958          -2.722         -14.155           93.364
  259 (vir)     1          77.307           4.434          -3.135         -15.235           93.842
  260 (vir)     1          77.489           5.231          -2.608         -14.215           94.327
  261 (vir)     1          78.086           4.488          -2.669         -14.078           93.984
  262 (vir)     1          78.171           4.555          -2.724         -14.423           94.424
  263 (vir)     1          79.131           4.618          -2.662         -14.301           95.388
  264 (vir)     1          79.585           4.611          -2.706         -14.515           96.005
  265 (vir)     1          80.444           4.620          -2.732         -14.614           96.945
  266 (vir)     1          81.453           3.917          -2.701         -14.530           97.199
  267 (vir)     1          81.822           3.797          -2.823         -14.822           97.618
  268 (vir)     1          81.925           3.660          -2.743         -14.439           97.281
  269 (vir)     1          82.429           4.333          -2.808         -14.612           98.566
  270 (vir)     1          82.826           3.764          -2.676         -14.595           98.509
  271 (vir)     1          82.937           4.489          -3.112         -15.563           99.877
  272 (vir)     1          83.399           3.820          -2.675         -14.646           99.189
  273 (vir)     1          84.185           4.971          -2.836         -15.160          101.480
  274 (vir)     1          85.167           4.038          -2.515         -14.438          101.127
  275 (vir)     1          85.382           4.012          -2.698         -14.902          101.599
  276 (vir)     1          85.917           3.306          -2.450         -14.123          100.896
  277 (vir)     1          86.008           4.655          -2.691         -15.128          103.101
  278 (vir)     1          86.061           3.908          -2.632         -14.678          102.015
  279 (vir)     1          86.835           3.970          -2.523         -14.157          102.439
  280 (vir)     1          87.328           4.206          -2.672         -14.906          103.768
  281 (vir)     1          87.599           4.280          -2.724         -14.915          104.069
  282 (vir)     1          89.007           4.540          -2.839         -15.552          106.259
  283 (vir)     1          89.286           3.737          -2.810         -15.686          105.899
  284 (vir)     1          90.047           3.710          -2.469         -14.452          105.740
  285 (vir)     1          90.957           3.922          -2.743         -15.409          107.545
  286 (vir)     1          91.184           3.389          -2.742         -15.525          107.356
  287 (vir)     1          91.523           3.522          -2.769         -15.001          107.277
  288 (vir)     1          92.421           3.465          -2.751         -15.486          108.621
  289 (vir)     1          93.022           3.478          -2.691         -15.243          109.051
  290 (vir)     1          93.925           4.118          -2.636         -15.157          110.565
  291 (vir)     1          96.080           3.803          -2.584         -15.149          112.448
  292 (vir)     1          96.662           2.942          -2.611         -15.450          112.444
  293 (vir)     1          97.245           3.147          -2.654         -15.835          113.572
  294 (vir)     1          97.413           3.673          -2.703         -15.446          113.828
  295 (vir)     1          97.997           3.590          -2.430         -14.857          114.013
  296 (vir)     1          98.479           3.376          -2.585         -15.061          114.331
  297 (vir)     1          99.430           2.308          -1.865         -13.237          113.110
  298 (vir)     1         100.059           3.105          -2.291         -14.461          115.334
  299 (vir)     1         101.544           2.845          -2.349         -14.572          116.611
  300 (vir)     1         101.759           3.334          -2.713         -15.625          118.004
  301 (vir)     1         103.681           3.380          -2.569         -15.426          119.917
  302 (vir)     1         105.782           3.265          -2.645         -15.853          122.256
  303 (vir)     1         106.323           3.229          -2.150         -14.437          121.840
  304 (vir)     1         109.388           2.966          -2.903         -16.599          126.050
  305 (vir)     1         110.078           2.958          -2.512         -15.375          125.900
  306 (vir)     1         113.429           2.463          -2.518         -15.589          128.964
  307 (vir)     1         116.878           2.898          -2.478         -16.117          133.415
  308 (vir)     1         117.822           2.920          -2.760         -16.854          134.837
  309 (vir)     1         120.067           2.472          -2.720         -16.622          136.441
  310 (vir)     1         121.051           2.568          -2.684         -16.594          137.528
  311 (vir)     1         122.211           2.465          -2.565         -16.445          138.556
  312 (vir)     1         122.642           2.491          -2.387         -15.970          138.716
  313 (vir)     1         126.960           2.210          -2.533         -16.506          143.143
  314 (vir)     1         130.034           2.331          -2.715         -17.042          146.693
  315 (vir)     1         131.753           2.556          -2.869         -17.750          149.190
  316 (vir)     1         133.062           2.124          -2.705         -17.176          149.656
  317 (vir)     1         137.534           2.260          -2.491         -16.873          154.175
  318 (vir)     1         138.222           2.303          -2.355         -16.496          154.666
  319 (vir)     1         140.885           2.488          -2.423         -16.874          157.824
  320 (vir)     1         143.111           2.342          -2.201         -16.409          159.661
  321 (vir)     1         153.910           2.627          -1.803         -15.876          170.609
  322 (vir)     1         161.987           2.720          -1.572         -15.257          178.391
  323 (vir)     1         163.347           2.686          -1.600         -15.605          180.038
  324 (vir)     1         163.935           2.526          -1.663         -15.855          180.654
  325 (vir)     1         167.055           2.217          -1.478         -14.910          182.704
  326 (vir)     1         209.878           5.036          -1.791         -16.249          229.372
  327 (vir)     1         224.491           5.453          -2.031         -17.375          245.287
  328 (vir)     1         228.775           5.834          -1.915         -17.433          250.126
  329 (vir)     1         237.465           6.342          -1.766         -16.874          258.915
  330 (vir)     1         239.707          10.537          -1.109         -14.350          263.484
  331 (vir)     1         240.946           8.665          -1.241         -15.123          263.492
  332 (vir)     1         241.537          12.018          -1.042         -14.150          266.663
  333 (vir)     1         242.539           3.817          -0.873         -13.690          259.174
  334 (vir)     1         243.466           6.352          -0.852         -13.667          262.633
  335 (vir)     1         245.470           7.422          -1.456         -16.256          267.692
 
