 
  kpoint:       1             coordinate:     0.0000    0.0000    0.0000                  spin:  1
 
    n           k   ϵ_nk^DFT (eV)     Σ^c_nk (eV)     Σ^x_nk (eV)    v_nk^xc (eV)   ϵ_nk^G0W0 (eV)
 
    1 (occ)     1         -33.960           8.778         -37.651         -23.105          -39.728
    2 (occ)     1         -27.639           7.959         -37.717         -24.062          -33.335
    3 (occ)     1         -15.279           1.579         -27.711         -22.417          -18.994
    4 (occ)     1         -12.792           4.628         -31.378         -22.120          -17.421
    5 (occ)     1         -12.792           4.628         -31.376         -22.120          -17.420
    6 (occ)     1          -9.401           3.721         -32.607         -23.925          -14.362
    7 (occ)     1          -9.401           3.720         -32.605         -23.925          -14.361
    8 (vir)     1          -5.671          -2.132         -15.485         -23.391            0.103
    9 (vir)     1           0.704          -0.408          -1.142          -3.791            2.946
   10 (vir)     1           2.193          -0.473          -1.131          -3.638            4.227
   11 (vir)     1          11.005          -0.696          -4.449          -9.945           15.804
   12 (vir)     1          11.005          -0.697          -4.449          -9.945           15.804
   13 (vir)     1          14.383          -2.129          -2.515          -8.462           18.200
   14 (vir)     1          15.777          -1.357          -3.668          -9.424           20.177
   15 (vir)     1          15.777          -1.356          -3.668          -9.424           20.176
   16 (vir)     1          17.436          -1.177          -2.265          -7.730           21.724
   17 (vir)     1          17.439          -1.178          -2.266          -7.728           21.723
   18 (vir)     1          20.434          -2.860          -3.300          -9.796           24.069
   19 (vir)     1          20.538          -1.572          -3.006          -9.056           25.016
   20 (vir)     1          20.538          -1.572          -3.006          -9.056           25.016
   21 (vir)     1          24.267          -2.314          -2.636          -9.073           28.390
   22 (vir)     1          25.915          -1.540          -2.298          -8.411           30.488
   23 (vir)     1          25.918          -1.544          -2.307          -8.409           30.475
   24 (vir)     1          28.980          -2.794          -2.613          -8.158           31.731
   25 (vir)     1          36.145          -0.391          -2.530         -10.288           43.513
   26 (vir)     1          38.333          -2.297          -1.770          -8.513           42.780
   27 (vir)     1          38.333          -2.295          -1.769          -8.513           42.782
   28 (vir)     1          38.682          -1.562          -1.352          -7.964           43.732
   29 (vir)     1          38.682          -1.562          -1.351          -7.964           43.733
   30 (vir)     1          44.612          -2.463          -1.589          -9.202           49.761
   31 (vir)     1          44.612          -2.470          -1.593          -9.202           49.751
   32 (vir)     1          44.729          -0.880          -1.096          -6.190           48.943
   33 (vir)     1          44.729          -0.880          -1.095          -6.190           48.943
   34 (vir)     1          49.718          -0.825          -3.861         -12.688           57.720
   35 (vir)     1          49.718          -0.830          -3.862         -12.688           57.714
   36 (vir)     1          54.554          -3.080          -1.707          -9.851           59.618
   37 (vir)     1          54.554          -3.079          -1.705          -9.851           59.620
   38 (vir)     1          56.314          -4.885          -1.980          -9.994           59.443
   39 (vir)     1          62.199          -3.101          -2.775         -11.218           67.542
   40 (vir)     1          62.199          -3.096          -2.743         -11.217           67.578
   41 (vir)     1          66.001           0.699          -7.038         -18.579           78.240
   42 (vir)     1          73.771          -9.370          -7.689         -19.095           75.807
   43 (vir)     1          73.771          -9.475          -7.686         -19.095           75.705
   44 (vir)     1          79.507          -6.414          -6.085         -18.935           85.944
   45 (vir)     1          79.507          -6.410          -6.082         -18.935           85.951
   46 (vir)     1          81.672           1.805          -3.531         -13.985           93.930
   47 (vir)     1          84.738          -8.283          -6.657         -19.838           89.635
   48 (vir)     1          84.738          -8.460          -6.657         -19.838           89.460
   49 (vir)     1          87.003           1.688          -5.857         -19.763          102.597
   50 (vir)     1          89.428           5.631          -6.801         -18.904          107.161
   51 (vir)     1          89.428           5.683          -6.812         -18.903          107.202
   52 (vir)     1          97.173           2.270          -4.457         -20.754          115.740
   53 (vir)     1         101.068           3.222          -5.878         -21.140          119.552
   54 (vir)     1         101.068           3.231          -5.876         -21.140          119.563
   55 (vir)     1         108.367           3.718          -6.393         -23.133          128.825
   56 (vir)     1         108.367           3.710          -6.391         -23.133          128.819
   57 (vir)     1         135.245           2.914          -4.692         -22.863          156.330
   58 (vir)     1         408.203           1.314          -2.394         -22.085          429.208
 
