 
  kpoint:       1             coordinate:     0.0000    0.0000    0.0000                  spin:  1
 
    n           k   ϵ_nk^DFT (eV)     Σ^c_nk (eV)     Σ^x_nk (eV)    v_nk^xc (eV)   ϵ_nk^G0W0 (eV)
 
    1 (occ)     1         -27.196           9.303         -30.360         -18.673          -29.580
    2 (occ)     1         -26.261           9.481         -31.506         -19.708          -28.578
    3 (occ)     1         -24.754           8.100         -29.143         -18.452          -27.345
    4 (occ)     1         -23.342           7.464         -28.321         -18.124          -26.074
    5 (occ)     1         -20.043           6.082         -25.295         -16.324          -22.932
    6 (occ)     1         -17.412           4.162         -23.731         -16.406          -20.575
    7 (occ)     1         -16.685           4.090         -24.474         -17.274          -19.795
    8 (occ)     1         -15.059           3.204         -22.674         -16.182          -18.347
    9 (occ)     1         -14.025           3.130         -22.925         -16.870          -16.950
   10 (occ)     1         -13.057           2.304         -21.826         -16.077          -16.503
   11 (occ)     1         -12.031           3.133         -20.537         -14.858          -14.577
   12 (occ)     1         -11.708           2.835         -22.866         -16.849          -14.890
   13 (occ)     1         -11.114           3.301         -24.146         -17.634          -14.325
   14 (occ)     1         -10.424           2.661         -23.215         -17.368          -13.611
   15 (occ)     1         -10.244           3.338         -24.952         -18.558          -13.300
   16 (occ)     1         -10.116           2.607         -20.884         -15.831          -12.562
   17 (occ)     1          -9.279           1.847         -19.812         -15.298          -11.946
   18 (occ)     1          -7.130           1.873         -22.279         -17.884           -9.652
   19 (occ)     1          -7.102           3.203         -24.887         -18.865           -9.920
   20 (occ)     1          -6.372           0.785         -18.877         -15.757           -8.708
   21 (occ)     1          -6.273           3.119         -25.002         -19.146           -9.010
   22 (vir)     1          -2.422          -2.255          -9.287         -14.321            0.357
   23 (vir)     1          -1.141          -2.734          -9.785         -15.383            1.722
   24 (vir)     1          -0.953          -1.071          -1.772          -4.538            0.742
   25 (vir)     1          -0.154          -0.893          -1.415          -3.833            1.371
   26 (vir)     1          -0.036          -0.796          -1.241          -3.452            1.379
   27 (vir)     1           0.365          -0.577          -0.550          -2.220            1.457
   28 (vir)     1           0.541          -0.909          -1.506          -3.990            2.116
   29 (vir)     1           0.817          -0.754          -1.117          -3.240            2.186
   30 (vir)     1           1.003          -0.624          -0.852          -2.774            2.301
   31 (vir)     1           1.080          -1.570          -2.678          -5.907            2.738
   32 (vir)     1           1.340          -0.709          -1.332          -3.224            2.523
   33 (vir)     1           1.645          -2.184          -4.092          -8.164            3.534
   34 (vir)     1           1.661          -0.725          -1.149          -3.215            3.002
   35 (vir)     1           1.839          -0.650          -0.964          -2.930            3.156
   36 (vir)     1           2.345          -0.962          -1.660          -4.021            3.744
   37 (vir)     1           2.505          -0.473          -0.466          -1.976            3.543
   38 (vir)     1           2.522          -0.378          -0.381          -1.696            3.458
   39 (vir)     1           2.564          -0.471          -0.494          -1.926            3.524
   40 (vir)     1           2.612          -0.500          -0.562          -2.169            3.719
   41 (vir)     1           2.924          -0.916          -1.516          -3.762            4.254
   42 (vir)     1           2.944          -1.316          -2.460          -5.439            4.607
   43 (vir)     1           2.974          -0.721          -0.806          -2.658            4.106
   44 (vir)     1           3.092          -0.729          -1.019          -3.079            4.423
   45 (vir)     1           3.303          -1.312          -2.616          -5.686            5.061
   46 (vir)     1           3.588          -1.699          -3.331          -7.055            5.614
   47 (vir)     1           3.964          -1.238          -2.114          -5.023            5.634
   48 (vir)     1           4.266          -1.526          -2.934          -6.378            6.184
   49 (vir)     1           4.472          -2.504          -5.382         -10.313            6.899
   50 (vir)     1           4.531          -0.750          -0.831          -2.938            5.888
   51 (vir)     1           4.945          -1.558          -2.746          -6.174            6.815
   52 (vir)     1           5.139          -0.968          -0.948          -3.380            6.604
   53 (vir)     1           5.331          -1.424          -2.350          -5.629            7.187
   54 (vir)     1           5.430          -1.653          -2.496          -6.113            7.394
   55 (vir)     1           5.680          -0.977          -1.313          -3.863            7.254
   56 (vir)     1           5.787          -0.815          -0.786          -3.045            7.232
   57 (vir)     1           6.080          -1.358          -2.485          -5.696            7.933
   58 (vir)     1           6.134          -0.760          -0.804          -2.990            7.560
   59 (vir)     1           6.347          -2.536          -4.861         -10.031            8.981
   60 (vir)     1           6.739          -2.339          -4.021          -8.822            9.202
   61 (vir)     1           6.885          -1.181          -1.224          -4.193            8.673
   62 (vir)     1           7.151          -1.220          -1.693          -4.661            8.899
   63 (vir)     1           7.378          -1.242          -1.026          -4.017            9.127
   64 (vir)     1           7.823          -1.547          -1.851          -5.297            9.722
   65 (vir)     1           7.856          -1.741          -1.592          -5.208            9.731
   66 (vir)     1           8.021          -2.165          -3.285          -7.630           10.202
   67 (vir)     1           8.366          -2.310          -3.564          -8.190           10.682
   68 (vir)     1           8.396          -1.286          -1.007          -3.880            9.982
   69 (vir)     1           8.838          -1.413          -1.789          -5.245           10.881
   70 (vir)     1           8.897          -1.197          -0.951          -3.719           10.468
   71 (vir)     1           9.776          -2.728          -3.777          -8.959           12.231
   72 (vir)     1          10.240          -1.630          -2.381          -6.980           13.209
   73 (vir)     1          10.290          -2.134          -2.622          -6.992           12.526
   74 (vir)     1          10.659          -1.808          -1.921          -5.891           12.820
   75 (vir)     1          11.056          -1.023          -0.914          -3.784           12.903
   76 (vir)     1          11.079          -2.004          -2.139          -6.430           13.366
   77 (vir)     1          11.844          -2.368          -2.832          -7.624           14.268
   78 (vir)     1          11.888          -2.090          -2.463          -6.914           14.249
   79 (vir)     1          12.035          -4.429          -6.068         -13.589           15.127
   80 (vir)     1          12.412          -2.744          -3.038          -8.401           15.030
   81 (vir)     1          13.043          -2.382          -2.772          -7.488           15.377
   82 (vir)     1          13.321          -3.193          -3.107          -8.780           15.801
   83 (vir)     1          13.417          -2.914          -2.115          -7.283           15.670
   84 (vir)     1          13.823          -3.818          -4.022         -10.632           16.614
   85 (vir)     1          13.970          -2.574          -1.971          -6.902           16.327
   86 (vir)     1          14.059          -3.201          -1.840          -7.009           16.027
   87 (vir)     1          14.093          -2.863          -2.751          -8.057           16.536
   88 (vir)     1          14.715          -2.867          -2.636          -8.048           17.260
   89 (vir)     1          14.878          -2.978          -2.641          -8.048           17.307
   90 (vir)     1          14.893          -2.805          -1.768          -6.882           17.201
   91 (vir)     1          15.633          -2.905          -2.691          -8.269           18.305
   92 (vir)     1          16.154          -2.352          -2.161          -7.038           18.680
   93 (vir)     1          16.520          -4.188          -4.078         -11.317           19.570
   94 (vir)     1          17.418          -3.636          -3.640         -10.219           20.361
   95 (vir)     1          17.679          -3.017          -1.650          -6.846           19.859
   96 (vir)     1          18.265          -3.040          -2.484          -8.200           20.941
   97 (vir)     1          18.337          -3.142          -2.683          -8.527           21.038
   98 (vir)     1          18.766          -3.969          -2.886          -9.181           21.092
   99 (vir)     1          19.403          -3.109          -2.201          -7.901           21.994
  100 (vir)     1          19.595          -3.967          -3.146          -9.745           22.226
  101 (vir)     1          20.050          -3.166          -2.157          -7.925           22.653
  102 (vir)     1          20.085          -2.564          -2.203          -7.419           22.737
  103 (vir)     1          20.804          -3.609          -3.253          -9.705           23.648
  104 (vir)     1          21.353          -3.887          -1.828          -7.856           23.494
  105 (vir)     1          21.744          -3.990          -3.025          -9.789           24.518
  106 (vir)     1          21.774          -3.198          -1.650          -7.178           24.104
  107 (vir)     1          21.938          -3.019          -1.866          -7.334           24.387
  108 (vir)     1          22.372          -3.559          -2.260          -8.392           24.944
  109 (vir)     1          22.897          -3.161          -1.556          -6.995           25.175
  110 (vir)     1          22.945          -4.150          -3.361         -10.479           25.912
  111 (vir)     1          23.745          -3.132          -2.454          -8.386           26.544
  112 (vir)     1          24.085          -3.745          -2.258          -8.362           26.443
  113 (vir)     1          24.151          -3.201          -2.539          -8.602           27.012
  114 (vir)     1          24.369          -3.937          -1.855          -7.947           26.524
  115 (vir)     1          24.965          -3.433          -2.344          -8.470           27.658
  116 (vir)     1          25.267          -3.807          -2.431          -8.627           27.656
  117 (vir)     1          25.275          -3.574          -2.705          -9.102           28.097
  118 (vir)     1          25.745          -3.517          -2.484          -8.838           28.583
  119 (vir)     1          26.060          -0.285          -3.265          -9.994           32.505
  120 (vir)     1          27.237          -4.070          -3.106         -10.218           30.281
  121 (vir)     1          27.243          -3.959          -1.909          -8.080           29.456
  122 (vir)     1          27.700          -4.006          -2.144          -8.385           29.936
  123 (vir)     1          29.057          -6.069          -3.157         -10.614           30.444
  124 (vir)     1          29.404          -3.483          -2.153          -8.107           31.875
  125 (vir)     1          30.663          -4.320          -2.151          -8.590           32.783
  126 (vir)     1          30.736          -5.583          -2.894          -9.990           32.248
  127 (vir)     1          32.364          -6.839          -2.924         -10.583           33.184
  128 (vir)     1          34.171          -5.630          -2.921         -10.523           36.143
  129 (vir)     1          34.255          -6.114          -2.940         -10.970           36.172
  130 (vir)     1          34.603          -8.280          -2.846         -11.571           35.049
  131 (vir)     1          35.029          -5.913          -3.312         -11.441           37.245
  132 (vir)     1          35.980          -5.918          -2.987         -10.893           37.969
  133 (vir)     1          37.989          -6.283          -2.653         -10.276           39.330
  134 (vir)     1          38.133          -6.195          -3.580         -11.867           40.224
  135 (vir)     1          39.540          -7.286          -3.831         -12.112           40.534
  136 (vir)     1          39.549          -6.329          -1.936          -8.940           40.225
  137 (vir)     1          39.720          -6.757          -2.937         -10.979           41.005
  138 (vir)     1          40.518          -7.047          -2.700         -10.620           41.392
  139 (vir)     1          41.496          -7.709          -3.085         -11.585           42.287
  140 (vir)     1          42.450          -8.896          -3.669         -12.255           42.139
  141 (vir)     1          42.502          -8.653          -3.268         -12.379           42.960
  142 (vir)     1          42.804          -8.631          -3.614         -12.360           42.918
  143 (vir)     1          43.815          -8.176          -3.221         -11.767           44.186
  144 (vir)     1          45.115         -10.286          -3.688         -12.981           44.121
  145 (vir)     1          45.814         -10.417          -3.273         -12.538           44.662
  146 (vir)     1          45.919         -11.374          -3.807         -13.450           44.188
  147 (vir)     1          46.672          -8.861          -3.656         -12.709           46.864
  148 (vir)     1          46.953         -11.041          -3.616         -12.972           45.269
  149 (vir)     1          47.492         -11.255          -3.182         -12.947           46.001
  150 (vir)     1          48.034         -10.984          -3.940         -13.650           46.760
  151 (vir)     1          48.832         -10.367          -3.496         -12.629           47.597
  152 (vir)     1          49.206          -7.990          -3.581         -12.859           50.494
  153 (vir)     1          49.722         -11.005          -3.577         -13.134           48.275
  154 (vir)     1          50.301           5.794          -4.177         -14.025           65.942
  155 (vir)     1          50.955          -9.229          -3.720         -13.599           51.605
  156 (vir)     1          51.984           5.698          -3.582         -13.168           67.268
  157 (vir)     1          52.372           5.333          -3.355         -13.311           67.661
  158 (vir)     1          53.525          -8.949          -3.616         -13.585           54.545
  159 (vir)     1          53.674         -10.947          -3.442         -12.919           52.204
  160 (vir)     1          54.615         -12.315          -3.301         -13.160           52.159
  161 (vir)     1          55.512           5.143          -3.255         -12.883           70.283
  162 (vir)     1          55.846          -8.731          -2.898         -12.233           56.450
  163 (vir)     1          57.139         -11.136          -3.231         -13.374           56.147
  164 (vir)     1          57.648         -11.895          -3.428         -13.634           55.959
  165 (vir)     1          57.842          -5.999          -3.502         -13.101           61.442
  166 (vir)     1          58.286           4.090          -3.478         -14.051           72.949
  167 (vir)     1          58.392          -9.842          -3.014         -12.974           58.510
  168 (vir)     1          58.756          -8.774          -3.236         -13.003           59.749
  169 (vir)     1          59.236           5.045          -2.956         -13.433           74.758
  170 (vir)     1          59.721           5.526          -3.161         -13.368           75.453
  171 (vir)     1          59.823           4.119          -3.241         -13.730           74.429
  172 (vir)     1          60.332           5.248          -3.169         -13.861           76.271
  173 (vir)     1          61.693           3.546          -3.052         -13.589           75.776
  174 (vir)     1          62.257           5.491          -3.339         -13.870           78.279
  175 (vir)     1          62.992           4.534          -3.309         -13.945           78.163
  176 (vir)     1          64.310           4.539          -3.185         -14.270           79.934
  177 (vir)     1          64.827           3.977          -2.961         -13.545           79.388
  178 (vir)     1          65.225           3.513          -2.900         -13.467           79.305
  179 (vir)     1          66.514           4.791          -3.106         -13.918           82.117
  180 (vir)     1          67.197           4.983          -3.159         -14.265           83.286
  181 (vir)     1          67.618           4.820          -2.975         -13.960           83.424
  182 (vir)     1          67.906           4.056          -2.646         -13.988           83.305
  183 (vir)     1          69.192           4.687          -3.127         -14.269           85.021
  184 (vir)     1          69.321           3.997          -2.585         -13.542           84.275
  185 (vir)     1          69.736           3.523          -2.346         -12.840           83.752
  186 (vir)     1          71.135           4.793          -2.871         -13.833           86.889
  187 (vir)     1          71.606           4.190          -2.795         -13.907           86.908
  188 (vir)     1          72.186           4.272          -2.183         -13.456           87.731
  189 (vir)     1          73.637           4.608          -3.190         -14.997           90.053
  190 (vir)     1          74.013           3.945          -2.494         -13.835           89.298
  191 (vir)     1          75.355           4.924          -2.597         -13.849           91.532
  192 (vir)     1          75.522           3.936          -2.484         -13.146           90.120
  193 (vir)     1          76.111           4.122          -3.464         -15.336           92.105
  194 (vir)     1          76.608           3.988          -2.877         -14.480           92.199
  195 (vir)     1          77.397           4.566          -2.828         -14.497           93.631
  196 (vir)     1          77.859           4.798          -3.194         -15.261           94.723
  197 (vir)     1          78.900           4.555          -3.432         -15.722           95.745
  198 (vir)     1          79.565           3.426          -3.087         -15.333           95.236
  199 (vir)     1          80.430           4.789          -2.697         -14.599           97.121
  200 (vir)     1          81.294           4.032          -2.728         -14.260           96.858
  201 (vir)     1          82.352           3.119          -2.605         -14.514           97.380
  202 (vir)     1          83.041           3.799          -2.864         -14.424           98.400
  203 (vir)     1          84.366           3.929          -2.548         -14.278          100.025
  204 (vir)     1          84.785           3.781          -2.514         -14.283          100.334
  205 (vir)     1          86.128           4.478          -2.831         -15.631          103.406
  206 (vir)     1          86.377           3.384          -2.486         -14.229          101.504
  207 (vir)     1          86.877           4.224          -2.603         -14.528          103.025
  208 (vir)     1          87.445           4.071          -2.583         -14.722          103.656
  209 (vir)     1          89.393           3.873          -2.603         -14.670          105.333
  210 (vir)     1          89.692           2.690          -2.337         -13.989          104.035
  211 (vir)     1          90.210           3.235          -2.725         -14.980          105.700
  212 (vir)     1          90.612           2.929          -2.791         -15.485          106.235
  213 (vir)     1          91.694           3.620          -3.037         -15.805          108.083
  214 (vir)     1          92.920           3.916          -2.921         -15.627          109.541
  215 (vir)     1          95.888           2.603          -2.939         -15.301          110.853
  216 (vir)     1          97.349           2.480          -2.121         -13.613          111.321
  217 (vir)     1         100.374           3.598          -2.725         -15.966          117.213
  218 (vir)     1         101.891           2.679          -2.487         -14.903          116.987
  219 (vir)     1         105.753           3.649          -2.874         -16.601          123.128
  220 (vir)     1         109.669           3.073          -2.716         -16.160          126.186
  221 (vir)     1         113.786           2.471          -2.555         -15.724          129.426
  222 (vir)     1         115.059           2.413          -3.086         -16.926          131.312
  223 (vir)     1         122.724           2.919          -2.880         -17.537          140.301
  224 (vir)     1         127.116           2.655          -2.744         -17.331          144.358
  225 (vir)     1         128.808           3.983          -3.324         -18.896          148.362
  226 (vir)     1         130.707           3.870          -3.456         -19.302          150.423
  227 (vir)     1         131.131           2.798          -2.793         -17.304          148.439
  228 (vir)     1         132.720           3.144          -3.713         -19.597          151.748
  229 (vir)     1         133.803           3.225          -3.795         -19.864          153.096
  230 (vir)     1         136.189           4.298          -3.283         -18.812          156.016
  231 (vir)     1         139.620           3.666          -3.242         -18.876          158.920
  232 (vir)     1         140.807           2.288          -2.704         -17.378          157.768
  233 (vir)     1         152.146           2.612          -1.828         -15.869          168.799
  234 (vir)     1         161.686           2.557          -1.658         -15.676          178.261
  235 (vir)     1         163.312           2.639          -1.576         -15.295          179.671
  236 (vir)     1         164.504           2.529          -1.591         -15.612          181.055
  237 (vir)     1         179.109           1.392          -5.222         -23.133          198.412
  238 (vir)     1         179.501           1.338          -5.108         -23.054          198.785
  239 (vir)     1         179.813           1.359          -5.188         -23.081          199.066
  240 (vir)     1         181.916           1.305          -5.008         -23.034          201.247
  241 (vir)     1         183.503           1.636          -4.940         -23.018          203.217
  242 (vir)     1         184.489           1.623          -4.893         -22.983          204.202
  243 (vir)     1         184.688           1.818          -4.979         -22.971          204.498
  244 (vir)     1         188.817           1.673          -4.994         -23.069          208.565
  245 (vir)     1         190.262           1.578          -4.971         -23.232          210.101
  246 (vir)     1         192.299           1.596          -4.803         -23.057          212.149
  247 (vir)     1         204.919           4.786          -1.819         -15.539          223.425
  248 (vir)     1         229.117           4.945          -2.082         -17.034          249.015
  249 (vir)     1         232.213           4.619          -2.095         -17.210          251.946
  250 (vir)     1         234.221           4.896          -1.944         -16.730          253.903
  251 (vir)     1         236.176           0.893          -3.622         -21.596          255.043
  252 (vir)     1         236.752           4.648          -1.741         -16.047          255.706
  253 (vir)     1         238.677           0.936          -3.601         -21.777          257.790
  254 (vir)     1         239.020           0.891          -3.647         -21.836          258.100
  255 (vir)     1         239.639           0.891          -3.422         -21.157          258.264
  256 (vir)     1         240.372           0.916          -3.717         -22.029          259.600
  257 (vir)     1         240.818           1.066          -3.047         -20.004          258.841
  258 (vir)     1         240.912           0.911          -3.471         -21.345          259.696
  259 (vir)     1         242.533           0.840          -3.681         -22.037          261.730
  260 (vir)     1         242.565           1.934          -2.284         -17.797          260.012
  261 (vir)     1         243.692           1.027          -3.040         -20.079          261.758
  262 (vir)     1         244.422           0.955          -3.566         -21.587          263.398
  263 (vir)     1         244.495           1.100          -3.754         -22.257          264.098
  264 (vir)     1         245.542           1.645          -3.378         -21.157          264.966
  265 (vir)     1         247.066           0.699          -3.723         -22.185          266.225
  266 (vir)     1         251.603           1.837          -2.735         -19.432          270.137
  267 (vir)     1         260.633           4.382          -2.286         -17.922          280.650
  268 (vir)     1         279.011           4.714          -2.597         -19.440          300.568
 
