 
  kpoint:       1             coordinate:     0.0000    0.0000    0.0000                  spin:  1
 
    n           k   ϵ_nk^DFT (eV)     Σ^c_nk (eV)     Σ^x_nk (eV)    v_nk^xc (eV)   ϵ_nk^G0W0 (eV)
 
    1 (occ)     1         -18.619           5.708         -25.171         -15.987          -22.095
    2 (occ)     1         -14.119           2.779         -20.690         -14.215          -17.816
    3 (occ)     1         -12.262           1.987         -21.276         -15.448          -16.103
    4 (occ)     1          -7.188           0.315         -16.884         -13.161          -10.596
    5 (occ)     1          -7.188           0.312         -16.841         -13.161          -10.556
    6 (vir)     1          -0.416          -1.513          -4.904          -9.849            3.016
    7 (vir)     1          -0.416          -1.507          -4.894          -9.849            3.032
    8 (vir)     1           0.272          -0.419          -0.656          -2.454            1.651
    9 (vir)     1           0.283          -0.600          -0.972          -3.121            1.833
   10 (vir)     1           1.037          -0.255          -0.504          -1.914            2.193
   11 (vir)     1           1.037          -0.255          -0.507          -1.914            2.189
   12 (vir)     1           1.220          -0.434          -0.891          -2.857            2.753
   13 (vir)     1           2.227          -0.488          -1.045          -2.774            3.468
   14 (vir)     1           2.227          -0.491          -1.050          -2.774            3.460
   15 (vir)     1           2.839          -1.089          -2.101          -5.328            4.976
   16 (vir)     1           3.173          -0.068          -0.024          -0.793            3.873
   17 (vir)     1           3.173          -0.068          -0.025          -0.793            3.872
   18 (vir)     1           3.835          -0.333          -0.587          -1.866            4.780
   19 (vir)     1           4.051          -1.130          -2.002          -5.171            6.090
   20 (vir)     1           4.805          -0.449          -0.955          -2.876            6.277
   21 (vir)     1           6.035          -0.635          -0.796          -3.286            7.890
   22 (vir)     1           6.035          -0.636          -0.798          -3.286            7.887
   23 (vir)     1           7.670          -0.610          -0.882          -3.239            9.417
   24 (vir)     1           7.670          -0.606          -0.884          -3.239            9.419
   25 (vir)     1           7.786          -1.394          -2.151          -6.024           10.264
   26 (vir)     1           8.179          -1.641          -1.287          -5.102           10.352
   27 (vir)     1           8.179          -1.649          -1.270          -5.102           10.361
   28 (vir)     1          10.118          -0.445          -0.378          -2.638           11.933
   29 (vir)     1          10.118          -0.620          -0.380          -2.638           11.757
   30 (vir)     1          12.049          -1.757          -0.971          -5.050           14.371
   31 (vir)     1          12.049          -1.829          -0.976          -5.050           14.294
   32 (vir)     1          12.550          -2.013          -2.290          -6.877           15.123
   33 (vir)     1          15.287          -2.797          -2.480          -8.116           18.126
   34 (vir)     1          16.083          -0.507          -0.449          -3.980           19.107
   35 (vir)     1          16.083          -0.508          -0.445          -3.980           19.110
   36 (vir)     1          16.363          -3.377          -3.176          -9.433           19.244
   37 (vir)     1          17.854          -3.310          -3.086          -9.085           20.543
   38 (vir)     1          17.854          -3.368          -3.070          -9.085           20.501
   39 (vir)     1          19.598          -2.469          -1.233          -6.376           22.271
   40 (vir)     1          20.854          -3.898          -1.584          -7.233           22.605
   41 (vir)     1          20.854          -3.932          -1.566          -7.233           22.589
   42 (vir)     1          21.812          -2.925          -0.948          -6.267           24.206
   43 (vir)     1          21.812          -2.893          -0.957          -6.267           24.229
   44 (vir)     1          22.257          -4.009          -2.774          -9.882           25.356
   45 (vir)     1          24.373          -0.696          -0.275          -4.328           27.730
   46 (vir)     1          24.373          -0.667          -0.277          -4.328           27.757
   47 (vir)     1          25.599          -0.575          -0.623          -5.185           29.586
   48 (vir)     1          25.599          -0.537          -0.643          -5.185           29.603
   49 (vir)     1          25.685          -0.534          -1.479          -7.213           30.885
   50 (vir)     1          25.685           0.245          -1.478          -7.213           31.665
   51 (vir)     1          26.719          -2.544          -0.964          -5.408           28.620
   52 (vir)     1          31.418           2.390          -3.590         -12.316           42.534
   53 (vir)     1          31.418           1.838          -3.605         -12.316           41.968
   54 (vir)     1          33.180          -7.877          -3.349         -12.394           34.348
   55 (vir)     1          35.796          -7.188          -3.179         -12.230           37.658
   56 (vir)     1          35.796          -7.295          -3.045         -12.230           37.685
   57 (vir)     1          47.456           1.292          -2.629         -12.521           58.640
   58 (vir)     1          47.456           1.911          -2.678         -12.521           59.211
   59 (vir)     1          52.386           3.498          -2.918         -12.584           65.550
   60 (vir)     1          53.410           2.964          -2.036         -10.670           65.007
   61 (vir)     1          54.822           3.672          -2.374         -11.924           68.043
   62 (vir)     1          54.822           3.714          -2.435         -11.924           68.025
   63 (vir)     1          60.415           1.865          -2.408         -12.782           72.654
   64 (vir)     1          60.415           1.740          -2.396         -12.782           72.540
   65 (vir)     1          64.124           2.642          -2.538         -13.455           77.682
   66 (vir)     1          71.605           2.890          -1.479         -12.620           85.636
   67 (vir)     1          71.605           3.030          -1.426         -12.620           85.829
   68 (vir)     1          72.461           4.062          -2.473         -14.825           88.875
   69 (vir)     1          82.627           2.245          -2.447         -15.036           97.461
   70 (vir)     1          82.627           2.201          -2.442         -15.036           97.422
   71 (vir)     1          92.454           2.581          -2.856         -15.800          107.979
   72 (vir)     1         117.920           2.310          -2.043         -14.622          132.809
   73 (vir)     1         152.141           2.342          -1.750         -15.913          168.646
   74 (vir)     1         162.868           2.958          -1.530         -15.565          179.861
   75 (vir)     1         190.680           3.255          -0.849         -11.983          205.069
   76 (vir)     1         242.696           3.134          -0.820         -13.366          258.377
 
