 
  kpoint:       1             coordinate:     0.0000    0.0000    0.0000                  spin:  1
 
    n           k   ϵ_nk^DFT (eV)     Σ^c_nk (eV)     Σ^x_nk (eV)    v_nk^xc (eV)   ϵ_nk^G0W0 (eV)
 
    1 (occ)     1         -26.692           8.579         -31.646         -20.178          -29.580
    2 (occ)     1         -15.683           3.301         -22.133         -15.181          -19.334
    3 (occ)     1         -12.144           2.574         -21.299         -15.238          -15.631
    4 (occ)     1         -10.938           2.980         -25.591         -18.926          -14.623
    5 (occ)     1         -10.037           1.085         -20.724         -16.609          -13.067
    6 (occ)     1          -6.229           1.971         -22.828         -17.874           -9.212
    7 (vir)     1          -2.647          -2.170          -7.692         -14.017            1.508
    8 (vir)     1          -0.179          -0.585          -1.067          -3.369            1.538
    9 (vir)     1           0.610          -0.425          -0.789          -2.545            1.941
   10 (vir)     1           0.706          -0.349          -0.693          -2.664            2.327
   11 (vir)     1           1.068          -0.363          -0.461          -1.980            2.224
   12 (vir)     1           2.027          -0.225          -0.427          -1.996            3.372
   13 (vir)     1           2.178          -0.161          -0.395          -1.624            3.246
   14 (vir)     1           2.297          -0.202          -0.111          -1.351            3.335
   15 (vir)     1           2.496          -0.157          -0.298          -1.446            3.487
   16 (vir)     1           2.641          -0.272          -0.427          -1.756            3.697
   17 (vir)     1           3.437          -0.808          -1.634          -4.296            5.292
   18 (vir)     1           4.455          -1.221          -2.802          -6.415            6.847
   19 (vir)     1           4.820          -1.007          -2.210          -5.655            7.258
   20 (vir)     1           6.400          -0.610          -0.629          -3.230            8.391
   21 (vir)     1           6.405          -0.864          -1.132          -4.309            8.718
   22 (vir)     1           7.372          -1.829          -1.465          -5.713            9.791
   23 (vir)     1           9.612          -1.722          -1.974          -6.564           12.480
   24 (vir)     1          10.622          -1.347          -2.496          -6.710           13.489
   25 (vir)     1          11.210          -2.697          -3.770          -9.347           14.091
   26 (vir)     1          12.809          -1.956          -1.376          -5.830           15.306
   27 (vir)     1          12.913          -2.258          -3.143          -8.609           16.121
   28 (vir)     1          13.412          -2.249          -2.313          -7.713           16.563
   29 (vir)     1          13.684          -1.382          -1.045          -4.898           16.154
   30 (vir)     1          15.394          -1.033          -1.035          -4.914           18.241
   31 (vir)     1          15.622          -1.886          -1.883          -6.598           18.451
   32 (vir)     1          16.219          -0.929          -0.453          -4.067           18.903
   33 (vir)     1          16.543          -1.012          -0.556          -4.035           19.011
   34 (vir)     1          17.359          -2.786          -2.657          -8.766           20.682
   35 (vir)     1          18.627          -3.797          -3.891         -11.069           22.008
   36 (vir)     1          20.547          -4.032          -2.685          -9.659           23.489
   37 (vir)     1          22.191          -3.720          -3.374         -10.810           25.906
   38 (vir)     1          29.354          -4.139          -3.221         -10.899           32.892
   39 (vir)     1          31.137          -5.394          -3.551         -11.829           34.021
   40 (vir)     1          32.084          -6.118          -4.112         -13.276           35.130
   41 (vir)     1          34.940          -5.995          -4.537         -13.806           38.214
   42 (vir)     1          35.414          -7.593          -1.982         -11.144           36.982
   43 (vir)     1          38.519          -6.892          -3.591         -11.687           39.723
   44 (vir)     1          43.610           4.966          -4.059         -13.616           58.133
   45 (vir)     1          44.126           3.583          -4.328         -13.482           56.863
   46 (vir)     1          47.219           4.384          -3.468         -13.994           62.129
   47 (vir)     1          49.270          -8.288          -3.123         -12.517           50.376
   48 (vir)     1          52.102          -6.796          -2.416         -11.818           54.709
   49 (vir)     1          54.041           3.911          -2.265         -12.184           67.870
   50 (vir)     1          54.474           3.218          -2.881         -12.169           66.981
   51 (vir)     1          55.468           2.378          -2.435         -12.351           67.761
   52 (vir)     1          62.372           3.508          -1.993         -12.757           76.644
   53 (vir)     1          65.616           3.744          -3.906         -15.726           81.180
   54 (vir)     1          65.729           5.388          -3.185         -14.648           82.578
   55 (vir)     1          67.909           5.242          -3.164         -14.683           84.670
   56 (vir)     1          75.451           3.067          -2.452         -15.124           91.190
   57 (vir)     1          93.170           3.746          -2.773         -15.678          109.822
   58 (vir)     1         124.885           9.609          -2.305         -17.986          150.176
   59 (vir)     1         126.180           8.739          -2.303         -19.071          151.687
   60 (vir)     1         128.786           7.140          -2.478         -17.151          150.599
   61 (vir)     1         141.882           2.991          -1.772         -15.130          158.230
   62 (vir)     1         151.404           4.069          -1.572         -16.111          170.012
   63 (vir)     1         161.406           4.177          -1.450         -15.900          180.034
   64 (vir)     1         176.103           0.954          -4.032         -23.145          196.171
   65 (vir)     1         176.374           1.029          -5.312         -23.098          195.189
   66 (vir)     1         180.774           1.393          -4.601         -22.880          200.446
   67 (vir)     1         181.031           1.433          -4.848         -23.158          200.774
   68 (vir)     1         182.861           1.095          -4.199         -23.453          203.211
   69 (vir)     1         221.811           0.892          -2.055         -19.321          239.969
   70 (vir)     1         228.264           0.421          -2.466         -20.888          247.107
   71 (vir)     1         232.395           0.593          -3.100         -20.993          250.881
   72 (vir)     1         232.589           0.889          -2.769         -21.361          252.071
   73 (vir)     1         233.090           1.082          -2.664         -21.347          252.856
   74 (vir)     1         234.548           1.027          -2.549         -21.187          254.213
   75 (vir)     1         237.022           1.355          -3.296         -22.136          257.217
   76 (vir)     1         248.713           0.633          -1.730         -18.195          265.810
 
