 
  kpoint:       1             coordinate:     0.0000    0.0000    0.0000                  spin:  1
 
    n           k   ϵ_nk^DFT (eV)     Σ^c_nk (eV)     Σ^x_nk (eV)    v_nk^xc (eV)   ϵ_nk^G0W0 (eV)
 
    1 (occ)     1         -50.924          -1.995         -43.928         -28.318          -68.529
    2 (occ)     1         -50.912          -2.462         -43.949         -28.335          -68.988
    3 (occ)     1          -3.227           0.020          -6.959          -5.287           -4.879
    4 (vir)     1          -1.747          -0.941          -1.204          -3.553           -0.339
    5 (vir)     1          -1.221          -0.850          -1.087          -3.675            0.517
    6 (vir)     1          -1.221          -0.850          -1.087          -3.675            0.517
    7 (vir)     1          -0.752          -1.811          -0.914          -3.649            0.172
    8 (vir)     1           0.261          -1.851          -0.398          -2.775            0.788
    9 (vir)     1           0.261          -1.851          -0.398          -2.775            0.788
   10 (vir)     1           1.758          -0.734          -0.436          -2.132            2.719
   11 (vir)     1           2.438          -0.023          -0.114          -1.813            4.114
   12 (vir)     1           2.438          -0.023          -0.114          -1.813            4.114
   13 (vir)     1           2.683          -0.934          -0.637          -2.843            3.956
   14 (vir)     1           3.610          -0.729          -0.650          -3.509            5.740
   15 (vir)     1           3.610          -0.729          -0.650          -3.509            5.740
   16 (vir)     1           3.721          -2.049          -0.774          -4.056            4.954
   17 (vir)     1           4.923          -0.752          -0.410          -3.020            6.780
   18 (vir)     1           4.923          -0.752          -0.410          -3.020            6.780
   19 (vir)     1           5.029          -2.134          -1.017          -5.072            6.949
   20 (vir)     1           5.029          -2.134          -1.017          -5.072            6.949
   21 (vir)     1           5.416          -2.606          -0.620          -3.456            5.646
   22 (vir)     1           6.186          -0.264          -0.059          -1.786            7.649
   23 (vir)     1           6.186          -0.264          -0.059          -1.786            7.649
   24 (vir)     1           8.576          -3.714          -1.490          -6.426            9.798
   25 (vir)     1           9.883           0.354          -0.978          -4.500           13.760
   26 (vir)     1          13.494          -0.422          -1.300          -4.656           16.428
   27 (vir)     1          17.833           0.323          -0.303          -3.700           21.553
   28 (vir)     1          17.833           0.323          -0.303          -3.700           21.553
   29 (vir)     1          29.223           0.163          -3.573         -10.408           36.222
   30 (vir)     1          41.687           0.038          -3.976         -11.610           49.359
 
