 
  kpoint:       1             coordinate:     0.0000    0.0000    0.0000                  spin:  1
 
    n           k   ϵ_nk^DFT (eV)     Σ^c_nk (eV)     Σ^x_nk (eV)    v_nk^xc (eV)   ϵ_nk^G0W0 (eV)
 
    1 (occ)     1         -27.196           9.321         -30.354         -18.673          -29.556
    2 (occ)     1         -26.261           9.516         -31.502         -19.708          -28.539
    3 (occ)     1         -24.754           8.113         -29.138         -18.452          -27.327
    4 (occ)     1         -23.342           7.466         -28.316         -18.124          -26.068
    5 (occ)     1         -20.043           6.057         -25.293         -16.324          -22.955
    6 (occ)     1         -17.412           4.135         -23.726         -16.406          -20.597
    7 (occ)     1         -16.685           4.089         -24.466         -17.274          -19.787
    8 (occ)     1         -15.059           3.186         -22.669         -16.182          -18.360
    9 (occ)     1         -14.025           3.116         -22.917         -16.870          -16.957
   10 (occ)     1         -13.057           2.346         -21.818         -16.077          -16.453
   11 (occ)     1         -12.031           3.087         -20.531         -14.858          -14.617
   12 (occ)     1         -11.708           2.848         -22.859         -16.849          -14.871
   13 (occ)     1         -11.114           3.320         -24.144         -17.634          -14.303
   14 (occ)     1         -10.424           2.676         -23.212         -17.368          -13.592
   15 (occ)     1         -10.244           3.369         -24.942         -18.558          -13.258
   16 (occ)     1         -10.116           2.595         -20.877         -15.831          -12.566
   17 (occ)     1          -9.279           1.935         -19.804         -15.298          -11.850
   18 (occ)     1          -7.130           1.887         -22.275         -17.884           -9.635
   19 (occ)     1          -7.102           3.229         -24.881         -18.865           -9.888
   20 (occ)     1          -6.372           0.792         -18.870         -15.757           -8.693
   21 (occ)     1          -6.273           3.143         -24.999         -19.146           -8.983
   22 (vir)     1          -2.422          -2.243          -9.281         -14.321            0.375
   23 (vir)     1          -1.141          -2.721          -9.778         -15.383            1.743
   24 (vir)     1          -0.953          -1.072          -1.770          -4.538            0.743
   25 (vir)     1          -0.154          -0.894          -1.414          -3.833            1.370
   26 (vir)     1          -0.036          -0.798          -1.240          -3.452            1.378
   27 (vir)     1           0.365          -0.581          -0.549          -2.220            1.453
   28 (vir)     1           0.541          -0.911          -1.504          -3.990            2.116
   29 (vir)     1           0.817          -0.758          -1.116          -3.240            2.182
   30 (vir)     1           1.003          -0.631          -0.852          -2.774            2.294
   31 (vir)     1           1.080          -1.575          -2.675          -5.907            2.736
   32 (vir)     1           1.340          -0.714          -1.331          -3.224            2.519
   33 (vir)     1           1.645          -2.190          -4.087          -8.164            3.532
   34 (vir)     1           1.661          -0.737          -1.148          -3.215            2.991
   35 (vir)     1           1.839          -0.659          -0.963          -2.930            3.147
   36 (vir)     1           2.345          -0.978          -1.659          -4.021            3.729
   37 (vir)     1           2.505          -0.486          -0.465          -1.976            3.530
   38 (vir)     1           2.522          -0.389          -0.381          -1.696            3.448
   39 (vir)     1           2.564          -0.483          -0.493          -1.926            3.514
   40 (vir)     1           2.612          -0.511          -0.561          -2.169            3.709
   41 (vir)     1           2.924          -0.929          -1.514          -3.762            4.243
   42 (vir)     1           2.944          -1.328          -2.457          -5.439            4.597
   43 (vir)     1           2.974          -0.730          -0.804          -2.658            4.099
   44 (vir)     1           3.092          -0.742          -1.018          -3.079            4.412
   45 (vir)     1           3.303          -1.320          -2.613          -5.686            5.056
   46 (vir)     1           3.588          -1.708          -3.327          -7.055            5.609
   47 (vir)     1           3.964          -1.252          -2.112          -5.023            5.622
   48 (vir)     1           4.266          -1.537          -2.931          -6.378            6.176
   49 (vir)     1           4.472          -2.504          -5.373         -10.313            6.908
   50 (vir)     1           4.531          -0.763          -0.828          -2.938            5.878
   51 (vir)     1           4.945          -1.568          -2.740          -6.174            6.811
   52 (vir)     1           5.139          -0.980          -0.945          -3.380            6.594
   53 (vir)     1           5.331          -1.436          -2.346          -5.629            7.177
   54 (vir)     1           5.430          -1.664          -2.491          -6.113            7.389
   55 (vir)     1           5.680          -0.988          -1.309          -3.863            7.246
   56 (vir)     1           5.787          -0.824          -0.781          -3.045            7.226
   57 (vir)     1           6.080          -1.364          -2.480          -5.696            7.932
   58 (vir)     1           6.134          -0.767          -0.800          -2.990            7.557
   59 (vir)     1           6.347          -2.538          -4.855         -10.031            8.986
   60 (vir)     1           6.739          -2.341          -4.016          -8.822            9.204
   61 (vir)     1           6.885          -1.191          -1.220          -4.193            8.667
   62 (vir)     1           7.151          -1.231          -1.688          -4.661            8.893
   63 (vir)     1           7.378          -1.254          -1.023          -4.017            9.118
   64 (vir)     1           7.823          -1.555          -1.847          -5.297            9.718
   65 (vir)     1           7.856          -1.758          -1.585          -5.208            9.721
   66 (vir)     1           8.021          -2.168          -3.279          -7.630           10.205
   67 (vir)     1           8.366          -2.312          -3.558          -8.190           10.686
   68 (vir)     1           8.396          -1.307          -1.002          -3.880            9.967
   69 (vir)     1           8.838          -1.416          -1.784          -5.245           10.883
   70 (vir)     1           8.897          -1.221          -0.944          -3.719           10.451
   71 (vir)     1           9.776          -2.730          -3.771          -8.959           12.234
   72 (vir)     1          10.240          -1.441          -2.376          -6.980           13.403
   73 (vir)     1          10.290          -2.137          -2.615          -6.992           12.530
   74 (vir)     1          10.659          -1.814          -1.916          -5.891           12.820
   75 (vir)     1          11.056          -1.033          -0.905          -3.784           12.903
   76 (vir)     1          11.079          -2.011          -2.132          -6.430           13.366
   77 (vir)     1          11.844          -2.372          -2.826          -7.624           14.270
   78 (vir)     1          11.888          -2.098          -2.452          -6.914           14.252
   79 (vir)     1          12.035          -4.426          -6.054         -13.589           15.143
   80 (vir)     1          12.412          -2.748          -3.029          -8.401           15.036
   81 (vir)     1          13.043          -2.389          -2.764          -7.488           15.378
   82 (vir)     1          13.321          -3.208          -3.096          -8.780           15.796
   83 (vir)     1          13.417          -2.930          -2.105          -7.283           15.664
   84 (vir)     1          13.823          -3.823          -4.010         -10.632           16.621
   85 (vir)     1          13.970          -2.607          -1.962          -6.902           16.303
   86 (vir)     1          14.059          -3.300          -1.831          -7.009           15.937
   87 (vir)     1          14.093          -2.877          -2.740          -8.057           16.533
   88 (vir)     1          14.715          -2.875          -2.627          -8.048           17.261
   89 (vir)     1          14.878          -2.987          -2.632          -8.048           17.307
   90 (vir)     1          14.893          -2.844          -1.757          -6.882           17.174
   91 (vir)     1          15.633          -2.910          -2.682          -8.269           18.310
   92 (vir)     1          16.154          -2.356          -2.150          -7.038           18.687
   93 (vir)     1          16.520          -4.192          -4.065         -11.317           19.579
   94 (vir)     1          17.418          -3.637          -3.628         -10.219           20.372
   95 (vir)     1          17.679          -3.057          -1.636          -6.846           19.833
   96 (vir)     1          18.265          -3.041          -2.473          -8.200           20.952
   97 (vir)     1          18.337          -3.145          -2.671          -8.527           21.048
   98 (vir)     1          18.766          -3.972          -2.870          -9.181           21.104
   99 (vir)     1          19.403          -3.104          -2.183          -7.901           22.017
  100 (vir)     1          19.595          -3.966          -3.136          -9.745           22.238
  101 (vir)     1          20.050          -3.165          -2.135          -7.925           22.676
  102 (vir)     1          20.085          -2.573          -2.187          -7.419           22.745
  103 (vir)     1          20.804          -3.605          -3.238          -9.705           23.666
  104 (vir)     1          21.353          -3.898          -1.813          -7.856           23.499
  105 (vir)     1          21.744          -3.992          -3.006          -9.789           24.535
  106 (vir)     1          21.774          -3.209          -1.634          -7.178           24.110
  107 (vir)     1          21.938          -3.024          -1.847          -7.334           24.401
  108 (vir)     1          22.372          -3.557          -2.237          -8.392           24.970
  109 (vir)     1          22.897          -3.205          -1.537          -6.995           25.150
  110 (vir)     1          22.945          -4.142          -3.345         -10.479           25.937
  111 (vir)     1          23.745          -3.144          -2.437          -8.386           26.550
  112 (vir)     1          24.085          -3.764          -2.235          -8.362           26.448
  113 (vir)     1          24.151          -3.208          -2.520          -8.602           27.024
  114 (vir)     1          24.369          -3.956          -1.835          -7.947           26.525
  115 (vir)     1          24.965          -3.431          -2.325          -8.470           27.679
  116 (vir)     1          25.267          -3.811          -2.409          -8.627           27.673
  117 (vir)     1          25.275          -3.578          -2.685          -9.102           28.115
  118 (vir)     1          25.745          -3.517          -2.467          -8.838           28.599
  119 (vir)     1          26.060           0.116          -3.243          -9.994           32.927
  120 (vir)     1          27.237           1.844          -3.084         -10.218           36.216
  121 (vir)     1          27.243          -3.963          -1.891          -8.080           29.469
  122 (vir)     1          27.700          -4.015          -2.120          -8.385           29.950
  123 (vir)     1          29.057          -5.821          -3.125         -10.614           30.724
  124 (vir)     1          29.404          -3.482          -2.126          -8.107           31.902
  125 (vir)     1          30.663          -4.330          -2.137          -8.590           32.787
  126 (vir)     1          30.736          -5.672          -2.863          -9.990           32.190
  127 (vir)     1          32.364          -6.889          -2.891         -10.583           33.168
  128 (vir)     1          34.171          -5.654          -2.895         -10.523           36.145
  129 (vir)     1          34.255          -6.123          -2.915         -10.970           36.187
  130 (vir)     1          34.603          -8.347          -2.794         -11.571           35.033
  131 (vir)     1          35.029          -5.926          -3.281         -11.441           37.263
  132 (vir)     1          35.980          -5.928          -2.963         -10.893           37.983
  133 (vir)     1          37.989          -6.313          -2.605         -10.276           39.347
  134 (vir)     1          38.133          -5.519          -3.539         -11.867           40.942
  135 (vir)     1          39.540          -7.342          -3.771         -12.112           40.539
  136 (vir)     1          39.549          -6.357          -1.887          -8.940           40.245
  137 (vir)     1          39.720          -6.771          -2.868         -10.979           41.060
  138 (vir)     1          40.518          -7.083          -2.658         -10.620           41.398
  139 (vir)     1          41.496          -7.746          -3.030         -11.585           42.304
  140 (vir)     1          42.450          -8.937          -3.605         -12.255           42.163
  141 (vir)     1          42.502          -8.669          -3.223         -12.379           42.990
  142 (vir)     1          42.804          -8.656          -3.552         -12.360           42.956
  143 (vir)     1          43.815          -8.237          -3.175         -11.767           44.171
  144 (vir)     1          45.115         -10.323          -3.629         -12.981           44.144
  145 (vir)     1          45.814         -10.557          -3.209         -12.538           44.587
  146 (vir)     1          45.919         -11.419          -3.752         -13.450           44.198
  147 (vir)     1          46.672          -9.149          -3.592         -12.709           46.641
  148 (vir)     1          46.953         -11.083          -3.544         -12.972           45.298
  149 (vir)     1          47.492         -11.345          -3.115         -12.947           45.978
  150 (vir)     1          48.034         -11.095          -3.885         -13.650           46.705
  151 (vir)     1          48.832         -10.467          -3.418         -12.629           47.575
  152 (vir)     1          49.206          -8.178          -3.506         -12.859           50.380
  153 (vir)     1          49.722         -11.130          -3.485         -13.134           48.241
  154 (vir)     1          50.301           5.866          -4.110         -14.025           66.080
  155 (vir)     1          50.955          -9.136          -3.650         -13.599           51.768
  156 (vir)     1          51.984           5.740          -3.505         -13.168           67.387
  157 (vir)     1          52.372           5.303          -3.269         -13.311           67.718
  158 (vir)     1          53.525          -8.923          -3.515         -13.585           54.671
  159 (vir)     1          53.674         -11.160          -3.332         -12.919           52.102
  160 (vir)     1          54.615         -12.393          -3.192         -13.160           52.191
  161 (vir)     1          55.512           5.138          -3.143         -12.883           70.390
  162 (vir)     1          55.846          -8.585          -2.818         -12.233           56.676
  163 (vir)     1          57.139         -11.261          -3.122         -13.374           56.130
  164 (vir)     1          57.648         -12.072          -3.352         -13.634           55.859
  165 (vir)     1          57.842           4.294          -3.407         -13.101           71.829
  166 (vir)     1          58.286           4.001          -3.317         -14.051           73.021
  167 (vir)     1          58.392          -9.592          -2.908         -12.974           58.866
  168 (vir)     1          58.756          -9.103          -3.166         -13.003           59.490
  169 (vir)     1          59.236           5.096          -2.837         -13.433           74.928
  170 (vir)     1          59.721           5.597          -3.092         -13.368           75.593
  171 (vir)     1          59.823           4.121          -3.140         -13.730           74.533
  172 (vir)     1          60.332           5.244          -3.110         -13.861           76.327
  173 (vir)     1          61.693           3.534          -2.967         -13.589           75.848
  174 (vir)     1          62.257         -11.571          -3.256         -13.870           61.299
  175 (vir)     1          62.992           4.568          -3.215         -13.945           78.290
  176 (vir)     1          64.310           4.552          -3.113         -14.270           80.020
  177 (vir)     1          64.827           3.981          -2.869         -13.545           79.484
  178 (vir)     1          65.225           3.501          -2.772         -13.467           79.421
  179 (vir)     1          66.514           4.828          -3.016         -13.918           82.245
  180 (vir)     1          67.197           5.051          -3.059         -14.265           83.453
  181 (vir)     1          67.618           4.854          -2.867         -13.960           83.566
  182 (vir)     1          67.906           4.077          -2.563         -13.988           83.408
  183 (vir)     1          69.192           4.723          -3.015         -14.269           85.170
  184 (vir)     1          69.321           4.044          -2.470         -13.542           84.438
  185 (vir)     1          69.736           3.560          -2.240         -12.840           83.895
  186 (vir)     1          71.135           4.816          -2.734         -13.833           87.050
  187 (vir)     1          71.606           4.202          -2.714         -13.907           87.001
  188 (vir)     1          72.186           4.307          -2.069         -13.456           87.880
  189 (vir)     1          73.637           4.651          -3.073         -14.997           90.212
  190 (vir)     1          74.013           3.985          -2.364         -13.835           89.469
  191 (vir)     1          75.355           4.860          -2.299         -13.849           91.766
  192 (vir)     1          75.522           4.016          -2.371         -13.146           90.313
  193 (vir)     1          76.111           4.174          -3.389         -15.336           92.232
  194 (vir)     1          76.608           3.945          -2.687         -14.480           92.346
  195 (vir)     1          77.397           4.525          -2.615         -14.497           93.803
  196 (vir)     1          77.859           4.862          -3.065         -15.261           94.916
  197 (vir)     1          78.900           4.595          -3.340         -15.722           95.877
  198 (vir)     1          79.565           3.379          -2.935         -15.333           95.342
  199 (vir)     1          80.430           4.843          -2.617         -14.599           97.255
  200 (vir)     1          81.294           4.127          -2.618         -14.260           97.064
  201 (vir)     1          82.352           3.164          -2.483         -14.514           97.547
  202 (vir)     1          83.041           3.849          -2.746         -14.424           98.568
  203 (vir)     1          84.366           3.967          -2.416         -14.278          100.195
  204 (vir)     1          84.785           3.804          -2.393         -14.283          100.478
  205 (vir)     1          86.128           4.429          -2.651         -15.631          103.538
  206 (vir)     1          86.377           3.428          -2.372         -14.229          101.662
  207 (vir)     1          86.877           4.244          -2.457         -14.528          103.191
  208 (vir)     1          87.445           4.011          -2.410         -14.722          103.768
  209 (vir)     1          89.393           3.957          -2.458         -14.670          105.563
  210 (vir)     1          89.692           2.709          -2.165         -13.989          104.225
  211 (vir)     1          90.210           3.227          -2.590         -14.980          105.828
  212 (vir)     1          90.612           2.892          -2.628         -15.485          106.361
  213 (vir)     1          91.694           3.629          -2.904         -15.805          108.224
  214 (vir)     1          92.920           3.964          -2.752         -15.627          109.759
  215 (vir)     1          95.888           2.623          -2.764         -15.301          111.047
  216 (vir)     1          97.349           2.474          -1.999         -13.613          111.437
  217 (vir)     1         100.374           3.653          -2.594         -15.966          117.399
  218 (vir)     1         101.891           2.691          -2.368         -14.903          117.117
  219 (vir)     1         105.753           3.709          -2.728         -16.601          123.335
  220 (vir)     1         109.669           3.102          -2.561         -16.160          126.369
  221 (vir)     1         113.786           2.483          -2.412         -15.724          129.580
  222 (vir)     1         115.059           2.479          -2.861         -16.926          131.603
  223 (vir)     1         122.724           2.973          -2.694         -17.537          140.541
  224 (vir)     1         127.116           2.735          -2.563         -17.331          144.620
  225 (vir)     1         128.808           4.037          -2.593         -18.896          149.148
  226 (vir)     1         130.707           3.895          -2.682         -19.302          151.222
  227 (vir)     1         131.131           2.814          -2.551         -17.304          148.698
  228 (vir)     1         132.720           3.187          -3.189         -19.597          152.314
  229 (vir)     1         133.803           3.326          -3.217         -19.864          153.776
  230 (vir)     1         136.189           4.358          -2.701         -18.812          156.658
  231 (vir)     1         139.620           3.679          -2.708         -18.876          159.468
  232 (vir)     1         140.807           2.316          -2.464         -17.378          158.037
  233 (vir)     1         152.146           2.628          -1.773         -15.869          168.870
  234 (vir)     1         161.686           2.568          -1.627         -15.676          178.303
  235 (vir)     1         163.312           2.651          -1.522         -15.295          179.737
  236 (vir)     1         164.504           2.537          -1.568         -15.612          181.086
  237 (vir)     1         179.109           1.356          -4.430         -23.133          199.168
  238 (vir)     1         179.501           1.385          -4.460         -23.054          199.479
  239 (vir)     1         179.813           1.357          -4.440         -23.081          199.810
  240 (vir)     1         181.916           1.335          -4.345         -23.034          201.940
  241 (vir)     1         183.503           1.705          -4.139         -23.018          204.088
  242 (vir)     1         184.489           1.611          -3.992         -22.983          205.091
  243 (vir)     1         184.688           1.761          -4.368         -22.971          205.051
  244 (vir)     1         188.817           1.683          -4.294         -23.069          209.275
  245 (vir)     1         190.262           1.538          -4.390         -23.232          210.642
  246 (vir)     1         192.299           1.580          -4.217         -23.057          212.719
  247 (vir)     1         204.919           4.822          -1.456         -15.539          223.825
  248 (vir)     1         229.117           4.907          -1.529         -17.034          249.530
  249 (vir)     1         232.213           4.644          -1.545         -17.210          252.521
  250 (vir)     1         234.221           4.881          -1.451         -16.730          254.380
  251 (vir)     1         236.176           0.902          -2.451         -21.596          256.224
  252 (vir)     1         236.752           4.601          -1.262         -16.047          256.138
  253 (vir)     1         238.677           0.928          -2.167         -21.777          259.216
  254 (vir)     1         239.020           0.870          -2.416         -21.836          259.310
  255 (vir)     1         239.639           0.864          -2.393         -21.157          259.266
  256 (vir)     1         240.372           1.119          -2.489         -22.029          261.030
  257 (vir)     1         240.818           1.039          -2.041         -20.004          259.821
  258 (vir)     1         240.912           0.895          -2.418         -21.345          260.733
  259 (vir)     1         242.533           0.967          -2.419         -22.037          263.118
  260 (vir)     1         242.565           1.881          -1.596         -17.797          260.647
  261 (vir)     1         243.692           0.990          -2.180         -20.079          262.581
  262 (vir)     1         244.422           0.946          -2.513         -21.587          264.443
  263 (vir)     1         244.495           1.252          -2.509         -22.257          265.495
  264 (vir)     1         245.542           1.616          -2.471         -21.157          265.843
  265 (vir)     1         247.066           0.733          -2.591         -22.185          267.392
  266 (vir)     1         251.603           1.780          -1.920         -19.432          270.896
  267 (vir)     1         260.633           4.574          -1.439         -17.922          281.690
  268 (vir)     1         279.011           4.965          -1.714         -19.440          301.702
 
