 
  kpoint:       1             coordinate:     0.0000    0.0000    0.0000                  spin:  1
 
    n           k   ϵ_nk^DFT (eV)     Σ^c_nk (eV)     Σ^x_nk (eV)    v_nk^xc (eV)   ϵ_nk^G0W0 (eV)
 
    1 (occ)     1         -57.457           5.437         -51.711         -31.149          -72.581
    2 (occ)     1         -29.402           3.562         -43.676         -31.032          -38.484
    3 (occ)     1         -29.402           3.634         -43.674         -31.032          -38.410
    4 (occ)     1         -29.338           3.276         -43.749         -31.030          -38.780
    5 (occ)     1         -17.022           7.630         -24.734         -15.638          -18.488
    6 (occ)     1          -5.756           2.065         -17.840         -13.309           -8.221
    7 (occ)     1          -5.258           2.081         -17.897         -13.176           -7.898
    8 (occ)     1          -5.258           2.084         -17.903         -13.176           -7.901
    9 (vir)     1          -2.230          -0.398          -1.449          -3.876           -0.200
   10 (vir)     1           0.089          -0.420          -1.045          -3.255            1.880
   11 (vir)     1           0.089          -0.422          -1.046          -3.255            1.877
   12 (vir)     1           0.943          -0.597          -0.943          -3.355            2.758
   13 (vir)     1           3.449          -0.576          -0.766          -3.443            5.550
   14 (vir)     1           3.465          -0.582          -0.771          -3.434            5.545
   15 (vir)     1           4.335          -0.857          -1.738          -5.095            6.835
   16 (vir)     1           4.482          -0.803          -1.602          -4.697            6.774
   17 (vir)     1           4.482          -0.803          -1.603          -4.697            6.772
   18 (vir)     1           5.269          -1.028          -2.244          -5.893            7.890
   19 (vir)     1           5.407          -0.949          -1.779          -5.099            7.778
   20 (vir)     1           5.407          -0.951          -1.780          -5.099            7.775
   21 (vir)     1           6.516          -1.001          -1.599          -4.974            8.890
   22 (vir)     1           6.522          -1.001          -1.595          -4.961            8.888
   23 (vir)     1           7.120          -1.088          -2.017          -5.730            9.745
   24 (vir)     1          10.096          -0.995          -0.860          -4.214           12.455
   25 (vir)     1          10.096          -0.995          -0.859          -4.214           12.456
   26 (vir)     1          10.164          -1.513          -1.491          -5.464           12.624
   27 (vir)     1          10.358          -1.055          -0.480          -3.749           12.572
   28 (vir)     1          10.358          -1.087          -0.482          -3.749           12.538
   29 (vir)     1          11.471          -1.327          -1.510          -5.196           13.829
   30 (vir)     1          11.471          -1.328          -1.513          -5.196           13.825
   31 (vir)     1          11.791          -1.149          -0.742          -4.256           14.157
   32 (vir)     1          11.792          -1.095          -0.748          -4.256           14.205
   33 (vir)     1          12.582          -1.738          -3.142          -8.291           15.993
   34 (vir)     1          15.888          -2.065          -2.793          -7.939           18.969
   35 (vir)     1          18.692          -5.015          -5.128         -13.620           22.170
   36 (vir)     1          18.692          -5.014          -5.125         -13.620           22.173
   37 (vir)     1          18.704          -5.405          -5.049         -13.533           21.783
   38 (vir)     1          18.704          -5.409          -5.037         -13.533           21.791
   39 (vir)     1          21.932          -5.822          -4.260         -12.514           24.364
   40 (vir)     1          32.304          -4.730          -2.637         -10.167           35.104
   41 (vir)     1          32.304          -4.465          -2.643         -10.167           35.364
   42 (vir)     1          33.140           1.516          -2.521         -10.179           42.313
   43 (vir)     1          84.776          -0.045          -6.009         -15.384           94.106
   44 (vir)     1          87.017           0.064         -10.508         -28.007          104.582
   45 (vir)     1          87.017          -0.197          -9.824         -28.007          105.005
   46 (vir)     1         103.809           0.632          -9.152         -26.408          121.697
   47 (vir)     1         149.577          -9.426          -1.121         -11.056          150.086
 
