 
  kpoint:       1             coordinate:     0.0000    0.0000    0.0000                  spin:  1
 
    n           k   ϵ_nk^DFT (eV)     Σ^c_nk (eV)     Σ^x_nk (eV)    v_nk^xc (eV)   ϵ_nk^G0W0 (eV)
 
    1 (occ)     1         -21.776           3.550         -28.875         -18.378          -28.723
    2 (occ)     1         -11.529           3.143         -21.044         -15.805          -13.625
    3 (occ)     1          -8.248           2.401         -22.448         -18.275          -10.019
    4 (occ)     1          -8.248           2.402         -22.448         -18.275          -10.019
    5 (occ)     1          -8.054           3.422         -23.934         -18.480          -10.086
    6 (occ)     1          -7.018           2.433         -26.187         -23.074           -7.698
    7 (occ)     1          -7.018           2.434         -26.188         -23.074           -7.699
    8 (occ)     1          -6.895           3.285         -30.118         -26.851           -6.876
    9 (occ)     1          -6.895           3.285         -30.117         -26.851           -6.875
   10 (occ)     1          -6.743           1.999         -23.585         -20.678           -7.652
   11 (vir)     1          -4.153          -1.766          -4.057          -8.403           -1.574
   12 (vir)     1          -1.477          -1.198          -3.825          -7.392            0.891
   13 (vir)     1          -1.477          -1.198          -3.825          -7.392            0.891
   14 (vir)     1           0.960          -1.470          -3.877          -7.598            3.210
   15 (vir)     1           0.960          -1.470          -3.877          -7.598            3.210
   16 (vir)     1           1.118          -0.452          -0.954          -2.683            2.395
   17 (vir)     1           1.991          -0.505          -0.681          -2.421            3.227
   18 (vir)     1           2.024          -0.977          -1.794          -4.399            3.652
   19 (vir)     1           2.024          -0.977          -1.794          -4.399            3.652
   20 (vir)     1           2.437          -0.224          -0.264          -1.650            3.600
   21 (vir)     1           2.437          -0.224          -0.264          -1.650            3.600
   22 (vir)     1           3.020          -1.039          -1.643          -4.612            4.950
   23 (vir)     1           3.422          -0.612          -1.017          -3.105            4.898
   24 (vir)     1           3.422          -0.612          -1.017          -3.105            4.898
   25 (vir)     1           4.741          -1.262          -1.771          -5.072            6.780
   26 (vir)     1           5.293          -1.451          -1.832          -5.043            7.053
   27 (vir)     1           5.293          -1.451          -1.831          -5.043            7.053
   28 (vir)     1           5.322          -0.581          -0.742          -3.140            7.140
   29 (vir)     1           5.323          -0.581          -0.742          -3.140            7.140
   30 (vir)     1           5.920          -0.946          -1.184          -3.917            7.707
   31 (vir)     1           7.727          -1.223          -1.699          -5.394           10.199
   32 (vir)     1           7.728          -1.223          -1.699          -5.394           10.199
   33 (vir)     1           9.240          -0.982          -1.276          -4.534           11.516
   34 (vir)     1           9.240          -0.982          -1.276          -4.534           11.517
   35 (vir)     1           9.691          -1.448          -1.883          -5.626           11.986
   36 (vir)     1          10.980          -2.016          -1.981          -6.430           13.413
   37 (vir)     1          10.980          -2.016          -1.981          -6.430           13.413
   38 (vir)     1          11.324          -0.811          -1.883          -6.048           14.678
   39 (vir)     1          13.796          -2.121          -3.121          -8.323           16.877
   40 (vir)     1          15.921          -1.933          -1.501          -6.134           18.621
   41 (vir)     1          15.921          -1.933          -1.500          -6.134           18.622
   42 (vir)     1          15.934          -1.950          -1.817          -6.835           19.001
   43 (vir)     1          15.934          -1.950          -1.817          -6.835           19.001
   44 (vir)     1          16.539          -2.151          -3.130          -8.809           20.068
   45 (vir)     1          17.323          -1.261          -0.459          -4.166           19.769
   46 (vir)     1          17.323          -1.261          -0.459          -4.166           19.769
   47 (vir)     1          19.985          -2.876          -3.052          -9.622           23.679
   48 (vir)     1          23.669          -1.160          -1.684          -7.525           28.351
   49 (vir)     1          23.669          -1.160          -1.684          -7.525           28.351
   50 (vir)     1          26.416          -5.919          -4.560         -13.166           29.103
   51 (vir)     1          32.138          -1.074          -3.873         -12.288           39.480
   52 (vir)     1          32.138          -1.074          -3.873         -12.288           39.480
   53 (vir)     1          32.711          -0.279          -2.299          -9.355           39.489
   54 (vir)     1          32.711          -0.279          -2.298          -9.355           39.490
   55 (vir)     1          33.058           0.567          -1.426          -7.699           39.898
   56 (vir)     1          33.058           0.567          -1.427          -7.699           39.898
   57 (vir)     1          33.472          -6.097          -3.434         -10.871           34.812
   58 (vir)     1          37.112          -0.028          -2.482          -9.835           44.438
   59 (vir)     1          40.032          -0.314          -2.707         -10.592           47.602
   60 (vir)     1          40.032          -0.314          -2.707         -10.592           47.602
   61 (vir)     1          40.207           2.525          -3.026         -11.471           51.177
   62 (vir)     1          40.207           2.524          -3.023         -11.471           51.178
   63 (vir)     1          42.340           5.423          -3.105         -12.552           57.209
   64 (vir)     1          42.340          -9.633          -3.105         -12.552           42.154
   65 (vir)     1          47.963           1.666          -3.956         -14.389           60.062
   66 (vir)     1          47.963           1.667          -3.958         -14.389           60.061
   67 (vir)     1          52.376           4.238          -2.949         -12.442           66.108
   68 (vir)     1          53.068           2.493          -1.411          -9.714           63.864
   69 (vir)     1          53.068           2.512          -1.383          -9.714           63.910
   70 (vir)     1          54.406           0.238          -2.051         -10.869           63.462
   71 (vir)     1          54.406           0.237          -2.050         -10.869           63.462
   72 (vir)     1          54.574           3.159          -3.892         -14.552           68.393
   73 (vir)     1          63.430           2.605          -2.819         -13.629           76.846
   74 (vir)     1          63.430           2.604          -2.819         -13.629           76.845
   75 (vir)     1          63.507           5.478          -5.375         -17.669           81.279
   76 (vir)     1          73.664           3.876          -3.498         -16.095           90.138
   77 (vir)     1          73.664           3.876          -3.498         -16.095           90.138
   78 (vir)     1          83.531           3.874          -6.713         -19.588          100.280
   79 (vir)     1          85.289           2.666          -4.544         -18.102          101.514
   80 (vir)     1          87.025           3.163         -12.957         -27.202          104.433
   81 (vir)     1          87.025           3.161         -12.957         -27.202          104.431
   82 (vir)     1          92.668           2.998          -5.027         -18.537          109.177
   83 (vir)     1          92.668           2.999          -5.026         -18.537          109.178
   84 (vir)     1          93.598          -4.856         -10.335         -26.310          104.716
   85 (vir)     1         105.047           3.717          -8.425         -24.464          124.803
   86 (vir)     1         105.449           1.019          -5.949         -22.250          122.769
   87 (vir)     1         105.451           1.019          -5.947         -22.249          122.772
   88 (vir)     1         116.310           1.429          -5.362         -21.791          134.168
   89 (vir)     1         116.310           1.430          -5.365         -21.791          134.166
   90 (vir)     1         143.639           1.408          -5.127         -22.722          162.642
   91 (vir)     1         223.683           3.532          -2.174         -17.243          242.283
   92 (vir)     1         236.813          10.885          -1.027         -13.540          260.212
   93 (vir)     1         250.269           0.051          -8.492         -27.328          269.156
   94 (vir)     1         250.269           0.051          -8.493         -27.328          269.155
   95 (vir)     1         253.933           0.073          -8.520         -27.448          272.935
   96 (vir)     1         253.933           0.073          -8.525         -27.448          272.929
   97 (vir)     1         258.466           0.107          -8.355         -27.450          277.668
   98 (vir)     1         258.466           0.107          -8.356         -27.450          277.668
   99 (vir)     1         260.026           0.136          -8.216         -27.387          279.333
  100 (vir)     1         366.570          -0.030          -4.596         -26.757          388.701
  101 (vir)     1         366.570          -0.030          -4.596         -26.757          388.702
  102 (vir)     1         366.790          -0.228          -4.524         -26.662          388.700
  103 (vir)     1         366.790          -0.228          -4.524         -26.662          388.700
  104 (vir)     1         366.802           0.335          -4.624         -26.796          389.309
  105 (vir)     1         366.803           0.335          -4.625         -26.796          389.309
  106 (vir)     1         367.473          -0.227          -4.464         -26.592          389.373
  107 (vir)     1         367.473          -0.227          -4.464         -26.592          389.373
  108 (vir)     1         367.912          -0.234          -4.437         -26.549          389.790
 
