 
  kpoint:       1             coordinate:     0.0000    0.0000    0.0000                  spin:  1
 
    n           k   ϵ_nk^DFT (eV)     Σ^c_nk (eV)     Σ^x_nk (eV)    v_nk^xc (eV)   ϵ_nk^G0W0 (eV)
 
    1 (occ)     1         -32.461          10.562         -36.697         -22.572          -36.024
    2 (occ)     1         -32.283          10.495         -36.928         -22.797          -35.920
    3 (occ)     1         -32.283          10.497         -36.925         -22.797          -35.914
    4 (occ)     1         -31.943          10.462         -37.344         -23.198          -35.627
    5 (occ)     1         -31.943          10.466         -37.340         -23.198          -35.620
    6 (occ)     1         -31.771          10.428         -37.558         -23.402          -35.499
    7 (occ)     1         -22.781           4.260         -26.054         -16.411          -28.163
    8 (occ)     1         -19.788           7.324         -26.573         -17.541          -21.496
    9 (occ)     1         -19.788           7.308         -26.569         -17.541          -21.508
   10 (occ)     1         -17.068           5.362         -26.805         -18.722          -19.788
   11 (occ)     1         -17.067           5.367         -26.801         -18.721          -19.780
   12 (occ)     1         -15.420           4.066         -27.982         -20.646          -18.690
   13 (occ)     1         -15.342           4.393         -24.987         -17.687          -18.248
   14 (occ)     1         -15.012           4.327         -29.526         -21.789          -18.422
   15 (occ)     1         -14.078           3.577         -27.688         -20.932          -17.257
   16 (occ)     1         -14.077           3.579         -27.688         -20.931          -17.256
   17 (occ)     1         -13.640           4.099         -27.899         -20.784          -16.655
   18 (occ)     1         -13.639           4.070         -27.897         -20.783          -16.683
   19 (occ)     1         -13.414           4.977         -24.767         -17.526          -15.677
   20 (occ)     1         -12.567           4.755         -27.348         -19.722          -15.438
   21 (occ)     1         -12.566           4.766         -27.363         -19.722          -15.442
   22 (occ)     1         -11.780           5.050         -29.653         -21.682          -14.700
   23 (occ)     1         -11.779           5.068         -29.670         -21.682          -14.700
   24 (occ)     1         -11.530           5.102         -30.313         -22.249          -14.492
   25 (occ)     1         -11.045           5.173         -31.122         -22.777          -14.217
   26 (occ)     1         -11.044           5.141         -31.100         -22.776          -14.227
   27 (occ)     1         -10.746           5.144         -31.864         -23.484          -13.981
   28 (occ)     1         -10.147           3.937         -28.638         -21.538          -13.310
   29 (occ)     1         -10.146           3.918         -28.610         -21.537          -13.301
   30 (occ)     1          -9.387           3.496         -27.742         -21.102          -12.532
   31 (occ)     1          -8.773           3.388         -23.932         -18.330          -10.988
   32 (occ)     1          -6.645           0.918         -20.297         -16.968           -9.056
   33 (occ)     1          -6.645           0.921         -20.308         -16.968           -9.063
   34 (vir)     1          -2.218          -2.337          -7.871         -13.045            0.619
   35 (vir)     1          -1.835          -2.306         -10.519         -15.585            0.924
   36 (vir)     1          -1.835          -2.308         -10.511         -15.585            0.931
   37 (vir)     1          -0.253          -1.443          -3.046          -6.337            1.597
   38 (vir)     1          -0.252          -1.441          -3.046          -6.339            1.599
   39 (vir)     1           0.445          -1.109          -2.787          -5.500            2.049
   40 (vir)     1           0.452          -0.540          -0.533          -2.125            1.504
   41 (vir)     1           0.987          -0.578          -0.823          -2.591            2.177
   42 (vir)     1           0.987          -0.578          -0.823          -2.591            2.177
   43 (vir)     1           1.289          -0.735          -1.436          -3.661            2.780
   44 (vir)     1           1.301          -0.395          -0.436          -1.777            2.247
   45 (vir)     1           1.301          -0.395          -0.436          -1.777            2.247
   46 (vir)     1           1.685          -1.665          -4.810          -8.800            4.011
   47 (vir)     1           1.685          -1.677          -4.813          -8.801            3.996
   48 (vir)     1           1.834          -0.859          -1.436          -3.602            3.140
   49 (vir)     1           2.150          -0.336          -0.571          -1.956            3.200
   50 (vir)     1           2.244          -6.417          -8.188         -15.961            3.601
   51 (vir)     1           2.322          -0.294          -0.277          -1.434            3.185
   52 (vir)     1           2.322          -0.294          -0.278          -1.434            3.184
   53 (vir)     1           2.495          -0.900          -1.571          -3.800            3.823
   54 (vir)     1           2.495          -0.886          -1.571          -3.799            3.837
   55 (vir)     1           2.878          -0.327          -0.217          -1.361            3.695
   56 (vir)     1           3.280          -1.056          -1.843          -4.318            4.699
   57 (vir)     1           3.348          -0.297          -0.350          -1.619            4.319
   58 (vir)     1           3.348          -0.298          -0.350          -1.618            4.319
   59 (vir)     1           3.801          -0.199          -0.260          -1.193            4.536
   60 (vir)     1           3.821          -3.938          -7.956         -14.520            6.447
   61 (vir)     1           4.279          -3.269          -5.593         -11.143            6.559
   62 (vir)     1           4.279          -3.269          -5.594         -11.141            6.557
   63 (vir)     1           4.642          -1.565          -2.937          -6.435            6.575
   64 (vir)     1           4.642          -1.565          -2.936          -6.434            6.575
   65 (vir)     1           5.830          -2.325          -4.734          -9.322            8.093
   66 (vir)     1           5.830          -2.323          -4.733          -9.322            8.096
   67 (vir)     1           6.343          -0.859          -0.803          -2.990            7.672
   68 (vir)     1           6.344          -0.859          -0.802          -2.991            7.673
   69 (vir)     1           6.931          -1.569          -2.436          -5.987            8.914
   70 (vir)     1           6.932          -1.573          -2.444          -5.987            8.901
   71 (vir)     1           7.387          -1.493          -1.125          -4.243            9.012
   72 (vir)     1           7.914          -1.140          -1.859          -4.422            9.336
   73 (vir)     1           7.914          -1.144          -1.862          -4.423            9.330
   74 (vir)     1           8.281          -1.402          -2.681          -6.481           10.680
   75 (vir)     1           8.420          -1.746          -2.319          -6.411           10.767
   76 (vir)     1           8.487          -5.668          -7.067         -15.164           10.916
   77 (vir)     1           8.488          -5.668          -7.062         -15.165           10.923
   78 (vir)     1           8.914          -1.655          -2.092          -6.147           11.315
   79 (vir)     1           9.228          -3.908          -5.421         -11.885           11.785
   80 (vir)     1           9.229          -3.897          -5.405         -11.886           11.812
   81 (vir)     1           9.477          -2.838          -4.360         -10.125           12.403
   82 (vir)     1          10.625          -1.779          -2.258          -6.089           12.677
   83 (vir)     1          10.626          -1.772          -2.249          -6.088           12.693
   84 (vir)     1          10.701          -2.717          -4.599         -10.001           13.386
   85 (vir)     1          10.859          -2.010          -1.808          -5.957           12.998
   86 (vir)     1          10.859          -1.998          -1.814          -5.957           13.004
   87 (vir)     1          11.215          -2.863          -2.323          -7.679           13.708
   88 (vir)     1          11.216          -2.856          -2.326          -7.680           13.714
   89 (vir)     1          11.570          -1.864          -1.335          -4.782           13.154
   90 (vir)     1          11.570          -1.860          -1.336          -4.782           13.156
   91 (vir)     1          12.638          -2.173          -1.833          -6.193           14.825
   92 (vir)     1          12.895          -3.320          -2.691          -8.397           15.281
   93 (vir)     1          13.737          -6.985          -6.709         -16.564           16.607
   94 (vir)     1          13.761          -2.526          -2.409          -7.652           16.478
   95 (vir)     1          15.107          -2.997          -3.678          -9.709           18.142
   96 (vir)     1          15.107          -3.065          -3.683          -9.709           18.069
   97 (vir)     1          15.327          -3.038          -2.825          -8.527           17.991
   98 (vir)     1          15.327          -3.047          -2.818          -8.527           17.989
   99 (vir)     1          16.152          -1.256          -3.071          -8.918           20.743
  100 (vir)     1          16.152          -1.311          -3.071          -8.918           20.688
  101 (vir)     1          16.198          -3.568          -3.585          -9.682           18.726
  102 (vir)     1          16.267          -3.049          -3.221          -8.983           18.979
  103 (vir)     1          16.267          -3.038          -3.221          -8.983           18.991
  104 (vir)     1          16.297          -8.347          -5.721         -15.546           17.775
  105 (vir)     1          16.685          -0.769          -2.367          -7.805           21.355
  106 (vir)     1          17.286          -2.670          -3.097          -8.825           20.343
  107 (vir)     1          17.712          -2.757          -2.642          -8.210           20.523
  108 (vir)     1          17.922          -2.530          -2.514          -7.972           20.850
  109 (vir)     1          17.922          -2.520          -2.506          -7.972           20.868
  110 (vir)     1          18.130          -3.625          -2.617          -8.299           20.187
  111 (vir)     1          18.130          -3.623          -2.615          -8.299           20.192
  112 (vir)     1          18.766          -2.791          -2.589          -8.359           21.745
  113 (vir)     1          18.766          -2.790          -2.589          -8.359           21.745
  114 (vir)     1          19.353          -1.082          -1.660          -6.102           22.714
  115 (vir)     1          20.091          -3.469          -2.134          -8.134           22.622
  116 (vir)     1          20.091          -3.471          -2.135          -8.134           22.619
  117 (vir)     1          20.306          -3.140          -3.579         -10.134           23.721
  118 (vir)     1          20.435          -1.825          -3.008          -9.453           25.055
  119 (vir)     1          20.675          -3.813          -3.143          -9.781           23.499
  120 (vir)     1          20.675          -3.782          -3.142          -9.781           23.531
  121 (vir)     1          21.412          -3.750          -2.048          -7.796           23.410
  122 (vir)     1          21.412          -3.740          -2.057          -7.796           23.412
  123 (vir)     1          21.599          -2.252          -3.504         -10.185           26.027
  124 (vir)     1          21.599          -2.213          -3.503         -10.185           26.067
  125 (vir)     1          21.672          -2.371          -2.200          -7.801           24.902
  126 (vir)     1          21.673          -2.375          -2.202          -7.801           24.897
  127 (vir)     1          21.875          -5.054          -2.402          -8.111           22.530
  128 (vir)     1          22.572          -1.904          -2.025          -8.440           27.083
  129 (vir)     1          22.772          -3.117          -2.864          -9.021           25.811
  130 (vir)     1          22.773          -3.052          -2.868          -9.021           25.873
  131 (vir)     1          23.067          -2.873          -3.520          -9.996           26.670
  132 (vir)     1          23.923          -3.057          -2.530          -8.589           26.924
  133 (vir)     1          24.171          -5.185          -2.441          -9.974           26.519
  134 (vir)     1          24.771          -4.861          -3.941         -11.711           27.681
  135 (vir)     1          24.844          -1.188          -0.693          -3.638           26.601
  136 (vir)     1          26.746          -4.495          -2.757          -9.427           28.922
  137 (vir)     1          26.746          -4.578          -2.754          -9.427           28.841
  138 (vir)     1          26.925          -3.089          -2.633          -8.642           29.845
  139 (vir)     1          28.050          -2.937          -1.818          -8.286           31.581
  140 (vir)     1          28.050          -2.941          -1.824          -8.286           31.571
  141 (vir)     1          28.478          -4.723          -2.163          -8.897           30.489
  142 (vir)     1          28.478          -4.504          -2.163          -8.897           30.708
  143 (vir)     1          29.292          -3.822          -2.864          -9.645           32.251
  144 (vir)     1          30.624          -3.960          -2.803          -9.946           33.807
  145 (vir)     1          30.625          -2.683          -2.800          -9.946           35.087
  146 (vir)     1          30.966          -2.364          -2.037          -8.362           34.927
  147 (vir)     1          30.966          -2.359          -2.035          -8.362           34.934
  148 (vir)     1          32.286          -0.151          -2.225          -9.132           39.042
  149 (vir)     1          33.279          -4.143          -2.518          -9.649           36.267
  150 (vir)     1          33.279          -4.299          -2.517          -9.650           36.113
  151 (vir)     1          33.563          -3.861          -3.207         -10.301           36.797
  152 (vir)     1          34.243          -3.704          -3.266         -10.301           37.574
  153 (vir)     1          34.244          -3.615          -3.276         -10.301           37.653
  154 (vir)     1          34.964          -2.409          -2.707         -10.257           40.105
  155 (vir)     1          35.094          -1.788          -2.655          -9.059           39.711
  156 (vir)     1          35.095          -1.423          -2.665          -9.059           40.066
  157 (vir)     1          36.297           0.102          -2.311          -9.509           43.598
  158 (vir)     1          36.300          -1.761          -2.410          -9.202           41.332
  159 (vir)     1          36.476          -5.774          -1.807          -8.233           37.128
  160 (vir)     1          36.476          -6.308          -1.812          -8.233           36.590
  161 (vir)     1          36.665          -0.583          -2.844          -9.983           43.221
  162 (vir)     1          37.144          -3.279          -2.164          -9.381           41.083
  163 (vir)     1          37.145          -3.283          -2.165          -9.381           41.079
  164 (vir)     1          37.693          -6.200          -3.656         -11.845           39.681
  165 (vir)     1          37.694          -6.320          -3.657         -11.844           39.561
  166 (vir)     1          37.992          -5.220          -3.365         -11.336           40.743
  167 (vir)     1          38.627          -4.391          -1.852          -8.862           41.246
  168 (vir)     1          38.627          -4.317          -1.857          -8.862           41.315
  169 (vir)     1          39.241          -0.837          -2.977         -11.098           46.525
  170 (vir)     1          40.615           0.100          -2.652         -10.489           48.552
  171 (vir)     1          40.616           0.205          -2.649         -10.488           48.661
  172 (vir)     1          41.356          -6.437          -2.054          -9.545           42.410
  173 (vir)     1          41.356          -6.487          -2.052          -9.545           42.362
  174 (vir)     1          41.671          -3.872          -2.579         -10.410           45.631
  175 (vir)     1          41.672          -3.884          -2.583         -10.410           45.615
  176 (vir)     1          42.349           1.096          -2.377          -9.817           50.884
  177 (vir)     1          42.349           1.363          -2.381          -9.817           51.148
  178 (vir)     1          43.280           0.295          -3.752         -13.321           53.143
  179 (vir)     1          43.281          -0.609          -3.758         -13.322           52.235
  180 (vir)     1          43.908          -3.693          -2.203          -8.869           46.882
  181 (vir)     1          44.101          -0.001          -2.092         -10.508           52.516
  182 (vir)     1          44.739          -6.419          -3.068         -12.128           47.379
  183 (vir)     1          44.739          -6.185          -3.077         -12.127           47.605
  184 (vir)     1          45.140          -3.171          -1.631          -8.953           49.292
  185 (vir)     1          45.950          -3.985          -1.973         -10.376           50.368
  186 (vir)     1          46.151          -2.796          -2.643         -11.152           51.863
  187 (vir)     1          46.942          -2.292          -2.310         -10.636           52.976
  188 (vir)     1          47.399           3.756          -3.631         -12.693           60.217
  189 (vir)     1          47.399           4.256          -3.632         -12.693           60.716
  190 (vir)     1          47.744          -4.209          -2.367         -10.797           51.965
  191 (vir)     1          47.744          -4.205          -2.370         -10.797           51.966
  192 (vir)     1          48.522          -1.985          -1.776          -9.780           54.541
  193 (vir)     1          49.075           3.401          -3.703         -13.270           62.043
  194 (vir)     1          49.677          -1.183          -3.019         -12.283           57.757
  195 (vir)     1          49.677          -0.871          -3.014         -12.282           58.074
  196 (vir)     1          50.473          -5.305          -3.010         -12.650           54.808
  197 (vir)     1          50.594          -3.163          -3.386         -12.239           56.284
  198 (vir)     1          50.594          -2.614          -3.378         -12.239           56.841
  199 (vir)     1          51.379          -5.203          -2.489         -11.110           54.797
  200 (vir)     1          51.379           2.878          -2.487         -11.110           62.881
  201 (vir)     1          53.523          -0.357          -3.089         -12.544           62.622
  202 (vir)     1          54.926          -7.821          -3.359         -13.040           56.786
  203 (vir)     1          54.984          -6.879          -3.068         -11.797           56.835
  204 (vir)     1          54.985          -6.871          -3.067         -11.798           56.844
  205 (vir)     1          57.083           0.074          -2.640         -11.941           66.457
  206 (vir)     1          57.083          -0.032          -2.630         -11.941           66.362
  207 (vir)     1          57.123           0.801          -3.170         -13.154           67.907
  208 (vir)     1          57.123           0.446          -3.169         -13.154           67.554
  209 (vir)     1          57.352           2.184          -3.533         -13.417           69.421
  210 (vir)     1          57.353           1.997          -3.547         -13.416           69.219
  211 (vir)     1          59.602           2.525          -2.942         -12.135           71.319
  212 (vir)     1          59.602           2.406          -2.942         -12.135           71.201
  213 (vir)     1          59.651          -9.197          -2.982         -12.446           59.918
  214 (vir)     1          59.735          -1.871          -2.761         -12.765           67.869
  215 (vir)     1          60.069           1.940          -3.684         -13.905           72.230
  216 (vir)     1          60.070           1.466          -3.680         -13.905           71.761
  217 (vir)     1          60.907          -1.089          -4.340         -14.196           69.674
  218 (vir)     1          61.065         -10.184          -2.044         -11.232           60.068
  219 (vir)     1          61.642           3.535          -2.697         -12.415           74.895
  220 (vir)     1          61.643           3.176          -2.698         -12.416           74.537
  221 (vir)     1          61.828          -8.794          -3.762         -14.721           63.993
  222 (vir)     1          61.828          -8.747          -3.769         -14.721           64.034
  223 (vir)     1          62.071         -10.238          -2.524         -12.213           61.522
  224 (vir)     1          62.564           1.657          -3.721         -14.173           74.673
  225 (vir)     1          64.013          -0.401          -2.397         -11.986           73.201
  226 (vir)     1          64.014          -0.403          -2.374         -11.986           73.222
  227 (vir)     1          64.277          -0.450          -2.497         -12.369           73.699
  228 (vir)     1          64.278          -0.467          -2.500         -12.369           73.679
  229 (vir)     1          66.540           3.722          -4.909         -14.683           80.037
  230 (vir)     1          66.990          -7.729          -2.928         -12.491           68.824
  231 (vir)     1          66.991          -7.623          -2.929         -12.491           68.930
  232 (vir)     1          68.922           3.731          -2.678         -12.909           82.885
  233 (vir)     1          68.924           3.741          -2.671         -12.909           82.902
  234 (vir)     1          69.710           0.373          -1.852         -11.834           80.064
  235 (vir)     1          70.072           0.228          -2.860         -13.945           81.385
  236 (vir)     1          70.072           0.559          -2.846         -13.945           81.730
  237 (vir)     1          70.586          -8.151          -2.773         -13.315           72.977
  238 (vir)     1          71.136          -4.965          -4.924         -16.134           77.381
  239 (vir)     1          72.138         -12.985          -2.806         -14.263           70.610
  240 (vir)     1          72.139         -12.908          -2.806         -14.263           70.689
  241 (vir)     1          72.548           2.155          -2.426         -13.499           85.775
  242 (vir)     1          72.548           2.049          -2.435         -13.499           85.661
  243 (vir)     1          72.789          -0.484          -4.755         -16.038           83.588
  244 (vir)     1          73.354           0.285          -4.424         -16.048           85.263
  245 (vir)     1          74.645          -8.578          -2.326         -13.430           77.170
  246 (vir)     1          74.988           3.636          -4.658         -16.311           90.277
  247 (vir)     1          75.955           4.149          -5.225         -17.971           92.850
  248 (vir)     1          75.956           4.033          -5.227         -17.971           92.733
  249 (vir)     1          76.683           3.539          -3.544         -14.491           91.169
  250 (vir)     1          76.684           3.574          -3.583         -14.492           91.166
  251 (vir)     1          76.850           4.106          -3.469         -15.465           92.952
  252 (vir)     1          79.059           1.843          -4.201         -15.748           92.450
  253 (vir)     1          79.083           3.641          -3.146         -13.849           93.427
  254 (vir)     1          79.084           3.710          -3.159         -13.848           93.484
  255 (vir)     1          79.232          -9.929          -3.033         -14.376           80.646
  256 (vir)     1          79.232         -10.168          -3.026         -14.376           80.414
  257 (vir)     1          79.320           2.603          -3.501         -13.599           92.021
  258 (vir)     1          79.320           2.787          -3.479         -13.599           92.228
  259 (vir)     1          81.607           1.470          -3.300         -14.768           94.546
  260 (vir)     1          81.608           1.469          -3.290         -14.769           94.555
  261 (vir)     1          82.782           2.749          -4.166         -15.086           96.450
  262 (vir)     1          82.974           3.121          -3.250         -14.509           97.354
  263 (vir)     1          85.384           3.073          -2.936         -14.149           99.670
  264 (vir)     1          85.385           3.029          -2.912         -14.150           99.651
  265 (vir)     1          85.411           3.942          -5.010         -17.570          101.912
  266 (vir)     1          85.411           3.912          -4.985         -17.568          101.906
  267 (vir)     1          85.904           4.274          -4.109         -16.602          102.670
  268 (vir)     1          87.094           3.191          -5.461         -18.002          102.826
  269 (vir)     1          87.095           3.622          -5.464         -18.003          103.255
  270 (vir)     1          87.106           2.096          -4.155         -16.899          101.947
  271 (vir)     1          87.107           2.194          -4.167         -16.898          102.032
  272 (vir)     1          87.160           3.068          -6.391         -18.753          102.589
  273 (vir)     1          88.505           3.106          -5.477         -18.490          104.624
  274 (vir)     1          88.506           2.741          -5.464         -18.490          104.273
  275 (vir)     1          88.769           2.018          -2.202         -13.225          101.810
  276 (vir)     1          91.251           1.166          -6.338         -18.927          105.007
  277 (vir)     1          91.661           3.906          -5.793         -19.917          109.691
  278 (vir)     1          92.579           3.839          -4.688         -18.223          109.953
  279 (vir)     1          92.582           3.520          -4.667         -18.222          109.657
  280 (vir)     1          92.915           3.684          -5.725         -19.937          110.811
  281 (vir)     1          92.915           3.358          -5.788         -19.937          110.422
  282 (vir)     1          94.803           3.977          -3.155         -16.491          112.116
  283 (vir)     1          97.207           3.285          -5.923         -19.162          113.732
  284 (vir)     1          97.208           3.222          -5.911         -19.162          113.681
  285 (vir)     1          97.821           3.275          -3.514         -15.925          113.507
  286 (vir)     1          98.494           4.458          -4.588         -17.687          116.051
  287 (vir)     1          98.969           3.720          -3.847         -17.176          116.017
  288 (vir)     1          98.971           3.690          -3.829         -17.173          116.006
  289 (vir)     1          99.200           2.840          -3.261         -15.516          114.295
  290 (vir)     1          99.201           2.760          -3.208         -15.515          114.268
  291 (vir)     1         102.238           3.979          -3.727         -17.381          119.871
  292 (vir)     1         102.240           3.985          -3.714         -17.381          119.892
  293 (vir)     1         105.465           5.072          -5.095         -20.548          125.990
  294 (vir)     1         106.022           3.899          -4.301         -18.410          124.030
  295 (vir)     1         106.024           3.960          -4.340         -18.408          124.053
  296 (vir)     1         107.287           2.787          -2.903         -16.038          123.208
  297 (vir)     1         108.351           1.257          -2.526         -14.756          121.839
  298 (vir)     1         108.353           1.376          -2.553         -14.756          121.932
  299 (vir)     1         108.656           2.058          -2.568         -15.711          123.857
  300 (vir)     1         111.108           3.626          -5.331         -20.706          130.109
  301 (vir)     1         112.851           3.004          -5.547         -19.901          130.209
  302 (vir)     1         112.852           3.151          -5.627         -19.901          130.278
  303 (vir)     1         113.028           3.004          -2.870         -17.031          130.193
  304 (vir)     1         114.264           2.689          -4.646         -18.013          130.319
  305 (vir)     1         114.670           1.590          -2.705         -15.473          129.028
  306 (vir)     1         123.255           3.204          -5.244         -20.682          141.896
  307 (vir)     1         123.256           3.321          -5.293         -20.682          141.966
  308 (vir)     1         123.438           3.144          -4.947         -19.981          141.615
  309 (vir)     1         123.441           3.195          -4.946         -19.979          141.669
  310 (vir)     1         123.865           1.970          -3.642         -17.377          139.571
  311 (vir)     1         123.868           2.100          -3.622         -17.377          139.723
  312 (vir)     1         127.498           1.097          -3.441         -17.088          142.243
  313 (vir)     1         127.522           3.671          -5.162         -22.722          148.754
  314 (vir)     1         130.877           1.890          -4.136         -18.376          147.006
  315 (vir)     1         132.276           3.285          -3.901         -19.845          151.506
  316 (vir)     1         132.280           3.327          -3.893         -19.841          151.555
  317 (vir)     1         133.873           3.340          -5.115         -21.556          153.654
  318 (vir)     1         133.873           3.363          -5.099         -21.556          153.694
  319 (vir)     1         136.735           0.856          -3.788         -18.549          152.352
  320 (vir)     1         137.102           3.341          -4.804         -21.553          157.191
  321 (vir)     1         137.105           3.234          -4.777         -21.549          157.110
  322 (vir)     1         142.214           1.928          -2.974         -17.102          158.270
  323 (vir)     1         142.218           2.086          -2.968         -17.099          158.435
  324 (vir)     1         151.326           2.125          -4.604         -20.645          169.492
  325 (vir)     1         153.713           2.491          -3.698         -19.848          172.353
  326 (vir)     1         153.874           2.745          -4.211         -21.009          173.417
  327 (vir)     1         153.877           2.661          -4.167         -21.006          173.376
  328 (vir)     1         155.528           1.939          -2.654         -16.955          171.768
  329 (vir)     1         156.305           2.340          -4.087         -19.924          174.481
  330 (vir)     1         156.307           2.280          -4.119         -19.922          174.390
  331 (vir)     1         158.997           2.274          -4.570         -21.573          178.274
  332 (vir)     1         161.497           2.199          -4.111         -20.296          179.881
  333 (vir)     1         161.499           2.128          -4.148         -20.295          179.773
  334 (vir)     1         167.584           1.894          -2.632         -17.713          184.558
  335 (vir)     1         167.866           1.481          -3.456         -19.669          185.560
  336 (vir)     1         205.755           1.065          -1.732         -17.483          222.571
  337 (vir)     1         215.686           6.487          -0.981         -13.356          234.548
  338 (vir)     1         233.879          10.701          -0.774         -13.478          257.284
  339 (vir)     1         233.885          10.980          -0.750         -13.473          257.586
  340 (vir)     1         240.133           0.454          -0.672         -13.511          253.425
  341 (vir)     1         240.140           1.682          -0.673         -13.504          254.654
  342 (vir)     1         244.856           3.184          -0.654         -13.624          261.010
  343 (vir)     1         275.302           1.561          -1.771         -17.849          292.942
  344 (vir)     1         319.896           1.968          -1.722         -19.044          339.185
  345 (vir)     1         319.975           1.953          -1.641         -18.965          339.252
  346 (vir)     1         351.233           1.987          -2.016         -21.024          372.228
  347 (vir)     1         351.330           1.997          -1.912         -20.926          372.341
  348 (vir)     1         383.564           2.404          -1.939         -21.658          405.687
 
