 
  kpoint:       1             coordinate:     0.0000    0.0000    0.0000                  spin:  1
 
    n           k   ϵ_nk^DFT (eV)     Σ^c_nk (eV)     Σ^x_nk (eV)    v_nk^xc (eV)   ϵ_nk^G0W0 (eV)
 
    1 (occ)     1         -56.429          12.470         -51.706         -31.158          -64.506
    2 (occ)     1         -56.425          12.456         -51.712         -31.164          -64.518
    3 (occ)     1         -55.778          12.390         -51.723         -31.163          -63.949
    4 (occ)     1         -55.778          12.379         -51.720         -31.163          -63.956
    5 (occ)     1         -28.408           6.377         -43.586         -30.979          -34.638
    6 (occ)     1         -28.385           6.123         -43.612         -31.032          -34.843
    7 (occ)     1         -28.380           6.107         -43.640         -31.059          -34.853
    8 (occ)     1         -28.356           6.356         -43.746         -31.132          -34.614
    9 (occ)     1         -28.336           6.426         -43.717         -31.060          -34.567
   10 (occ)     1         -28.330           6.416         -43.739         -31.084          -34.570
   11 (occ)     1         -27.728           5.870         -43.501         -31.051          -34.309
   12 (occ)     1         -27.728           5.871         -43.501         -31.050          -34.308
   13 (occ)     1         -27.727           5.993         -43.632         -31.056          -34.310
   14 (occ)     1         -27.727           5.998         -43.631         -31.054          -34.306
   15 (occ)     1         -27.715           6.107         -43.529         -31.062          -34.075
   16 (occ)     1         -27.714           6.112         -43.529         -31.062          -34.070
   17 (occ)     1          -3.795           0.722          -7.337          -5.699           -4.711
   18 (occ)     1          -2.642          -0.436          -6.095          -5.175           -3.997
   19 (vir)     1          -2.034          -1.219          -1.852          -4.421           -0.684
   20 (vir)     1          -1.453          -1.133          -2.194          -4.550           -0.230
   21 (vir)     1          -1.222          -1.302          -1.597          -4.253            0.131
   22 (vir)     1          -0.697          -1.587          -1.758          -4.522            0.480
   23 (vir)     1          -0.317          -1.871          -1.436          -4.206            0.582
   24 (vir)     1          -0.310          -1.905          -1.917          -4.762            0.631
   25 (vir)     1          -0.146          -1.738          -1.482          -4.291            0.925
   26 (vir)     1           0.628          -2.093          -0.992          -3.855            1.397
   27 (vir)     1           0.742          -2.259          -1.306          -4.332            1.509
   28 (vir)     1           1.094          -2.432          -1.238          -4.310            1.734
   29 (vir)     1           1.914           0.303          -1.586          -4.982            5.613
   30 (vir)     1           2.302          -1.895          -1.062          -4.397            3.741
   31 (vir)     1           2.375           0.113          -0.955          -4.150            5.683
   32 (vir)     1           2.474           0.869          -1.214          -4.589            6.717
   33 (vir)     1           2.796          -2.491          -1.222          -4.559            3.641
   34 (vir)     1           2.954          -1.867          -0.694          -4.007            4.399
   35 (vir)     1           3.246           0.415          -0.768          -4.201            7.093
   36 (vir)     1           3.445          -2.739          -0.648          -3.853            3.911
   37 (vir)     1           3.772           1.118          -1.075          -4.629            8.444
   38 (vir)     1           4.957           0.449          -0.817          -4.352            8.942
   39 (vir)     1           4.993           0.532          -0.862          -4.442            9.104
   40 (vir)     1           5.134           0.802          -0.849          -4.398            9.485
   41 (vir)     1           5.476           0.658          -1.619          -5.550           10.065
   42 (vir)     1           6.904           1.046          -1.991          -6.254           12.213
   43 (vir)     1           7.122           0.655          -1.191          -5.488           12.074
   44 (vir)     1           7.566           0.062          -1.502          -5.819           11.944
   45 (vir)     1           7.700          -0.260          -2.376          -6.903           11.966
   46 (vir)     1           8.320           0.271          -2.003          -6.644           13.232
   47 (vir)     1           8.777          -0.436          -2.336          -6.886           12.890
   48 (vir)     1           8.881           0.687          -1.080          -5.335           13.823
   49 (vir)     1           9.996           0.537          -1.497          -6.042           15.078
   50 (vir)     1          10.429           0.362          -1.485          -6.203           15.510
   51 (vir)     1          10.430          -0.111          -2.785          -7.943           15.476
   52 (vir)     1          13.219           0.220          -2.692          -8.317           19.065
   53 (vir)     1          15.080           0.491          -2.959          -8.940           21.551
   54 (vir)     1          15.906           0.311          -2.644          -8.398           21.972
   55 (vir)     1          16.403           0.437          -2.467          -8.259           22.632
   56 (vir)     1          18.733           0.496          -3.641         -10.031           25.619
   57 (vir)     1          79.074           0.015          -4.907         -15.135           89.317
   58 (vir)     1          79.120           0.012          -4.862         -15.039           89.309
   59 (vir)     1          81.113           0.044          -5.068         -15.567           91.656
   60 (vir)     1          81.600           0.046          -5.357         -16.045           92.334
   61 (vir)     1          86.735           0.436          -9.611         -28.050          105.610
   62 (vir)     1          88.007           0.440          -9.694         -28.062          106.815
   63 (vir)     1          88.386           0.454          -9.464         -27.955          107.331
   64 (vir)     1          88.551           0.446          -9.397         -28.033          107.633
   65 (vir)     1          89.328           0.468          -9.446         -27.870          108.220
   66 (vir)     1          89.893           0.466          -9.762         -28.122          108.719
   67 (vir)     1          92.098           0.480          -8.871         -26.683          110.390
   68 (vir)     1          92.332           0.470          -9.348         -28.026          111.480
   69 (vir)     1         101.802           0.562          -9.157         -28.198          121.405
   70 (vir)     1         104.413           0.581          -8.838         -28.263          124.419
   71 (vir)     1         109.964           0.618          -8.787         -28.529          130.323
   72 (vir)     1         115.877           0.591          -8.227         -27.782          136.023
 
