 
  kpoint:       1             coordinate:     0.0000    0.0000    0.0000                  spin:  1
 
    n           k   ϵ_nk^DFT (eV)     Σ^c_nk (eV)     Σ^x_nk (eV)    v_nk^xc (eV)   ϵ_nk^G0W0 (eV)
 
    1 (occ)     1         -18.619           5.706         -25.190         -15.987          -22.117
    2 (occ)     1         -14.119           2.771         -20.719         -14.215          -17.853
    3 (occ)     1         -12.262           1.979         -21.348         -15.448          -16.182
    4 (occ)     1          -7.188           0.309         -16.889         -13.161          -10.608
    5 (occ)     1          -7.188           0.311         -16.895         -13.161          -10.611
    6 (vir)     1          -0.416          -1.507          -4.935          -9.849            2.991
    7 (vir)     1          -0.416          -1.504          -4.934          -9.849            2.995
    8 (vir)     1           0.272          -0.420          -0.661          -2.454            1.645
    9 (vir)     1           0.283          -0.600          -0.976          -3.121            1.827
   10 (vir)     1           1.037          -0.255          -0.508          -1.914            2.189
   11 (vir)     1           1.037          -0.254          -0.508          -1.914            2.189
   12 (vir)     1           1.220          -0.435          -0.898          -2.857            2.744
   13 (vir)     1           2.227          -0.488          -1.057          -2.774            3.456
   14 (vir)     1           2.227          -0.489          -1.057          -2.774            3.455
   15 (vir)     1           2.839          -1.097          -2.110          -5.328            4.961
   16 (vir)     1           3.173          -0.068          -0.025          -0.793            3.872
   17 (vir)     1           3.173          -0.068          -0.025          -0.793            3.872
   18 (vir)     1           3.835          -0.339          -0.593          -1.866            4.769
   19 (vir)     1           4.051          -1.133          -2.029          -5.171            6.060
   20 (vir)     1           4.805          -0.453          -0.953          -2.876            6.276
   21 (vir)     1           6.035          -0.635          -0.803          -3.286            7.884
   22 (vir)     1           6.035          -0.635          -0.801          -3.286            7.886
   23 (vir)     1           7.670          -0.603          -0.890          -3.239            9.417
   24 (vir)     1           7.670          -0.600          -0.890          -3.239            9.419
   25 (vir)     1           7.786          -1.392          -2.158          -6.024           10.260
   26 (vir)     1           8.179          -1.642          -1.306          -5.102           10.332
   27 (vir)     1           8.179          -1.638          -1.304          -5.102           10.339
   28 (vir)     1          10.118          -0.160          -0.381          -2.638           12.215
   29 (vir)     1          10.118          -0.196          -0.382          -2.638           12.179
   30 (vir)     1          12.049          -1.740          -0.990          -5.050           14.369
   31 (vir)     1          12.049          -1.740          -0.990          -5.050           14.370
   32 (vir)     1          12.550          -2.033          -2.301          -6.877           15.092
   33 (vir)     1          15.287          -2.860          -2.524          -8.116           18.020
   34 (vir)     1          16.083          -0.509          -0.450          -3.980           19.103
   35 (vir)     1          16.083          -0.510          -0.451          -3.980           19.102
   36 (vir)     1          16.363          -3.389          -3.228          -9.433           19.180
   37 (vir)     1          17.854          -3.076          -3.100          -9.085           20.763
   38 (vir)     1          17.854          -3.069          -3.100          -9.085           20.770
   39 (vir)     1          19.598          -2.495          -1.274          -6.376           22.204
   40 (vir)     1          20.854          -3.791          -1.601          -7.233           22.695
   41 (vir)     1          20.854          -3.809          -1.604          -7.233           22.674
   42 (vir)     1          21.812          -2.816          -0.975          -6.267           24.288
   43 (vir)     1          21.812          -2.766          -0.978          -6.267           24.335
   44 (vir)     1          22.257          -4.062          -2.887          -9.882           25.190
   45 (vir)     1          24.373          -0.670          -0.283          -4.328           27.748
   46 (vir)     1          24.373          -0.665          -0.283          -4.328           27.753
   47 (vir)     1          25.599          -1.123          -0.641          -5.185           29.020
   48 (vir)     1          25.599          -1.175          -0.642          -5.185           28.966
   49 (vir)     1          25.685          -2.044          -1.517          -7.213           29.337
   50 (vir)     1          25.685          -2.046          -1.517          -7.213           29.335
   51 (vir)     1          26.719          -2.600          -1.047          -5.408           28.481
   52 (vir)     1          31.418           4.243          -3.682         -12.316           44.295
   53 (vir)     1          31.418           4.224          -3.696         -12.316           44.262
   54 (vir)     1          33.180          -7.913          -3.428         -12.394           34.233
   55 (vir)     1          35.796          -7.185          -3.248         -12.230           37.593
   56 (vir)     1          35.796          -7.199          -3.239         -12.230           37.588
   57 (vir)     1          47.456           2.153          -2.735         -12.521           59.396
   58 (vir)     1          47.456           2.139          -2.735         -12.521           59.382
   59 (vir)     1          52.386           3.342          -3.031         -12.584           65.282
   60 (vir)     1          53.410           2.903          -2.087         -10.670           64.895
   61 (vir)     1          54.822           3.575          -2.557         -11.924           67.764
   62 (vir)     1          54.822           3.398          -2.562         -11.924           67.581
   63 (vir)     1          60.415          -0.698          -2.541         -12.782           69.959
   64 (vir)     1          60.415          -1.878          -2.546         -12.782           68.773
   65 (vir)     1          64.124           2.317          -2.701         -13.455           77.195
   66 (vir)     1          71.605           3.065          -1.732         -12.620           85.558
   67 (vir)     1          71.605           2.966          -1.733         -12.620           85.459
   68 (vir)     1          72.461           3.788          -2.736         -14.825           88.338
   69 (vir)     1          82.627           1.447          -2.589         -15.036           96.521
   70 (vir)     1          82.627           1.045          -2.592         -15.036           96.116
   71 (vir)     1          92.454           2.540          -2.963         -15.800          107.830
   72 (vir)     1         117.920           2.040          -2.136         -14.622          132.446
   73 (vir)     1         152.141           2.200          -1.773         -15.913          168.480
   74 (vir)     1         162.868           2.675          -1.553         -15.565          179.555
   75 (vir)     1         190.680           5.049          -0.922         -11.983          206.789
   76 (vir)     1         242.696           8.479          -0.891         -13.366          263.649
 
