 
  kpoint:       1             coordinate:     0.0000    0.0000    0.0000                  spin:  1
 
    n           k   ϵ_nk^DFT (eV)     Σ^c_nk (eV)     Σ^x_nk (eV)    v_nk^xc (eV)   ϵ_nk^G0W0 (eV)
 
    1 (occ)     1         -26.692           8.664         -32.084         -20.178          -29.934
    2 (occ)     1         -15.683           3.343         -22.724         -15.181          -19.883
    3 (occ)     1         -12.144           2.499         -21.572         -15.238          -15.979
    4 (occ)     1         -10.938           2.882         -25.913         -18.926          -15.043
    5 (occ)     1         -10.037           0.982         -21.192         -16.609          -13.638
    6 (occ)     1          -6.229           2.003         -23.663         -17.874          -10.015
    7 (vir)     1          -2.647          -2.012          -7.986         -14.017            1.371
    8 (vir)     1          -0.179          -0.539          -1.128          -3.369            1.523
    9 (vir)     1           0.610          -0.365          -0.794          -2.545            1.996
   10 (vir)     1           0.706          -0.357          -0.747          -2.664            2.265
   11 (vir)     1           1.068          -0.345          -0.495          -1.980            2.209
   12 (vir)     1           2.027          -0.259          -0.458          -1.996            3.306
   13 (vir)     1           2.178          -0.134          -0.426          -1.624            3.242
   14 (vir)     1           2.297          -0.144          -0.114          -1.351            3.390
   15 (vir)     1           2.496          -0.178          -0.312          -1.446            3.452
   16 (vir)     1           2.641          -0.236          -0.436          -1.756            3.724
   17 (vir)     1           3.437          -0.766          -1.725          -4.296            5.241
   18 (vir)     1           4.455          -1.080          -2.826          -6.415            6.964
   19 (vir)     1           4.820          -0.878          -2.257          -5.655            7.340
   20 (vir)     1           6.400          -0.501          -0.672          -3.230            8.456
   21 (vir)     1           6.405          -0.770          -1.129          -4.309            8.816
   22 (vir)     1           7.372          -1.648          -1.534          -5.713            9.903
   23 (vir)     1           9.612          -1.414          -2.085          -6.564           12.677
   24 (vir)     1          10.622          -1.232          -2.706          -6.710           13.393
   25 (vir)     1          11.210          -2.265          -3.859          -9.347           14.433
   26 (vir)     1          12.809          -1.879          -1.472          -5.830           15.288
   27 (vir)     1          12.913          -1.922          -3.173          -8.609           16.426
   28 (vir)     1          13.412          -2.192          -2.550          -7.713           16.383
   29 (vir)     1          13.684          -1.230          -1.085          -4.898           16.267
   30 (vir)     1          15.394          -0.900          -1.009          -4.914           18.400
   31 (vir)     1          15.622          -1.638          -1.876          -6.598           18.706
   32 (vir)     1          16.219          -0.848          -0.472          -4.067           18.966
   33 (vir)     1          16.543          -0.825          -0.578          -4.035           19.176
   34 (vir)     1          17.359          -2.520          -2.792          -8.766           20.813
   35 (vir)     1          18.627          -3.446          -4.084         -11.069           22.166
   36 (vir)     1          20.547          -3.730          -2.902          -9.659           23.574
   37 (vir)     1          22.191          -3.435          -3.769         -10.810           25.796
   38 (vir)     1          29.354          -3.594          -3.529         -10.899           33.130
   39 (vir)     1          31.137          -5.709          -3.778         -11.829           33.479
   40 (vir)     1          32.084           2.176          -4.515         -13.276           43.021
   41 (vir)     1          34.940          -6.225          -4.870         -13.806           37.651
   42 (vir)     1          35.414          -8.316          -2.244         -11.144           35.998
   43 (vir)     1          38.519           3.046          -3.647         -11.687           49.605
   44 (vir)     1          43.610           2.978          -4.143         -13.616           56.060
   45 (vir)     1          44.126           3.082          -4.581         -13.482           56.109
   46 (vir)     1          47.219           3.224          -4.111         -13.994           60.327
   47 (vir)     1          49.270           3.996          -3.217         -12.517           62.566
   48 (vir)     1          52.102           2.902          -2.840         -11.818           63.983
   49 (vir)     1          54.041           3.264          -2.637         -12.184           66.851
   50 (vir)     1          54.474           2.118          -2.510         -12.169           66.252
   51 (vir)     1          55.468           2.235          -2.877         -12.351           67.177
   52 (vir)     1          62.372           2.537          -2.298         -12.757           75.369
   53 (vir)     1          65.616           2.331          -4.099         -15.726           79.573
   54 (vir)     1          65.729           2.683          -3.502         -14.648           79.557
   55 (vir)     1          67.909           2.276          -3.269         -14.683           81.599
   56 (vir)     1          75.451           2.600          -3.091         -15.124           90.085
   57 (vir)     1          93.170           1.790          -2.868         -15.678          107.770
   58 (vir)     1         124.885           3.827          -3.037         -17.986          143.661
   59 (vir)     1         126.180           2.558          -3.785         -19.071          144.025
   60 (vir)     1         128.786           3.024          -3.126         -17.151          145.835
   61 (vir)     1         141.882           2.447          -2.302         -15.130          157.157
   62 (vir)     1         151.404           2.136          -1.912         -16.111          167.738
   63 (vir)     1         161.406           2.031          -1.719         -15.900          177.619
   64 (vir)     1         176.103           1.065          -5.248         -23.145          195.066
   65 (vir)     1         176.374           1.090          -5.170         -23.098          195.393
   66 (vir)     1         180.774           1.535          -4.660         -22.880          200.529
   67 (vir)     1         181.031           1.804          -5.024         -23.158          200.969
   68 (vir)     1         182.861           1.359          -5.424         -23.453          202.250
   69 (vir)     1         221.811           1.524          -2.937         -19.321          239.720
   70 (vir)     1         228.264           1.042          -3.400         -20.888          246.794
   71 (vir)     1         232.395           0.416          -3.332         -20.993          250.472
   72 (vir)     1         232.589           0.711          -3.383         -21.361          251.279
   73 (vir)     1         233.090           0.977          -3.375         -21.347          252.040
   74 (vir)     1         234.548           0.773          -2.889         -21.187          253.620
   75 (vir)     1         237.022           1.060          -3.781         -22.136          256.437
   76 (vir)     1         248.713           1.957          -2.323         -18.195          266.541
 
