 
  kpoint:       1             coordinate:     0.0000    0.0000    0.0000                  spin:  1
 
    n           k   ϵ_nk^DFT (eV)     Σ^c_nk (eV)     Σ^x_nk (eV)    v_nk^xc (eV)   ϵ_nk^G0W0 (eV)
 
    1 (occ)     1         -80.126          10.648         -57.430         -35.041          -91.867
    2 (occ)     1         -46.933           6.009         -48.987         -35.971          -53.940
    3 (occ)     1         -46.801           5.400         -48.795         -36.019          -54.177
    4 (occ)     1         -46.792           5.729         -49.696         -36.022          -54.737
    5 (occ)     1         -28.162           8.227         -26.599         -15.272          -31.262
    6 (occ)     1         -17.842           7.435         -24.409         -15.635          -19.181
    7 (occ)     1         -16.262           2.245         -20.833         -12.725          -22.124
    8 (occ)     1         -15.622           1.737         -20.430         -14.564          -19.751
    9 (occ)     1         -14.853           1.635         -20.106         -14.340          -18.984
   10 (occ)     1          -7.032           1.764         -17.030         -13.357           -8.940
   11 (occ)     1          -5.929           2.168         -17.596         -13.201           -8.156
   12 (occ)     1          -5.926           2.134         -17.537         -13.212           -8.117
   13 (vir)     1          -3.483          -1.349          -2.808          -7.630           -0.010
   14 (vir)     1          -2.254          -1.307          -2.754          -7.668            1.353
   15 (vir)     1          -1.819          -1.264          -2.522          -7.489            1.884
   16 (vir)     1          -1.009          -1.189          -3.058          -7.374            2.119
   17 (vir)     1          -0.556          -1.179          -2.952          -7.278            2.591
   18 (vir)     1          -0.337          -1.078          -2.205          -6.195            2.575
   19 (vir)     1          -0.236          -0.884          -1.920          -5.450            2.411
   20 (vir)     1          -0.086          -1.175          -2.576          -7.098            3.261
   21 (vir)     1           0.314          -0.894          -1.914          -5.671            3.177
   22 (vir)     1           2.265          -1.007          -1.241          -4.653            4.670
   23 (vir)     1           2.711          -0.965          -2.032          -5.959            5.673
   24 (vir)     1           3.103          -0.976          -2.006          -6.093            6.214
   25 (vir)     1           3.608          -0.915          -1.572          -5.494            6.616
   26 (vir)     1           3.647          -1.050          -1.263          -5.624            6.958
   27 (vir)     1           3.668          -1.039          -1.263          -5.597            6.963
   28 (vir)     1           3.736          -0.941          -1.698          -5.579            6.675
   29 (vir)     1           4.174          -1.160          -2.042          -6.415            7.388
   30 (vir)     1           5.398          -1.547          -1.999          -6.181            8.033
   31 (vir)     1           5.614          -1.407          -2.369          -7.185            9.022
   32 (vir)     1           5.794          -1.199          -1.387          -5.104            8.312
   33 (vir)     1           5.896          -1.246          -1.374          -5.104            8.380
   34 (vir)     1           6.010          -1.311          -1.301          -5.249            8.647
   35 (vir)     1           6.014          -1.268          -1.284          -5.243            8.705
   36 (vir)     1           6.386          -0.705          -0.313          -3.877            9.244
   37 (vir)     1           6.389          -0.700          -0.343          -3.865            9.211
   38 (vir)     1           6.758          -1.138          -1.513          -5.794            9.900
   39 (vir)     1           7.892          -1.143          -1.419          -5.493           10.822
   40 (vir)     1           8.107          -1.198          -1.404          -5.536           11.040
   41 (vir)     1           8.136          -1.630          -3.151          -8.610           11.966
   42 (vir)     1           8.288          -1.660          -3.191          -8.456           11.893
   43 (vir)     1           8.324          -2.067          -3.194          -8.792           11.856
   44 (vir)     1           8.840          -1.936          -2.924          -8.750           12.729
   45 (vir)     1           9.545          -1.515          -1.810          -6.198           12.419
   46 (vir)     1          10.124          -1.682          -1.392          -6.143           13.194
   47 (vir)     1          10.156          -1.650          -1.576          -6.354           13.284
   48 (vir)     1          10.336          -1.025          -0.418          -3.753           12.645
   49 (vir)     1          10.336          -1.040          -0.412          -3.753           12.636
   50 (vir)     1          11.486          -1.819          -1.722          -6.741           14.685
   51 (vir)     1          11.719          -1.571          -2.016          -6.742           14.874
   52 (vir)     1          11.864          -2.117          -2.139          -7.879           15.487
   53 (vir)     1          11.988          -2.351          -2.911          -9.494           16.221
   54 (vir)     1          14.118          -1.471          -1.207          -6.145           17.585
   55 (vir)     1          14.143          -1.495          -1.214          -6.130           17.564
   56 (vir)     1          15.778          -1.558          -2.777          -9.495           20.937
   57 (vir)     1          15.996          -1.076          -2.899          -9.582           21.603
   58 (vir)     1          16.967          -3.096          -3.218         -10.986           21.639
   59 (vir)     1          18.164          -5.003          -4.556         -13.064           21.669
   60 (vir)     1          18.167          -4.939          -4.633         -13.050           21.644
   61 (vir)     1          18.837          -3.734          -3.316         -10.999           22.786
   62 (vir)     1          18.856          -3.767          -3.179         -10.890           22.800
   63 (vir)     1          21.667          -2.127          -2.339          -8.707           25.908
   64 (vir)     1          21.780          -3.553          -2.500          -8.748           24.475
   65 (vir)     1          23.048          -1.956          -3.512         -12.347           29.927
   66 (vir)     1          23.763          -1.954          -2.053          -8.166           27.922
   67 (vir)     1          24.621          -0.526          -1.961          -9.243           31.377
   68 (vir)     1          27.332          -2.028          -2.356         -10.016           32.965
   69 (vir)     1          31.468           2.467          -2.286         -10.164           41.813
   70 (vir)     1          31.487           2.869          -2.170         -10.166           42.351
   71 (vir)     1          32.224           0.093          -2.585         -11.277           41.008
   72 (vir)     1          37.947           2.745          -3.205         -12.885           50.372
   73 (vir)     1          44.957           0.275          -4.209         -14.796           55.819
   74 (vir)     1         137.254           1.650          -0.560         -10.909          149.253
   75 (vir)     1         149.202           1.338          -0.394         -11.029          161.174
   76 (vir)     1         219.748           0.031          -1.286         -11.235          229.727
 
