 
  kpoint:       1             coordinate:     0.0000    0.0000    0.0000                  spin:  1
 
    n           k   ϵ_nk^DFT (eV)     Σ^c_nk (eV)     Σ^x_nk (eV)    v_nk^xc (eV)   ϵ_nk^G0W0 (eV)
 
    1 (occ)     1         -33.960           8.607         -37.393         -23.105          -39.641
    2 (occ)     1         -27.639           7.785         -37.389         -24.062          -33.181
    3 (occ)     1         -15.279           1.498         -27.618         -22.417          -18.982
    4 (occ)     1         -12.792           4.561         -31.272         -22.120          -17.383
    5 (occ)     1         -12.792           4.578         -31.296         -22.120          -17.389
    6 (occ)     1          -9.401           3.637         -32.462         -23.925          -14.301
    7 (occ)     1          -9.401           3.644         -32.487         -23.925          -14.318
    8 (vir)     1          -5.671          -2.152         -15.373         -23.391            0.194
    9 (vir)     1           0.704          -0.391          -1.112          -3.791            2.992
   10 (vir)     1           2.193          -0.440          -1.096          -3.638            4.294
   11 (vir)     1          11.005          -0.794          -4.487          -9.945           15.670
   12 (vir)     1          11.005          -0.788          -4.492          -9.945           15.671
   13 (vir)     1          14.383          -2.159          -2.561          -8.462           18.124
   14 (vir)     1          15.777          -1.381          -3.771          -9.424           20.049
   15 (vir)     1          15.777          -1.385          -3.767          -9.424           20.048
   16 (vir)     1          17.436          -1.182          -2.286          -7.730           21.699
   17 (vir)     1          17.439          -1.179          -2.292          -7.728           21.695
   18 (vir)     1          20.434          -3.010          -3.466          -9.796           23.754
   19 (vir)     1          20.538          -1.567          -3.040          -9.056           24.987
   20 (vir)     1          20.538          -1.558          -3.036          -9.056           25.001
   21 (vir)     1          24.267          -2.288          -2.645          -9.073           28.407
   22 (vir)     1          25.915          -1.541          -2.347          -8.411           30.438
   23 (vir)     1          25.918          -1.540          -2.355          -8.409           30.431
   24 (vir)     1          28.980          -2.853          -2.673          -8.158           31.612
   25 (vir)     1          36.145          -0.495          -2.590         -10.288           43.348
   26 (vir)     1          38.333          -2.287          -1.864          -8.513           42.695
   27 (vir)     1          38.333          -2.304          -1.858          -8.513           42.685
   28 (vir)     1          38.682          -1.539          -1.374          -7.964           43.733
   29 (vir)     1          38.682          -1.533          -1.367          -7.964           43.745
   30 (vir)     1          44.612          -2.481          -1.645          -9.202           49.688
   31 (vir)     1          44.612          -2.472          -1.649          -9.202           49.693
   32 (vir)     1          44.729          -0.861          -1.100          -6.190           48.957
   33 (vir)     1          44.729          -0.862          -1.113          -6.190           48.944
   34 (vir)     1          49.718          -0.125          -3.922         -12.688           58.360
   35 (vir)     1          49.718          -0.855          -3.911         -12.688           57.641
   36 (vir)     1          54.554          -3.011          -1.744          -9.851           59.650
   37 (vir)     1          54.554          -3.017          -1.734          -9.851           59.654
   38 (vir)     1          56.314          -4.778          -2.053          -9.994           59.477
   39 (vir)     1          62.199          -3.290          -2.847         -11.218           67.280
   40 (vir)     1          62.199          -3.330          -2.838         -11.217           67.249
   41 (vir)     1          66.001           0.709          -7.007         -18.579           78.281
   42 (vir)     1          73.771          -9.454          -7.585         -19.095           75.827
   43 (vir)     1          73.771          -9.740          -7.599         -19.095           75.526
   44 (vir)     1          79.507           3.903          -6.188         -18.935           96.157
   45 (vir)     1          79.507           4.174          -6.191         -18.935           96.425
   46 (vir)     1          81.672           1.825          -3.622         -13.985           93.860
   47 (vir)     1          84.738           4.793          -6.733         -19.838          102.636
   48 (vir)     1          84.738           4.871          -6.713         -19.838          102.734
   49 (vir)     1          87.003           1.715          -5.996         -19.763          102.486
   50 (vir)     1          89.428           5.586          -6.679         -18.904          107.239
   51 (vir)     1          89.428           5.650          -6.649         -18.903          107.332
   52 (vir)     1          97.173           2.678          -4.956         -20.754          115.649
   53 (vir)     1         101.068           5.446          -6.086         -21.140          121.568
   54 (vir)     1         101.068           6.343          -6.097         -21.140          122.454
   55 (vir)     1         108.367           4.294          -6.671         -23.133          129.122
   56 (vir)     1         108.367           8.127          -6.694         -23.133          132.933
   57 (vir)     1         135.245           3.784          -5.111         -22.863          156.781
   58 (vir)     1         408.203           0.824          -1.085         -22.085          430.026
 
