 
  kpoint:       1             coordinate:     0.0000    0.0000    0.0000                  spin:  1
 
    n           k   ϵ_nk^DFT (eV)     Σ^c_nk (eV)     Σ^x_nk (eV)    v_nk^xc (eV)   ϵ_nk^G0W0 (eV)
 
    1 (occ)     1         -26.950           7.658         -26.558         -16.760          -29.089
    2 (occ)     1         -19.537           5.104         -23.746         -16.207          -21.972
    3 (occ)     1         -14.189           4.387         -21.002         -14.553          -16.251
    4 (occ)     1         -12.314          -0.089         -16.001         -13.107          -15.298
    5 (occ)     1         -10.868           1.250         -19.675         -15.314          -13.978
    6 (occ)     1         -10.357           2.383         -19.049         -13.699          -13.324
    7 (occ)     1          -7.346           0.719         -17.394         -13.515          -10.506
    8 (occ)     1          -7.248           1.441         -18.422         -13.806          -10.422
    9 (vir)     1          -6.036          -2.613          -6.375         -12.408           -2.616
   10 (vir)     1          -3.908          -2.860          -6.292         -12.597           -0.463
   11 (vir)     1          -1.965          -1.818          -8.238         -13.399            1.377
   12 (vir)     1          -0.767          -4.565          -4.746         -11.654            1.577
   13 (vir)     1           0.420          -0.492          -0.810          -2.606            1.723
   14 (vir)     1           0.547          -0.981          -0.724          -2.942            1.785
   15 (vir)     1           0.748          -0.314          -0.578          -2.036            1.894
   16 (vir)     1           1.221          -0.346          -0.441          -2.024            2.458
   17 (vir)     1           1.354          -0.270          -0.338          -1.695            2.442
   18 (vir)     1           1.569          -0.322          -0.198          -1.510            2.560
   19 (vir)     1           1.574          -0.291          -0.315          -1.592            2.560
   20 (vir)     1           1.689          -0.318          -0.251          -1.504            2.625
   21 (vir)     1           2.550          -0.239          -0.287          -1.563            3.588
   22 (vir)     1           2.642          -0.184          -0.219          -1.243            3.482
   23 (vir)     1           2.709          -0.264          -0.180          -1.267            3.532
   24 (vir)     1           3.007          -1.723          -3.397          -7.809            5.695
   25 (vir)     1           3.753          -0.450          -0.487          -1.959            4.774
   26 (vir)     1           3.805          -0.885          -1.576          -4.068            5.412
   27 (vir)     1           4.465          -0.349          -0.497          -1.852            5.472
   28 (vir)     1           4.999          -0.565          -1.087          -3.033            6.380
   29 (vir)     1           5.836          -0.806          -0.781          -3.299            7.547
   30 (vir)     1           5.967          -0.577          -0.949          -2.764            7.205
   31 (vir)     1           6.013          -0.766          -1.156          -3.475            7.566
   32 (vir)     1           6.338          -2.716          -4.426          -9.991            9.187
   33 (vir)     1           6.478          -0.436          -0.408          -2.226            7.860
   34 (vir)     1           6.830          -3.304          -5.789         -12.313           10.050
   35 (vir)     1           8.415          -3.425          -4.171         -10.674           11.494
   36 (vir)     1           8.798          -1.403          -1.589          -5.197           11.004
   37 (vir)     1           8.923          -3.129          -4.535         -10.793           12.052
   38 (vir)     1           8.956          -1.313          -0.624          -3.600           10.619
   39 (vir)     1           9.401          -2.502          -2.167          -7.162           11.894
   40 (vir)     1          10.135          -2.221          -1.375          -5.828           12.368
   41 (vir)     1          10.431          -2.743          -1.371          -6.399           12.715
   42 (vir)     1          11.051          -1.402          -1.431          -5.001           13.219
   43 (vir)     1          11.889          -2.811          -2.723          -8.300           14.655
   44 (vir)     1          12.628          -2.103          -2.045          -6.825           15.305
   45 (vir)     1          13.370          -3.944          -1.299          -6.504           14.630
   46 (vir)     1          13.836          -3.019          -1.867          -7.360           16.310
   47 (vir)     1          14.031          -2.939          -1.464          -7.290           16.917
   48 (vir)     1          14.602          -3.280          -1.491          -6.107           15.938
   49 (vir)     1          14.768           0.438          -0.969          -5.418           19.654
   50 (vir)     1          17.629          -1.206          -2.399          -8.242           22.266
   51 (vir)     1          17.907          -3.588          -1.928          -7.785           20.176
   52 (vir)     1          17.968          -2.757          -1.496          -7.055           20.769
   53 (vir)     1          18.546          -1.739          -0.517          -4.783           21.073
   54 (vir)     1          18.605          -2.261          -0.987          -5.935           21.291
   55 (vir)     1          18.957          -3.193          -1.786          -7.353           21.331
   56 (vir)     1          19.183          -2.938          -1.896          -7.233           21.581
   57 (vir)     1          19.259          -1.009          -0.595          -4.905           22.560
   58 (vir)     1          20.227          -2.594          -0.655          -5.445           22.422
   59 (vir)     1          20.472          -1.709          -1.754          -7.423           24.432
   60 (vir)     1          20.873          -3.890          -1.669          -8.015           23.330
   61 (vir)     1          23.519          -2.639          -0.791          -5.678           25.768
   62 (vir)     1          24.385          -3.696          -1.729          -7.287           26.246
   63 (vir)     1          24.448          -3.731          -1.455          -7.086           26.348
   64 (vir)     1          24.544          -2.640          -0.736          -5.602           26.770
   65 (vir)     1          24.658          -4.308          -2.004          -8.778           27.124
   66 (vir)     1          25.947          -0.196          -1.244          -7.044           31.552
   67 (vir)     1          26.415          -1.695          -1.441          -7.220           30.500
   68 (vir)     1          26.705          -2.904          -0.775          -5.847           28.872
   69 (vir)     1          26.726          -3.447          -1.450          -7.136           28.966
   70 (vir)     1          26.793           1.540          -2.045          -8.860           35.148
   71 (vir)     1          26.891          -1.017          -2.938         -11.042           33.978
   72 (vir)     1          27.749          -3.002          -0.963          -6.344           30.128
   73 (vir)     1          30.654          -0.103          -1.113          -6.726           36.164
   74 (vir)     1          30.862          -6.266          -1.444          -8.840           31.992
   75 (vir)     1          31.425           1.853          -1.288          -6.839           38.828
   76 (vir)     1          33.241           3.813          -1.842          -8.876           44.088
   77 (vir)     1          33.548          -2.133          -0.760          -5.938           36.593
   78 (vir)     1          34.294          -2.548          -1.062          -6.795           37.480
   79 (vir)     1          35.348          -5.436          -1.259          -7.693           36.346
   80 (vir)     1          38.297          -6.175          -1.531          -7.465           38.056
   81 (vir)     1          39.670           2.047          -2.262          -9.577           49.032
   82 (vir)     1          39.684           0.837          -1.012          -7.106           46.614
   83 (vir)     1          41.611           1.607          -3.415         -12.556           52.358
   84 (vir)     1          43.734           0.244          -1.027          -7.678           50.630
   85 (vir)     1          44.036           0.653          -0.524          -5.780           49.945
   86 (vir)     1          44.286           1.853          -1.229          -7.472           52.382
   87 (vir)     1          46.975           2.703          -3.464         -13.174           59.389
   88 (vir)     1          48.208          -0.446          -2.745         -12.532           57.548
   89 (vir)     1          50.543           0.033          -2.321         -11.811           60.065
   90 (vir)     1          51.652           1.868          -3.222         -12.954           63.252
   91 (vir)     1          51.866           4.444          -1.993         -10.918           65.235
   92 (vir)     1          54.857           1.048          -3.435         -14.171           66.641
   93 (vir)     1          56.298           3.718          -3.683         -15.068           71.400
   94 (vir)     1          57.758           0.812          -2.936         -14.276           69.911
   95 (vir)     1          59.191           1.308          -2.221         -11.705           69.983
   96 (vir)     1          60.758           1.289          -2.885         -13.887           73.049
   97 (vir)     1          61.596           0.921          -2.001         -11.355           71.871
   98 (vir)     1          62.667          -0.127          -2.722         -13.933           73.751
   99 (vir)     1          62.922           2.342          -3.476         -15.486           77.274
  100 (vir)     1          64.688           1.987          -2.725         -14.160           78.110
  101 (vir)     1          69.420           3.175          -1.717         -12.805           83.682
  102 (vir)     1          69.610           3.775          -2.204         -13.545           84.726
  103 (vir)     1          70.226           2.503          -1.516         -12.264           83.476
  104 (vir)     1          70.487           2.018          -1.603         -12.184           83.086
  105 (vir)     1          70.859           2.518          -3.019         -14.766           85.125
  106 (vir)     1          72.347           3.622          -2.258         -13.046           86.757
  107 (vir)     1          76.396           1.233          -2.285         -14.266           89.610
  108 (vir)     1          78.904           2.582          -2.037         -12.768           92.218
  109 (vir)     1          78.917           0.776          -1.935         -12.877           90.635
  110 (vir)     1          91.501           2.056          -2.598         -15.656          106.615
  111 (vir)     1          98.893           1.737          -2.447         -15.509          113.691
  112 (vir)     1          98.968           0.821          -1.821         -13.852          111.820
  113 (vir)     1         195.881           4.974          -0.766         -11.351          211.441
  114 (vir)     1         228.337           5.113          -0.830         -12.533          245.153
  115 (vir)     1         230.030           8.459          -0.873         -12.883          250.499
  116 (vir)     1         234.246           9.474          -0.845         -12.831          255.706
 
