 
  kpoint:       1             coordinate:     0.0000    0.0000    0.0000                  spin:  1
 
    n           k   ϵ_nk^DFT (eV)     Σ^c_nk (eV)     Σ^x_nk (eV)    v_nk^xc (eV)   ϵ_nk^G0W0 (eV)
 
    1 (occ)     1         -26.014           9.474         -30.126         -18.538          -28.128
    2 (occ)     1         -24.346           8.439         -28.849         -18.014          -26.743
    3 (occ)     1         -23.722           7.856         -28.228         -17.779          -26.314
    4 (occ)     1         -21.818           7.167         -27.642         -17.811          -24.482
    5 (occ)     1         -19.523           6.167         -25.244         -16.298          -22.301
    6 (occ)     1         -16.607           4.137         -23.784         -16.362          -19.893
    7 (occ)     1         -16.236           4.193         -24.097         -16.903          -19.237
    8 (occ)     1         -14.124           3.037         -22.302         -16.039          -17.349
    9 (occ)     1         -14.081           3.043         -22.695         -16.525          -17.208
   10 (occ)     1         -13.111           2.804         -22.903         -16.963          -16.246
   11 (occ)     1         -12.319           2.556         -22.303         -16.531          -15.535
   12 (occ)     1         -11.175           2.884         -19.939         -14.485          -13.745
   13 (occ)     1         -11.003           2.272         -21.158         -15.699          -14.190
   14 (occ)     1         -10.622           1.973         -21.378         -16.183          -13.844
   15 (occ)     1          -9.691           3.821         -25.880         -19.103          -12.646
   16 (occ)     1          -9.400           2.060         -19.931         -15.097          -12.174
   17 (occ)     1          -8.566           1.938         -19.665         -15.255          -11.038
   18 (occ)     1          -6.326           2.485         -21.482         -16.518           -8.804
   19 (occ)     1          -6.280           1.702         -20.084         -16.054           -8.607
   20 (occ)     1          -5.778           3.252         -24.842         -18.938           -8.430
   21 (occ)     1          -5.709           0.996         -19.717         -16.391           -8.039
   22 (vir)     1          -2.047          -2.329          -9.080         -14.026            0.570
   23 (vir)     1          -0.836          -1.455          -3.758          -7.163            1.113
   24 (vir)     1          -0.748          -1.957          -6.104         -10.344            1.536
   25 (vir)     1          -0.560          -1.018          -1.822          -4.416            1.016
   26 (vir)     1           0.010          -0.851          -1.321          -3.583            1.421
   27 (vir)     1           0.459          -0.623          -0.772          -2.500            1.564
   28 (vir)     1           0.508          -0.847          -1.338          -3.610            1.934
   29 (vir)     1           0.621          -0.783          -0.904          -3.012            1.947
   30 (vir)     1           1.089          -0.728          -1.163          -3.129            2.327
   31 (vir)     1           1.121          -0.758          -1.153          -3.200            2.410
   32 (vir)     1           1.505          -0.498          -0.634          -2.133            2.506
   33 (vir)     1           1.586          -0.723          -0.942          -2.965            2.886
   34 (vir)     1           1.747          -0.682          -1.051          -3.009            3.023
   35 (vir)     1           2.115          -2.432          -4.217          -8.506            3.973
   36 (vir)     1           2.223          -1.249          -1.919          -4.651            3.706
   37 (vir)     1           2.377          -0.699          -0.922          -2.780            3.536
   38 (vir)     1           2.416          -0.745          -1.046          -2.946            3.571
   39 (vir)     1           2.468          -0.975          -1.533          -3.812            3.772
   40 (vir)     1           2.568          -0.796          -0.993          -2.915            3.694
   41 (vir)     1           2.815          -0.570          -0.669          -2.337            3.913
   42 (vir)     1           3.061          -1.074          -1.649          -4.201            4.539
   43 (vir)     1           3.108          -0.923          -1.177          -3.269            4.277
   44 (vir)     1           3.167          -1.002          -1.645          -4.001            4.521
   45 (vir)     1           3.422          -1.109          -1.829          -4.458            4.941
   46 (vir)     1           3.643          -1.208          -2.000          -4.743            5.179
   47 (vir)     1           3.810          -1.089          -1.800          -4.376            5.298
   48 (vir)     1           3.940          -1.309          -2.106          -5.047            5.573
   49 (vir)     1           4.213          -0.674          -0.840          -2.725            5.424
   50 (vir)     1           4.398          -0.887          -1.247          -3.509            5.773
   51 (vir)     1           4.427          -0.696          -0.701          -2.598            5.629
   52 (vir)     1           4.493          -1.192          -1.887          -4.714            6.128
   53 (vir)     1           4.885          -1.506          -2.543          -5.788            6.624
   54 (vir)     1           5.108          -1.274          -1.885          -4.879            6.827
   55 (vir)     1           5.336          -0.901          -0.877          -3.217            6.775
   56 (vir)     1           5.634          -1.240          -1.563          -4.422            7.253
   57 (vir)     1           5.714          -1.485          -2.441          -5.731            7.519
   58 (vir)     1           5.752          -1.217          -1.495          -4.343            7.382
   59 (vir)     1           5.769          -1.869          -2.923          -6.893            7.870
   60 (vir)     1           6.454          -1.507          -1.723          -5.013            8.236
   61 (vir)     1           6.605          -1.320          -1.795          -4.904            8.393
   62 (vir)     1           6.665          -1.438          -2.419          -5.714            8.522
   63 (vir)     1           6.719          -1.375          -1.727          -4.912            8.530
   64 (vir)     1           6.923          -2.592          -4.129          -9.089            9.291
   65 (vir)     1           7.102          -1.367          -1.441          -4.601            8.895
   66 (vir)     1           7.409          -1.952          -3.422          -7.613            9.648
   67 (vir)     1           7.615          -2.134          -3.323          -7.696            9.854
   68 (vir)     1           7.730          -2.178          -3.420          -7.852            9.985
   69 (vir)     1           8.217          -1.706          -1.690          -5.202           10.024
   70 (vir)     1           8.291          -1.603          -1.903          -5.267           10.052
   71 (vir)     1           8.614          -2.562          -3.816          -8.795           11.031
   72 (vir)     1           8.770          -1.950          -1.443          -5.179           10.557
   73 (vir)     1           8.954          -1.715          -2.250          -6.014           11.003
   74 (vir)     1           9.486          -2.445          -2.956          -7.557           11.642
   75 (vir)     1           9.982          -1.402          -1.517          -4.814           11.876
   76 (vir)     1          10.026          -1.709          -1.948          -5.697           12.066
   77 (vir)     1          10.459          -2.675          -3.377          -8.400           12.808
   78 (vir)     1          10.757          -1.868          -1.994          -5.919           12.815
   79 (vir)     1          11.061          -1.997          -1.636          -5.560           12.988
   80 (vir)     1          11.317          -2.621          -3.144          -8.128           13.680
   81 (vir)     1          11.774          -2.153          -2.075          -6.460           14.006
   82 (vir)     1          11.840          -2.141          -2.344          -6.807           14.162
   83 (vir)     1          11.904          -2.159          -2.316          -6.735           14.164
   84 (vir)     1          12.422          -2.843          -3.134          -8.367           14.812
   85 (vir)     1          12.612          -2.134          -1.970          -6.440           14.947
   86 (vir)     1          12.872          -3.171          -3.520          -9.195           15.376
   87 (vir)     1          13.638          -2.845          -2.704          -7.834           15.924
   88 (vir)     1          13.871          -2.992          -2.180          -7.308           16.007
   89 (vir)     1          13.960          -2.305          -1.888          -6.436           16.203
   90 (vir)     1          14.225          -3.738          -3.945         -10.362           16.904
   91 (vir)     1          14.390          -2.608          -2.172          -7.041           16.651
   92 (vir)     1          14.620          -2.799          -2.243          -7.290           16.868
   93 (vir)     1          14.932          -4.455          -4.019         -11.090           17.547
   94 (vir)     1          15.058          -3.233          -1.991          -7.208           17.042
   95 (vir)     1          15.214          -2.718          -2.212          -7.190           17.475
   96 (vir)     1          15.321          -3.238          -1.934          -7.113           17.262
   97 (vir)     1          15.925          -4.656          -4.425         -11.884           18.729
   98 (vir)     1          16.468          -2.803          -2.280          -7.443           18.827
   99 (vir)     1          16.803          -2.665          -2.089          -7.194           19.243
  100 (vir)     1          17.024          -3.402          -2.727          -8.700           19.595
  101 (vir)     1          17.079          -3.049          -2.444          -8.008           19.593
  102 (vir)     1          17.780          -2.503          -1.919          -6.797           20.155
  103 (vir)     1          18.244          -3.042          -2.017          -7.320           20.505
  104 (vir)     1          18.631          -3.052          -2.648          -8.272           21.204
  105 (vir)     1          19.004          -3.068          -2.178          -7.614           21.372
  106 (vir)     1          19.359          -3.579          -2.303          -8.231           21.708
  107 (vir)     1          19.631          -2.973          -2.276          -7.805           22.187
  108 (vir)     1          19.819          -3.255          -2.453          -8.291           22.402
  109 (vir)     1          19.876          -3.201          -2.027          -7.512           22.161
  110 (vir)     1          20.416          -3.539          -2.712          -8.898           23.062
  111 (vir)     1          20.993          -3.233          -1.972          -7.692           23.479
  112 (vir)     1          21.817          -3.864          -1.968          -7.899           23.885
  113 (vir)     1          22.258          -2.852          -1.264          -6.479           24.622
  114 (vir)     1          22.723          -3.946          -2.520          -8.864           25.121
  115 (vir)     1          23.240          -4.209          -2.692          -9.403           25.742
  116 (vir)     1          23.364          -3.749          -1.764          -7.599           25.450
  117 (vir)     1          23.490          -3.712          -2.438          -8.681           26.021
  118 (vir)     1          24.037          -4.077          -2.745          -9.411           26.626
  119 (vir)     1          24.353          -3.686          -2.642          -8.904           26.929
  120 (vir)     1          24.534          -3.736          -1.940          -7.932           26.790
  121 (vir)     1          24.592          -3.168          -1.876          -7.368           26.916
  122 (vir)     1          24.965          -4.059          -1.941          -8.113           27.079
  123 (vir)     1          25.682          -4.066          -2.392          -8.831           28.054
  124 (vir)     1          25.787          -3.435          -2.528          -8.581           28.405
  125 (vir)     1          26.241          -4.383          -2.704          -9.240           28.393
  126 (vir)     1          26.420          -4.109          -2.576          -9.223           28.959
  127 (vir)     1          27.349          -3.661          -2.038          -8.028           29.678
  128 (vir)     1          27.973           1.456          -2.622          -9.168           35.975
  129 (vir)     1          28.468          -3.641          -2.068          -8.064           30.823
  130 (vir)     1          29.682          -5.060          -2.284          -8.901           31.239
  131 (vir)     1          29.918          -6.216          -2.710          -9.953           30.945
  132 (vir)     1          30.561          -5.808          -2.797          -9.777           31.733
  133 (vir)     1          31.286          -4.791          -2.083          -8.922           33.334
  134 (vir)     1          31.718          -6.825          -2.450          -9.552           31.995
  135 (vir)     1          32.217          -4.833          -2.380          -9.100           34.103
  136 (vir)     1          34.009          -7.025          -3.204         -11.246           35.027
  137 (vir)     1          34.133          -6.847          -2.959         -10.996           35.323
  138 (vir)     1          34.514          -5.968          -2.925         -10.445           36.066
  139 (vir)     1          35.128          -6.393          -2.619         -10.322           36.437
  140 (vir)     1          35.794          -5.720          -2.185          -9.440           37.330
  141 (vir)     1          36.565          -6.712          -3.304         -11.717           38.266
  142 (vir)     1          37.289          -7.075          -3.638         -12.112           38.688
  143 (vir)     1          37.515          -6.501          -3.328         -11.320           39.006
  144 (vir)     1          38.194          -6.782          -3.067         -10.952           39.297
  145 (vir)     1          40.502          -7.840          -2.804         -10.920           40.778
  146 (vir)     1          40.816          -8.197          -2.795         -11.442           41.266
  147 (vir)     1          41.186          -8.506          -3.167         -11.690           41.203
  148 (vir)     1          42.005          -7.884          -2.611         -10.724           42.234
  149 (vir)     1          43.375          -8.826          -3.315         -12.190           43.424
  150 (vir)     1          43.566          -9.087          -3.416         -12.456           43.519
  151 (vir)     1          43.885          -8.714          -2.955         -11.569           43.784
  152 (vir)     1          44.442           4.806          -3.399         -12.208           58.057
  153 (vir)     1          45.170          -9.252          -3.391         -12.388           44.914
  154 (vir)     1          45.294         -10.884          -3.592         -13.247           44.064
  155 (vir)     1          45.665          -9.337          -3.327         -12.516           45.518
  156 (vir)     1          46.247         -10.348          -3.100         -12.300           45.099
  157 (vir)     1          46.873         -10.703          -3.415         -12.833           45.589
  158 (vir)     1          47.414         -11.322          -2.961         -12.511           45.642
  159 (vir)     1          48.544         -10.948          -3.175         -12.715           47.136
  160 (vir)     1          49.037         -10.962          -3.297         -12.728           47.506
  161 (vir)     1          49.591         -11.456          -3.024         -12.549           47.660
  162 (vir)     1          50.315           5.423          -2.883         -12.362           65.218
  163 (vir)     1          51.749         -11.585          -3.625         -13.714           50.253
  164 (vir)     1          51.973         -12.171          -3.445         -13.202           49.559
  165 (vir)     1          52.238         -11.554          -2.919         -12.423           50.188
  166 (vir)     1          52.555          -9.571          -3.215         -12.921           52.690
  167 (vir)     1          53.150         -10.444          -2.923         -12.556           52.339
  168 (vir)     1          53.505           5.475          -3.216         -13.324           69.088
  169 (vir)     1          53.726          -8.935          -3.193         -13.272           54.870
  170 (vir)     1          54.601          -9.523          -3.040         -13.071           55.110
  171 (vir)     1          55.107          -9.658          -3.008         -12.961           55.403
  172 (vir)     1          55.649         -11.436          -3.075         -13.240           54.377
  173 (vir)     1          55.799          -9.864          -3.139         -13.568           56.364
  174 (vir)     1          56.458          -8.345          -3.251         -13.610           58.473
  175 (vir)     1          57.710           4.407          -2.982         -12.761           71.897
  176 (vir)     1          58.016           4.664          -2.832         -12.756           72.604
  177 (vir)     1          58.373         -11.145          -2.794         -12.867           57.299
  178 (vir)     1          58.472         -12.658          -2.937         -12.937           55.814
  179 (vir)     1          58.862           4.172          -3.224         -13.808           73.618
  180 (vir)     1          59.627         -11.036          -3.016         -13.402           58.977
  181 (vir)     1          59.911         -10.942          -2.868         -13.304           59.405
  182 (vir)     1          60.533          -6.887          -3.564         -13.998           64.080
  183 (vir)     1          61.024           4.216          -2.984         -13.747           76.003
  184 (vir)     1          61.661           4.517          -2.812         -13.465           76.832
  185 (vir)     1          61.858           5.205          -2.813         -13.520           77.769
  186 (vir)     1          62.813           4.858          -3.116         -13.878           78.432
  187 (vir)     1          63.148           4.864          -2.592         -13.121           78.541
  188 (vir)     1          63.738           4.736          -2.720         -13.362           79.116
  189 (vir)     1          64.765           4.959          -2.878         -13.533           80.379
  190 (vir)     1          65.154           4.319          -2.905         -14.026           80.594
  191 (vir)     1          66.233           3.985          -2.894         -13.820           81.144
  192 (vir)     1          66.459           5.520          -2.772         -13.982           83.188
  193 (vir)     1          66.874           3.238          -2.851         -13.845           81.107
  194 (vir)     1          67.537           4.567          -2.750         -13.694           83.048
  195 (vir)     1          68.113           3.994          -2.562         -13.626           83.172
  196 (vir)     1          69.143           4.476          -2.738         -13.730           84.612
  197 (vir)     1          69.904           4.299          -2.514         -13.775           85.464
  198 (vir)     1          70.527           4.474          -2.187         -13.215           86.029
  199 (vir)     1          70.641           4.492          -2.518         -13.629           86.243
  200 (vir)     1          71.251           4.095          -2.500         -13.685           86.532
  201 (vir)     1          71.347           4.462          -2.760         -14.136           87.186
  202 (vir)     1          72.347           4.363          -2.699         -13.977           87.988
  203 (vir)     1          73.101           4.167          -2.735         -14.055           88.588
  204 (vir)     1          74.085           4.769          -2.637         -14.147           90.364
  205 (vir)     1          74.778           4.226          -2.163         -13.548           90.390
  206 (vir)     1          75.977           4.149          -2.433         -13.815           91.508
  207 (vir)     1          76.692           4.384          -2.674         -14.235           92.637
  208 (vir)     1          77.275           4.803          -2.412         -14.136           93.801
  209 (vir)     1          77.599           4.575          -2.957         -14.942           94.160
  210 (vir)     1          78.123           4.292          -2.667         -14.554           94.302
  211 (vir)     1          78.450           4.058          -2.426         -14.248           94.330
  212 (vir)     1          80.042           4.148          -2.639         -14.597           96.148
  213 (vir)     1          81.071           3.404          -2.465         -14.055           96.064
  214 (vir)     1          81.537           3.635          -2.450         -13.967           96.690
  215 (vir)     1          81.886           4.221          -3.099         -15.506           98.515
  216 (vir)     1          82.132           4.366          -2.783         -15.309           99.024
  217 (vir)     1          82.888           3.646          -2.662         -15.071           98.943
  218 (vir)     1          83.118           3.734          -2.665         -14.892           99.079
  219 (vir)     1          83.289           3.853          -2.625         -14.707           99.225
  220 (vir)     1          85.391           3.908          -2.216         -13.831          100.914
  221 (vir)     1          86.034           4.096          -2.531         -14.597          102.196
  222 (vir)     1          86.408           4.195          -2.662         -15.285          103.227
  223 (vir)     1          87.366           4.193          -2.437         -14.947          104.068
  224 (vir)     1          87.851           3.467          -2.196         -13.823          102.945
  225 (vir)     1          88.056           3.735          -2.471         -15.147          104.467
  226 (vir)     1          88.903           3.920          -2.562         -15.129          105.390
  227 (vir)     1          89.547           3.406          -2.454         -15.180          105.679
  228 (vir)     1          90.564           3.842          -2.470         -14.989          106.925
  229 (vir)     1          92.140           3.593          -2.479         -15.084          108.339
  230 (vir)     1          92.854           2.756          -2.275         -14.559          107.894
  231 (vir)     1          93.231           3.445          -2.794         -15.768          109.649
  232 (vir)     1          93.520           2.976          -2.491         -15.403          109.409
  233 (vir)     1          94.328           3.112          -2.269         -14.268          109.439
  234 (vir)     1          96.383           2.802          -2.311         -14.563          111.437
  235 (vir)     1          98.424           3.178          -2.598         -15.588          114.592
  236 (vir)     1          98.988           2.775          -2.093         -14.169          113.839
  237 (vir)     1         100.704           2.913          -2.438         -15.163          116.342
  238 (vir)     1         103.720           3.371          -2.462         -15.680          120.309
  239 (vir)     1         108.323           2.918          -2.479         -15.823          124.585
  240 (vir)     1         109.665           2.740          -2.625         -16.094          125.874
  241 (vir)     1         113.133           2.315          -2.212         -15.121          128.357
  242 (vir)     1         113.597           2.523          -2.372         -15.697          129.445
  243 (vir)     1         120.176           2.386          -2.668         -16.830          136.722
  244 (vir)     1         122.303           2.119          -2.253         -15.882          138.050
  245 (vir)     1         124.879           2.515          -2.412         -16.663          141.646
  246 (vir)     1         128.928           2.486          -2.483         -16.964          145.896
  247 (vir)     1         131.149           2.615          -2.596         -17.634          148.802
  248 (vir)     1         131.344           3.959          -2.678         -19.283          151.909
  249 (vir)     1         134.686           3.134          -3.174         -19.601          154.247
  250 (vir)     1         137.959           2.408          -2.600         -17.692          155.460
  251 (vir)     1         139.290           3.712          -2.637         -18.601          158.967
  252 (vir)     1         140.678           2.724          -2.333         -17.216          158.286
  253 (vir)     1         152.386           2.775          -1.774         -15.949          169.336
  254 (vir)     1         160.861           2.602          -1.611         -15.529          177.381
  255 (vir)     1         162.808           2.707          -1.580         -15.579          179.514
  256 (vir)     1         164.702           2.563          -1.582         -15.716          181.400
  257 (vir)     1         165.796           2.184          -1.441         -14.999          181.539
  258 (vir)     1         180.198           1.180          -4.467         -23.167          200.078
  259 (vir)     1         181.363           1.198          -4.327         -23.055          201.289
  260 (vir)     1         184.971           1.595          -3.972         -22.998          205.591
  261 (vir)     1         187.536           1.690          -4.208         -22.994          208.012
  262 (vir)     1         193.788           1.498          -4.189         -23.048          214.145
  263 (vir)     1         208.336           5.201          -1.512         -15.848          227.873
  264 (vir)     1         227.156           5.805          -1.651         -17.824          249.134
  265 (vir)     1         233.449           5.106          -1.468         -16.421          253.507
  266 (vir)     1         235.141           5.326          -1.401         -16.469          255.535
  267 (vir)     1         239.188           5.998          -1.232         -16.017          259.971
  268 (vir)     1         240.116           0.987          -2.048         -21.680          260.735
  269 (vir)     1         240.561           0.934          -2.371         -21.247          260.370
  270 (vir)     1         240.946           5.071          -1.159         -15.502          260.360
  271 (vir)     1         241.849           1.311          -2.061         -20.201          261.300
  272 (vir)     1         242.785           4.821          -1.130         -15.514          261.990
  273 (vir)     1         244.206           0.809          -2.178         -20.442          263.280
  274 (vir)     1         244.804           0.943          -2.454         -22.197          265.491
  275 (vir)     1         246.871           0.731          -2.610         -22.307          267.298
  276 (vir)     1         249.816           1.807          -2.119         -20.202          269.706
  277 (vir)     1         266.581           4.810          -1.473         -18.538          288.455
 
