 
  kpoint:       1             coordinate:     0.0000    0.0000    0.0000                  spin:  1
 
    n           k   ϵ_nk^DFT (eV)     Σ^c_nk (eV)     Σ^x_nk (eV)    v_nk^xc (eV)   ϵ_nk^G0W0 (eV)
 
    1 (occ)     1         -23.013           6.550         -24.777         -15.652          -25.588
    2 (occ)     1          -9.238           1.621         -17.980         -13.568          -12.028
    3 (occ)     1          -9.238           1.655         -18.168         -13.568          -12.183
    4 (occ)     1          -9.238           1.639         -18.135         -13.568          -12.165
    5 (vir)     1           0.970          -0.330          -1.036          -4.704            4.308
    6 (vir)     1           2.213          -0.114          -0.663          -2.692            4.128
    7 (vir)     1           2.213          -0.115          -0.638          -2.692            4.152
    8 (vir)     1           2.213          -0.116          -0.651          -2.692            4.138
    9 (vir)     1           6.310          -0.042          -0.044          -1.458            7.682
   10 (vir)     1           6.310          -0.046          -0.051          -1.458            7.672
   11 (vir)     1           6.310          -0.040          -0.031          -1.458            7.697
   12 (vir)     1           6.310          -0.044          -0.040          -1.458            7.685
   13 (vir)     1           6.310          -0.047          -0.047          -1.458            7.675
   14 (vir)     1           6.310          -0.045          -0.050          -1.458            7.674
   15 (vir)     1           6.310          -0.042          -0.037          -1.458            7.690
   16 (vir)     1           7.125          -0.131          -1.276          -4.012            9.730
   17 (vir)     1           7.125          -0.133          -1.292          -4.012            9.712
   18 (vir)     1           7.125          -0.132          -1.301          -4.012            9.704
   19 (vir)     1           7.125          -0.117          -1.426          -4.012            9.594
   20 (vir)     1           7.125          -0.127          -1.320          -4.012            9.690
   21 (vir)     1          12.778          -0.847          -1.640          -6.614           16.905
   22 (vir)     1          12.778          -0.825          -1.528          -6.614           17.039
   23 (vir)     1          12.778          -0.857          -1.585          -6.614           16.950
   24 (vir)     1          30.224          -1.307          -1.456          -9.877           37.338
   25 (vir)     1          30.224          -1.766          -1.603          -9.877           36.732
   26 (vir)     1          30.224          -2.082          -1.754          -9.877           36.266
   27 (vir)     1          30.224          -2.186          -1.715          -9.877           36.200
   28 (vir)     1          30.224          -1.898          -1.751          -9.877           36.453
   29 (vir)     1          57.154           0.121          -0.444          -5.542           62.372
 
