 
  kpoint:       1             coordinate:     0.0000    0.0000    0.0000                  spin:  1
 
    n           k   ϵ_nk^DFT (eV)     Σ^c_nk (eV)     Σ^x_nk (eV)    v_nk^xc (eV)   ϵ_nk^G0W0 (eV)
 
    1 (occ)     1         -23.689           8.884         -25.105         -15.641          -24.269
    2 (occ)     1         -19.297           6.542         -24.113         -15.788          -21.080
    3 (occ)     1         -12.084           1.181         -18.615         -14.495          -15.023
    4 (occ)     1          -9.966           2.147         -19.182         -13.714          -13.286
    5 (occ)     1          -9.966           2.146         -19.178         -13.714          -13.283
    6 (occ)     1          -7.270           1.283         -18.947         -14.250          -10.685
    7 (occ)     1          -7.270           1.283         -18.943         -14.250          -10.680
    8 (vir)     1          -4.336          -1.593          -8.369         -13.650           -0.648
    9 (vir)     1           0.749          -0.997          -1.524          -4.830            3.057
   10 (vir)     1           2.676          -1.064          -1.318          -4.465            4.758
   11 (vir)     1           2.838          -0.882          -2.207          -5.818            5.567
   12 (vir)     1           2.838          -0.882          -2.206          -5.818            5.567
   13 (vir)     1           2.927          -1.108          -2.331          -6.138            5.625
   14 (vir)     1           2.927          -1.107          -2.332          -6.138            5.625
   15 (vir)     1           3.017          -1.180          -1.827          -5.378            5.388
   16 (vir)     1           4.177          -1.158          -2.414          -6.159            6.764
   17 (vir)     1           4.177          -1.158          -2.413          -6.159            6.765
   18 (vir)     1           4.308          -0.959          -1.403          -4.497            6.443
   19 (vir)     1           4.308          -0.959          -1.403          -4.497            6.444
   20 (vir)     1           5.418          -0.975          -1.918          -5.526            8.052
   21 (vir)     1           5.418          -0.975          -1.918          -5.526            8.052
   22 (vir)     1           5.851          -1.287          -1.094          -4.463            7.933
   23 (vir)     1           8.407          -0.714          -0.392          -3.376           10.678
   24 (vir)     1           8.407          -0.714          -0.393          -3.376           10.678
   25 (vir)     1           9.319          -1.335          -0.669          -4.101           11.416
   26 (vir)     1           9.534          -1.181          -0.922          -4.451           11.881
   27 (vir)     1           9.534          -1.183          -0.922          -4.451           11.879
   28 (vir)     1           9.839          -1.694          -2.896          -7.770           13.020
   29 (vir)     1           9.839          -1.693          -2.895          -7.770           13.021
   30 (vir)     1          10.198          -0.992          -0.797          -4.298           12.708
   31 (vir)     1          10.198          -0.991          -0.798          -4.298           12.708
   32 (vir)     1          10.987          -4.006          -4.000         -10.904           13.884
   33 (vir)     1          11.760          -0.892          -0.473          -3.722           14.117
   34 (vir)     1          11.760          -0.893          -0.473          -3.722           14.115
   35 (vir)     1          13.616          -1.995          -2.015          -6.890           16.496
   36 (vir)     1          14.334          -2.748          -3.940         -10.549           18.195
   37 (vir)     1          14.334          -2.753          -3.943         -10.549           18.187
   38 (vir)     1          14.908          -3.781          -4.857         -12.639           18.910
   39 (vir)     1          14.908          -3.781          -4.856         -12.639           18.910
   40 (vir)     1          15.388          -3.524          -2.883          -8.810           17.793
   41 (vir)     1          16.668          -5.128          -4.482         -13.132           20.190
   42 (vir)     1          16.668          -5.131          -4.484         -13.132           20.185
   43 (vir)     1          18.989          -2.861          -2.269          -8.796           22.655
   44 (vir)     1          18.989          -2.941          -2.270          -8.796           22.574
   45 (vir)     1          19.575          -2.312          -1.974          -7.602           22.891
   46 (vir)     1          19.575          -2.330          -1.973          -7.602           22.874
   47 (vir)     1          19.605          -3.415          -1.317          -6.471           21.343
   48 (vir)     1          20.676          -6.895          -3.714         -12.288           22.356
   49 (vir)     1          24.767          -3.205          -1.946          -7.780           27.395
   50 (vir)     1          24.767          -3.159          -1.947          -7.780           27.441
   51 (vir)     1          29.250          -6.038          -2.507          -9.554           30.259
   52 (vir)     1          29.250          -6.019          -2.508          -9.554           30.277
   53 (vir)     1          30.852         -11.225          -2.416         -10.472           27.683
   54 (vir)     1          36.478           1.774          -1.901          -8.837           45.188
   55 (vir)     1          36.478           1.779          -1.901          -8.837           45.192
   56 (vir)     1          40.838           2.681          -1.811          -9.877           51.584
   57 (vir)     1         145.844          -2.392          -1.249         -11.092          153.295
   58 (vir)     1         147.992           7.406          -1.234         -11.067          165.231
 
