 
  kpoint:       1             coordinate:     0.0000    0.0000    0.0000                  spin:  1
 
    n           k   ϵ_nk^DFT (eV)     Σ^c_nk (eV)     Σ^x_nk (eV)    v_nk^xc (eV)   ϵ_nk^G0W0 (eV)
 
    1 (occ)     1         -81.017           8.545         -58.629         -35.032          -96.069
    2 (occ)     1         -47.802           5.043         -51.068         -35.998          -57.829
    3 (occ)     1         -47.802           5.043         -51.078         -35.998          -57.840
    4 (occ)     1         -47.591           5.898         -51.322         -36.020          -56.996
    5 (occ)     1         -27.066          10.177         -37.751         -23.369          -31.271
    6 (occ)     1         -26.927          10.140         -38.015         -23.642          -31.160
    7 (occ)     1          -9.283           4.301         -28.490         -20.828          -12.643
    8 (occ)     1          -8.742           4.254         -29.861         -22.179          -12.170
    9 (occ)     1          -8.372           4.197         -28.780         -21.042          -11.912
   10 (occ)     1          -8.372           4.197         -28.780         -21.042          -11.913
   11 (occ)     1          -8.293           4.262         -29.195         -21.409          -11.817
   12 (occ)     1          -8.293           4.263         -29.197         -21.409          -11.819
   13 (vir)     1          -2.605          -0.596          -3.251          -6.640            0.189
   14 (vir)     1          -0.399          -0.457          -2.357          -5.071            1.858
   15 (vir)     1          -0.399          -0.457          -2.358          -5.071            1.856
   16 (vir)     1           1.277          -0.456          -1.173          -3.868            3.515
   17 (vir)     1           2.522          -0.328          -1.373          -3.702            4.522
   18 (vir)     1           3.975          -0.871          -0.469          -3.680            6.315
   19 (vir)     1           4.027          -0.868          -0.469          -3.629            6.319
   20 (vir)     1           4.592          -0.662          -2.214          -5.863            7.578
   21 (vir)     1           4.592          -0.661          -2.212          -5.863            7.582
   22 (vir)     1           5.619          -0.385          -1.118          -3.462            7.578
   23 (vir)     1           6.204          -0.892          -3.253          -7.556            9.615
   24 (vir)     1           6.204          -0.893          -3.253          -7.556            9.615
   25 (vir)     1          10.034          -0.957          -2.934          -7.241           13.384
   26 (vir)     1          10.324          -1.485          -4.817         -10.331           14.352
   27 (vir)     1          13.126          -1.859          -3.661          -8.864           16.470
   28 (vir)     1          17.882          -2.494          -4.367         -10.809           21.829
   29 (vir)     1          17.882          -2.492          -4.369         -10.809           21.830
   30 (vir)     1          19.367          -1.916          -3.044          -9.037           23.445
   31 (vir)     1          19.367          -1.914          -3.044          -9.037           23.446
   32 (vir)     1          20.853          -1.702          -2.471          -8.316           24.996
   33 (vir)     1          20.855          -1.700          -2.472          -8.314           24.997
   34 (vir)     1          22.021          -2.339          -3.410          -9.642           25.914
   35 (vir)     1          22.873          -1.901          -3.036          -9.062           26.998
   36 (vir)     1          23.149          -1.566          -2.363          -8.100           27.320
   37 (vir)     1          23.153          -1.563          -2.363          -8.094           27.322
   38 (vir)     1          27.322          -3.652          -4.518         -11.669           30.821
   39 (vir)     1          28.217          -3.449          -3.004          -9.720           31.484
   40 (vir)     1          28.217          -3.443          -3.004          -9.720           31.489
   41 (vir)     1          31.971          -4.336          -4.218         -10.964           34.382
   42 (vir)     1          35.410          -4.943          -3.672         -11.324           38.119
   43 (vir)     1          35.410          -4.917          -3.673         -11.324           38.144
   44 (vir)     1          40.727          -5.756          -3.319         -11.488           43.141
   45 (vir)     1          44.176          -4.604          -1.384          -8.950           47.138
   46 (vir)     1          44.177          -4.558          -1.384          -8.949           47.184
   47 (vir)     1          44.456          -3.305          -1.206          -8.841           48.786
   48 (vir)     1          44.456          -3.305          -1.206          -8.841           48.786
   49 (vir)     1          45.103          -7.880          -1.433          -9.304           45.094
   50 (vir)     1          45.103          -7.808          -1.434          -9.304           45.165
   51 (vir)     1          45.995          -3.672          -1.259          -9.216           50.280
   52 (vir)     1          45.995          -3.674          -1.258          -9.216           50.279
   53 (vir)     1          47.742          -3.539          -2.199         -10.415           52.419
   54 (vir)     1          47.742          -3.547          -2.200         -10.415           52.410
   55 (vir)     1          48.139          -3.376          -2.218         -10.582           53.127
   56 (vir)     1          48.139          -3.383          -2.217         -10.582           53.122
   57 (vir)     1          49.371          -2.559          -2.820         -11.532           55.524
   58 (vir)     1          63.279           3.499          -4.744         -15.083           77.118
   59 (vir)     1          79.395           2.721          -7.306         -19.335           94.145
   60 (vir)     1          79.395           2.720          -7.309         -19.335           94.141
   61 (vir)     1          79.600           2.693          -7.416         -19.655           94.531
   62 (vir)     1          79.600           2.693          -7.419         -19.655           94.529
   63 (vir)     1          85.557           2.993          -6.812         -20.229          101.966
   64 (vir)     1          86.030           3.493          -6.944         -20.323          102.902
   65 (vir)     1          86.030           3.501          -6.945         -20.323          102.909
   66 (vir)     1          87.947           3.121          -6.781         -19.792          104.079
   67 (vir)     1          87.947           3.126          -6.781         -19.792          104.083
   68 (vir)     1          90.267           2.968          -6.050         -19.820          107.005
   69 (vir)     1          91.672           1.246          -4.296         -16.254          104.875
   70 (vir)     1         107.182           3.241          -5.876         -22.876          127.423
   71 (vir)     1         107.182           3.236          -5.876         -22.876          127.418
   72 (vir)     1         120.962           1.827          -5.169         -20.677          138.298
   73 (vir)     1         123.224           2.666          -5.367         -22.540          143.063
   74 (vir)     1         123.224           2.656          -5.367         -22.540          143.053
   75 (vir)     1         134.429           1.612          -4.765         -20.764          152.039
   76 (vir)     1         155.134           0.491          -2.799         -14.804          167.630
 
