 
  kpoint:       1             coordinate:     0.0000    0.0000    0.0000                  spin:  1
 
    n           k   ϵ_nk^DFT (eV)     Σ^c_nk (eV)     Σ^x_nk (eV)    v_nk^xc (eV)   ϵ_nk^G0W0 (eV)
 
    1 (occ)     1         -19.259           5.782         -24.173         -14.922          -22.728
    2 (occ)     1         -16.698           4.636         -23.294         -14.906          -20.450
    3 (occ)     1         -14.252           3.505         -22.104         -14.687          -18.164
    4 (occ)     1         -11.106           1.904         -19.399         -13.674          -14.926
    5 (occ)     1         -10.555           1.750         -19.419         -13.962          -14.262
    6 (occ)     1          -9.642           1.498         -19.469         -14.356          -13.257
    7 (occ)     1          -9.147           1.332         -19.240         -14.088          -12.967
    8 (occ)     1          -8.054           1.088         -18.982         -14.338          -11.610
    9 (occ)     1          -7.983           1.114         -19.309         -14.777          -11.401
   10 (occ)     1          -7.747           1.001         -18.815         -14.042          -11.519
   11 (vir)     1          -0.312          -0.674          -1.207          -3.495            1.302
   12 (vir)     1           0.270          -0.542          -0.890          -2.842            1.679
   13 (vir)     1           0.317          -0.540          -0.799          -2.728            1.706
   14 (vir)     1           0.421          -0.532          -0.848          -2.757            1.797
   15 (vir)     1           1.028          -0.527          -0.835          -2.745            2.411
   16 (vir)     1           1.292          -0.407          -0.540          -2.103            2.449
   17 (vir)     1           1.355          -0.399          -0.438          -2.019            2.537
   18 (vir)     1           1.379          -0.438          -0.687          -2.342            2.596
   19 (vir)     1           1.401          -0.341          -0.396          -1.790            2.453
   20 (vir)     1           2.239          -0.518          -0.799          -2.674            3.596
   21 (vir)     1           2.243          -0.439          -0.640          -2.273            3.437
   22 (vir)     1           2.581          -0.373          -0.405          -1.973            3.775
   23 (vir)     1           2.859          -0.636          -1.025          -3.332            4.529
   24 (vir)     1           3.061          -0.309          -0.274          -1.718            4.196
   25 (vir)     1           3.211          -0.676          -1.179          -3.244            4.601
   26 (vir)     1           3.774          -0.999          -2.023          -5.040            5.793
   27 (vir)     1           3.952          -1.261          -2.714          -6.282            6.259
   28 (vir)     1           4.191          -0.714          -1.142          -3.529            5.864
   29 (vir)     1           4.329          -0.886          -1.497          -4.092            6.037
   30 (vir)     1           4.523          -1.471          -3.197          -6.988            6.843
   31 (vir)     1           4.629          -1.166          -2.134          -5.434            6.763
   32 (vir)     1           4.733          -1.543          -3.224          -7.298            7.264
   33 (vir)     1           4.756          -0.522          -0.414          -2.365            6.185
   34 (vir)     1           4.774          -1.114          -2.380          -5.631            6.912
   35 (vir)     1           4.971          -0.803          -1.295          -3.813            6.686
   36 (vir)     1           5.663          -1.774          -3.445          -8.013            8.456
   37 (vir)     1           5.824          -0.869          -1.175          -3.833            7.614
   38 (vir)     1           5.955          -1.058          -1.500          -4.641            8.038
   39 (vir)     1           6.219          -1.004          -1.380          -4.402            8.238
   40 (vir)     1           6.297          -0.982          -1.254          -4.219            8.280
   41 (vir)     1           6.569          -0.760          -0.915          -3.485            8.380
   42 (vir)     1           6.932          -1.118          -1.463          -4.774            9.125
   43 (vir)     1           6.981          -0.606          -0.477          -2.859            8.757
   44 (vir)     1           7.656          -1.230          -2.004          -5.510            9.932
   45 (vir)     1           7.970          -1.182          -1.868          -5.307           10.228
   46 (vir)     1           8.431          -1.316          -2.039          -5.743           10.820
   47 (vir)     1           8.787          -0.812          -0.611          -3.437           10.800
   48 (vir)     1           9.288          -1.405          -2.160          -6.019           11.742
   49 (vir)     1           9.342          -0.786          -0.470          -3.322           11.408
   50 (vir)     1          10.506          -0.874          -0.393          -3.348           12.587
   51 (vir)     1          11.163          -1.646          -1.553          -5.576           13.540
   52 (vir)     1          11.419          -1.287          -1.802          -5.681           14.011
   53 (vir)     1          11.842          -1.250          -0.918          -4.574           14.248
   54 (vir)     1          12.223          -3.012          -3.083          -8.868           14.996
   55 (vir)     1          12.362          -3.060          -3.077          -8.988           15.213
   56 (vir)     1          12.567          -1.463          -1.308          -5.307           15.103
   57 (vir)     1          12.577          -1.845          -2.241          -6.666           15.157
   58 (vir)     1          13.022          -1.407          -1.015          -4.753           15.354
   59 (vir)     1          13.151          -2.023          -2.156          -6.898           15.871
   60 (vir)     1          13.607          -1.649          -1.712          -5.965           16.211
   61 (vir)     1          13.744          -2.556          -2.852          -8.301           16.638
   62 (vir)     1          13.901          -2.981          -3.022          -9.051           16.949
   63 (vir)     1          14.286          -3.182          -3.207          -9.439           17.336
   64 (vir)     1          14.941          -1.852          -1.198          -5.619           17.511
   65 (vir)     1          15.971          -2.504          -2.084          -7.491           18.875
   66 (vir)     1          16.369          -3.093          -2.860          -8.869           19.285
   67 (vir)     1          16.415          -1.464          -0.958          -4.952           18.946
   68 (vir)     1          17.438          -1.542          -1.641          -5.891           20.146
   69 (vir)     1          17.616          -2.272          -1.669          -6.616           20.291
   70 (vir)     1          18.407          -1.787          -1.301          -5.773           21.092
   71 (vir)     1          18.512          -2.417          -1.218          -6.331           21.207
   72 (vir)     1          18.942          -2.406          -1.474          -6.527           21.590
   73 (vir)     1          20.025          -2.566          -1.499          -6.786           22.747
   74 (vir)     1          20.369          -2.907          -1.901          -7.692           23.253
   75 (vir)     1          21.913          -2.662          -1.769          -7.228           24.710
   76 (vir)     1          22.002          -2.792          -1.658          -7.093           24.645
   77 (vir)     1          22.228          -3.126          -1.841          -7.824           25.085
   78 (vir)     1          22.283          -2.374          -1.364          -6.425           24.969
   79 (vir)     1          22.966          -2.649          -1.441          -6.893           25.770
   80 (vir)     1          23.734          -2.785          -1.294          -6.652           26.306
   81 (vir)     1          24.380          -3.075          -2.400          -8.337           27.241
   82 (vir)     1          24.682          -2.828          -1.974          -7.584           27.464
   83 (vir)     1          25.866          -3.129          -1.390          -6.817           28.164
   84 (vir)     1          26.033          -3.203          -1.461          -7.269           28.639
   85 (vir)     1          26.092          -2.920          -1.739          -7.328           28.761
   86 (vir)     1          28.906          -3.286          -1.794          -7.566           31.392
   87 (vir)     1          28.934          -3.902          -2.223          -8.670           31.479
   88 (vir)     1          28.975          -3.601          -2.224          -8.470           31.620
   89 (vir)     1          31.658          -3.587          -0.996          -6.565           33.640
   90 (vir)     1          31.829          -4.475          -1.901          -7.998           33.451
   91 (vir)     1          33.127          -4.225          -1.902          -8.286           35.286
   92 (vir)     1          34.338          -4.876          -2.484          -9.381           36.360
   93 (vir)     1          34.751          -5.391          -2.888         -10.285           36.756
   94 (vir)     1          35.548          -4.840          -1.710          -8.240           37.238
   95 (vir)     1          35.769          -5.416          -1.623          -8.075           36.804
   96 (vir)     1          36.235          -5.085          -2.164          -9.311           38.297
   97 (vir)     1          36.899          -5.215          -2.294          -9.438           38.828
   98 (vir)     1          38.473          -5.934          -2.317         -10.040           40.263
   99 (vir)     1          39.433          -6.559          -1.877          -9.152           40.150
  100 (vir)     1          41.525          -7.404          -2.543         -10.693           42.271
  101 (vir)     1          42.288          -7.168          -1.569          -9.018           42.569
  102 (vir)     1          42.402          -8.496          -2.431         -11.316           42.790
  103 (vir)     1          44.529          -9.414          -2.902         -12.282           44.495
  104 (vir)     1          45.578          -9.254          -2.763         -11.321           44.883
  105 (vir)     1          47.102          -9.220          -2.322         -10.503           46.064
  106 (vir)     1          48.014         -11.202          -3.169         -12.548           46.191
  107 (vir)     1          49.424         -11.096          -2.775         -11.730           47.283
  108 (vir)     1          50.335         -10.634          -2.191         -10.572           48.081
  109 (vir)     1          50.584         -12.100          -2.701         -12.027           47.810
  110 (vir)     1          53.455          -6.726          -2.557         -12.164           56.336
  111 (vir)     1          53.995          -5.832          -2.737         -12.183           57.608
  112 (vir)     1          54.486          -9.261          -2.618         -12.198           54.806
  113 (vir)     1          55.728          -9.333          -2.580         -12.492           56.306
  114 (vir)     1          56.450           5.004          -2.832         -12.964           71.587
  115 (vir)     1          57.701          -2.763          -2.442         -12.769           65.265
  116 (vir)     1          58.337           4.672          -2.291         -12.066           72.784
  117 (vir)     1          58.401           3.808          -2.052         -11.113           71.270
  118 (vir)     1          59.801           4.231          -2.541         -12.404           73.894
  119 (vir)     1          63.092         -11.797          -2.321         -13.332           62.306
  120 (vir)     1          63.689           3.554          -2.593         -12.752           77.402
  121 (vir)     1          64.656           4.092          -2.581         -13.261           79.427
  122 (vir)     1          64.658           4.250          -2.584         -13.286           79.611
  123 (vir)     1          64.724           3.908          -2.586         -13.148           79.194
  124 (vir)     1          65.572           4.462          -2.512         -13.138           80.660
  125 (vir)     1          67.379           3.969          -2.729         -13.683           82.302
  126 (vir)     1          69.155           3.637          -2.337         -12.865           83.320
  127 (vir)     1          69.334           3.953          -2.076         -12.642           83.852
  128 (vir)     1          69.563           3.685          -2.490         -13.314           84.071
  129 (vir)     1          71.163           4.048          -2.384         -13.549           86.376
  130 (vir)     1          71.978           4.157          -2.249         -13.535           87.421
  131 (vir)     1          73.823           3.945          -2.189         -13.346           88.924
  132 (vir)     1          74.055           3.587          -2.281         -13.307           88.668
  133 (vir)     1          75.368           3.222          -2.222         -13.371           89.739
  134 (vir)     1          75.567           3.808          -2.125         -13.442           90.692
  135 (vir)     1          76.112           3.176          -2.033         -12.659           89.914
  136 (vir)     1          77.730           3.334          -2.380         -13.703           92.386
  137 (vir)     1          79.252           3.703          -2.215         -13.895           94.635
  138 (vir)     1          79.594           3.267          -2.570         -14.635           94.926
  139 (vir)     1          82.123           2.808          -2.258         -13.676           96.349
  140 (vir)     1          83.216           3.193          -2.172         -13.738           97.975
  141 (vir)     1          87.372           2.806          -2.386         -14.041          101.833
  142 (vir)     1          97.215           2.470          -2.362         -14.680          112.003
  143 (vir)     1          99.689           2.277          -2.325         -14.930          114.571
  144 (vir)     1         102.492           2.217          -2.218         -14.941          117.432
  145 (vir)     1         105.302           2.176          -2.055         -14.273          119.695
  146 (vir)     1         112.741           1.906          -1.988         -14.340          126.999
  147 (vir)     1         114.437           1.961          -1.992         -14.564          128.971
  148 (vir)     1         114.816           2.000          -1.926         -14.324          129.214
  149 (vir)     1         156.434           2.575          -1.695         -15.721          173.035
  150 (vir)     1         162.479           2.477          -1.680         -15.881          179.158
  151 (vir)     1         162.971           2.517          -1.674         -15.896          179.709
  152 (vir)     1         163.223           2.469          -1.674         -15.900          179.918
  153 (vir)     1         163.579           2.504          -1.684         -15.953          180.353
  154 (vir)     1         163.691           2.532          -1.671         -15.889          180.441
  155 (vir)     1         164.917           2.628          -1.725         -16.243          182.063
  156 (vir)     1         165.733           2.641          -1.686         -16.066          182.754
  157 (vir)     1         206.156           7.033          -0.874         -12.515          224.830
  158 (vir)     1         239.184           0.695          -0.812         -13.385          252.452
  159 (vir)     1         240.986           2.807          -0.804         -13.486          256.476
 
