 
  kpoint:       1             coordinate:     0.0000    0.0000    0.0000                  spin:  1
 
    n           k   ϵ_nk^DFT (eV)     Σ^c_nk (eV)     Σ^x_nk (eV)    v_nk^xc (eV)   ϵ_nk^G0W0 (eV)
 
    1 (occ)     1         -14.096           4.026         -17.491         -11.051          -16.510
    2 (occ)     1         -12.466           3.124         -17.251         -11.371          -15.222
    3 (occ)     1          -8.895           1.434         -15.559         -11.044          -11.976
    4 (occ)     1          -8.894           1.443         -15.600         -11.044          -12.008
    5 (occ)     1          -8.249           1.263         -15.867         -11.513          -11.340
    6 (occ)     1          -8.248           1.268         -15.910         -11.512          -11.378
    7 (occ)     1          -7.312           0.701         -14.144         -10.695          -10.059
    8 (vir)     1          -0.637          -1.772          -3.863          -8.133            1.860
    9 (vir)     1          -0.637          -1.752          -3.861          -8.132            1.882
   10 (vir)     1          -0.574          -1.058          -1.520          -4.424            1.272
   11 (vir)     1          -0.510          -1.357          -2.337          -5.716            1.512
   12 (vir)     1           0.255          -1.388          -1.943          -5.482            2.407
   13 (vir)     1           0.255          -1.370          -1.947          -5.482            2.419
   14 (vir)     1           0.834          -1.588          -2.404          -6.270            3.111
   15 (vir)     1           0.923          -0.758          -1.176          -3.420            2.410
   16 (vir)     1           0.938          -0.519          -0.571          -2.336            2.184
   17 (vir)     1           0.938          -0.509          -0.575          -2.336            2.191
   18 (vir)     1           1.882          -0.620          -0.650          -2.588            3.201
   19 (vir)     1           1.882          -0.573          -0.658          -2.588            3.240
   20 (vir)     1           2.323          -1.211          -1.507          -4.846            4.450
   21 (vir)     1           2.323          -1.237          -1.515          -4.846            4.416
   22 (vir)     1           2.527          -1.390          -2.154          -5.328            4.311
   23 (vir)     1           3.316          -1.099          -1.429          -4.121            4.909
   24 (vir)     1           4.113          -0.779          -0.869          -2.987            5.451
   25 (vir)     1           4.113          -0.737          -0.862          -2.987            5.501
   26 (vir)     1           5.251          -0.971          -0.716          -3.151            6.715
   27 (vir)     1           5.269          -1.119          -1.418          -4.419            7.151
   28 (vir)     1           5.436          -0.918          -0.836          -3.314            6.996
   29 (vir)     1           5.436          -0.894          -0.833          -3.314            7.024
   30 (vir)     1           5.600          -1.428          -1.362          -4.808            7.618
   31 (vir)     1           5.600          -1.428          -1.364          -4.808            7.616
   32 (vir)     1           6.058          -1.038          -1.091          -3.824            7.752
   33 (vir)     1           6.058          -1.004          -1.089          -3.824            7.789
   34 (vir)     1           6.241          -2.161          -1.533          -5.454            8.000
   35 (vir)     1           6.414          -1.311          -0.948          -4.155            8.309
   36 (vir)     1           6.414          -1.323          -0.946          -4.154            8.299
   37 (vir)     1           6.886          -1.702          -1.072          -4.438            8.550
   38 (vir)     1           6.998          -0.979          -1.037          -3.689            8.671
   39 (vir)     1           6.998          -0.912          -1.049          -3.690            8.727
   40 (vir)     1           7.013          -1.650          -0.991          -4.938            9.310
   41 (vir)     1           7.849          -1.800          -1.061          -4.748            9.736
   42 (vir)     1           7.849          -1.781          -1.063          -4.748            9.752
   43 (vir)     1           8.376          -1.648          -0.947          -4.918           10.700
   44 (vir)     1           9.104          -1.956          -0.770          -4.671           11.049
   45 (vir)     1           9.515          -2.008          -1.192          -5.164           11.479
   46 (vir)     1           9.516          -2.058          -1.187          -5.164           11.435
   47 (vir)     1          10.080          -2.245          -1.285          -5.469           12.019
   48 (vir)     1          10.362          -2.944          -1.505          -6.423           12.337
   49 (vir)     1          10.362          -2.976          -1.500          -6.423           12.309
   50 (vir)     1          11.025          -2.623          -1.524          -6.193           13.071
   51 (vir)     1          11.510          -2.585          -1.475          -6.244           13.694
   52 (vir)     1          12.491          -1.358          -0.335          -3.516           14.314
   53 (vir)     1          12.665          -2.275          -0.912          -4.936           14.414
   54 (vir)     1          12.665          -2.427          -0.904          -4.935           14.269
   55 (vir)     1          12.675          -2.472          -0.959          -5.344           14.589
   56 (vir)     1          12.676          -2.441          -0.949          -5.345           14.631
   57 (vir)     1          13.437          -2.307          -0.857          -5.028           15.301
   58 (vir)     1          14.150          -3.100          -1.057          -5.826           15.820
   59 (vir)     1          14.150          -3.003          -1.051          -5.826           15.922
   60 (vir)     1          15.071          -3.919          -1.985          -8.145           17.312
   61 (vir)     1          15.385          -3.375          -1.484          -6.988           17.514
   62 (vir)     1          15.385          -3.303          -1.513          -6.988           17.557
   63 (vir)     1          15.389          -3.583          -1.251          -6.770           17.326
   64 (vir)     1          15.390          -3.592          -1.252          -6.771           17.318
   65 (vir)     1          16.433          -3.317          -1.210          -6.017           17.923
   66 (vir)     1          16.703          -2.522          -0.613          -4.640           18.208
   67 (vir)     1          16.704          -2.519          -0.617          -4.640           18.208
   68 (vir)     1          18.842          -2.603          -0.623          -4.605           20.221
   69 (vir)     1          20.700          -5.723          -1.517          -7.953           21.413
   70 (vir)     1          20.700          -5.500          -1.485          -7.953           21.667
   71 (vir)     1          20.864          -4.248          -1.199          -7.126           22.543
   72 (vir)     1          20.864          -4.430          -1.183          -7.126           22.377
   73 (vir)     1          21.312          -4.007          -1.011          -5.870           22.163
   74 (vir)     1          22.850          -6.588          -2.313          -9.780           23.730
   75 (vir)     1          22.852          -6.593          -2.298          -9.781           23.742
   76 (vir)     1          23.714          -6.478          -1.752          -8.066           23.550
   77 (vir)     1          23.840          -7.654          -2.364         -10.504           24.325
   78 (vir)     1          24.782          -7.458          -2.119          -9.994           25.199
   79 (vir)     1          24.784          -7.192          -2.109          -9.995           25.478
   80 (vir)     1          31.522          -9.107          -1.317          -8.328           29.425
   81 (vir)     1          32.659          -9.604          -1.197          -8.519           30.378
   82 (vir)     1          32.968          -7.829          -1.363          -8.910           32.684
   83 (vir)     1          32.970          -7.702          -1.342          -8.911           32.836
   84 (vir)     1          33.781           3.313          -1.338          -8.669           44.423
   85 (vir)     1          33.781         -11.658          -1.341          -8.670           29.451
   86 (vir)     1          39.425           2.428          -1.185          -8.450           49.118
   87 (vir)     1          45.686           3.861          -1.788         -10.571           58.331
   88 (vir)     1          45.689           3.262          -1.762         -10.571           57.760
   89 (vir)     1          46.833           3.151          -2.038         -10.714           58.659
   90 (vir)     1          47.759           3.807          -1.897         -10.719           60.388
   91 (vir)     1          47.762           2.588          -1.721         -10.719           59.348
   92 (vir)     1          51.488           3.353          -1.711         -10.227           63.356
   93 (vir)     1          51.720           3.444          -1.921         -10.871           64.113
   94 (vir)     1          51.721           3.765          -1.946         -10.871           64.411
   95 (vir)     1          51.898           3.184          -1.832         -11.011           64.262
   96 (vir)     1          52.073           2.902          -1.990         -11.204           64.190
   97 (vir)     1          52.741           2.929          -1.909         -11.009           64.771
   98 (vir)     1          52.742           3.767          -2.094         -11.010           65.424
   99 (vir)     1          52.836           1.601          -1.709         -10.692           63.419
  100 (vir)     1          55.356           2.259          -1.794         -10.966           66.787
  101 (vir)     1          67.651           1.284          -1.644         -12.089           79.380
  102 (vir)     1          67.661           1.771          -1.654         -12.089           79.868
  103 (vir)     1          68.755           1.204          -1.645         -12.005           80.319
  104 (vir)     1          68.766           1.706          -1.643         -12.005           80.834
  105 (vir)     1          86.726          -9.190          -0.385          -6.896           84.047
  106 (vir)     1          93.275           5.750          -0.398          -7.217          105.844
  107 (vir)     1         141.084           1.963          -1.813         -16.220          157.455
  108 (vir)     1         143.126           1.985          -1.736         -15.960          159.334
  109 (vir)     1         144.576           1.860          -1.779         -16.116          160.773
  110 (vir)     1         144.579           1.956          -1.740         -16.116          160.911
  111 (vir)     1         144.931           1.866          -1.786         -16.144          161.155
  112 (vir)     1         144.934           1.959          -1.747         -16.144          161.289
 
