 
  kpoint:       1             coordinate:     0.0000    0.0000    0.0000                  spin:  1
 
    n           k   ϵ_nk^DFT (eV)     Σ^c_nk (eV)     Σ^x_nk (eV)    v_nk^xc (eV)   ϵ_nk^G0W0 (eV)
 
    1 (occ)     1         -12.562           2.259         -18.478         -11.968          -16.814
    2 (occ)     1          -8.477           0.906         -17.207         -12.297          -12.482
    3 (occ)     1          -8.477           0.893         -17.194         -12.297          -12.481
    4 (vir)     1          -2.919          -1.880          -2.483          -7.642            0.359
    5 (vir)     1           0.187          -0.355          -0.599          -2.338            1.570
    6 (vir)     1           1.233          -0.291          -0.547          -2.096            2.490
    7 (vir)     1           1.233          -0.290          -0.545          -2.096            2.494
    8 (vir)     1           2.269          -0.574          -0.335          -2.162            3.522
    9 (vir)     1           2.270          -0.512          -1.077          -3.581            4.262
   10 (vir)     1           2.270          -0.512          -1.076          -3.581            4.262
   11 (vir)     1           3.056          -0.840          -1.063          -3.921            5.074
   12 (vir)     1           3.356          -0.418          -0.325          -2.429            5.041
   13 (vir)     1           3.356          -0.412          -0.328          -2.429            5.045
   14 (vir)     1           4.302          -0.531          -0.868          -2.900            5.803
   15 (vir)     1           5.138          -0.778          -1.637          -4.649            7.372
   16 (vir)     1           5.138          -0.770          -1.638          -4.649            7.378
   17 (vir)     1           6.113          -0.279          -0.140          -2.062            7.757
   18 (vir)     1           6.656          -0.569          -1.099          -3.704            8.692
   19 (vir)     1           6.656          -0.579          -1.107          -3.704            8.674
   20 (vir)     1           7.009          -0.584          -0.415          -3.099            9.109
   21 (vir)     1           7.576          -0.465          -0.262          -2.726            9.574
   22 (vir)     1           7.576          -0.499          -0.274          -2.726            9.529
   23 (vir)     1           7.588          -1.151          -0.427          -3.261            9.271
   24 (vir)     1           7.875          -0.311          -0.205          -2.561            9.920
   25 (vir)     1           7.875          -0.408          -0.209          -2.561            9.819
   26 (vir)     1           8.131          -0.758          -0.305          -3.087           10.154
   27 (vir)     1           8.534          -0.639          -0.886          -3.992           11.001
   28 (vir)     1           8.534          -0.642          -0.879          -3.992           11.006
   29 (vir)     1           9.657          -0.799          -0.957          -3.783           11.685
   30 (vir)     1          13.860          -1.133          -0.919          -4.789           16.597
   31 (vir)     1          13.939          -1.806          -1.967          -6.971           17.137
   32 (vir)     1          13.939          -1.790          -1.938          -6.971           17.182
   33 (vir)     1          14.555          -2.693          -2.715          -8.840           17.987
   34 (vir)     1          19.674          -2.051          -1.477          -6.799           22.945
   35 (vir)     1          19.675          -2.091          -1.494          -6.799           22.888
   36 (vir)     1          23.638          -3.373          -2.094          -8.996           27.167
   37 (vir)     1          23.638          -3.360          -2.150          -8.996           27.123
   38 (vir)     1          27.138          -7.405          -1.927          -9.228           27.034
   39 (vir)     1          27.138          -7.432          -1.974          -9.228           26.959
   40 (vir)     1          27.164          -4.979          -0.644          -7.373           28.914
   41 (vir)     1          32.595           2.111          -1.891          -9.882           42.697
   42 (vir)     1          42.127         -10.225          -1.543         -10.329           40.687
   43 (vir)     1          43.837           0.362          -2.059         -10.711           52.851
   44 (vir)     1          43.837           0.177          -2.011         -10.711           52.714
   45 (vir)     1          51.587           2.948          -1.768         -10.996           63.764
   46 (vir)     1          51.824           3.010          -1.352         -10.881           64.363
   47 (vir)     1          51.825           2.821          -1.413         -10.881           64.113
   48 (vir)     1          55.279           1.860          -1.791         -11.980           67.327
   49 (vir)     1          55.280           2.772          -1.789         -11.980           68.242
   50 (vir)     1          65.048           0.727          -1.975         -12.668           76.467
   51 (vir)     1          82.232           1.820          -1.495         -12.994           95.552
   52 (vir)     1          82.233           1.725          -1.385         -12.994           95.567
   53 (vir)     1         139.391           2.251          -0.512          -9.802          150.931
   54 (vir)     1         151.233           2.071          -1.734         -16.145          167.715
   55 (vir)     1         154.777           2.157          -1.669         -15.931          171.196
   56 (vir)     1         154.777           2.148          -1.714         -15.931          171.143
 
