 
  kpoint:       1             coordinate:     0.0000    0.0000    0.0000                  spin:  1
 
    n           k   ϵ_nk^DFT (eV)     Σ^c_nk (eV)     Σ^x_nk (eV)    v_nk^xc (eV)   ϵ_nk^G0W0 (eV)
 
    1 (occ)     1         -26.014           9.446         -30.114         -18.538          -28.143
    2 (occ)     1         -24.346           8.426         -28.844         -18.014          -26.750
    3 (occ)     1         -23.722           7.834         -28.185         -17.779          -26.293
    4 (occ)     1         -21.818           7.196         -27.619         -17.811          -24.429
    5 (occ)     1         -19.523           6.185         -25.239         -16.298          -22.279
    6 (occ)     1         -16.607           4.228         -23.746         -16.362          -19.764
    7 (occ)     1         -16.236           4.194         -24.071         -16.903          -19.209
    8 (occ)     1         -14.124           3.054         -22.292         -16.039          -17.323
    9 (occ)     1         -14.081           3.067         -22.696         -16.525          -17.184
   10 (occ)     1         -13.111           2.801         -22.849         -16.963          -16.195
   11 (occ)     1         -12.319           2.570         -22.299         -16.531          -15.517
   12 (occ)     1         -11.175           2.970         -19.929         -14.485          -13.649
   13 (occ)     1         -11.003           2.263         -21.119         -15.699          -14.160
   14 (occ)     1         -10.622           2.006         -21.344         -16.183          -13.778
   15 (occ)     1          -9.691           3.824         -25.932         -19.103          -12.696
   16 (occ)     1          -9.400           2.111         -19.911         -15.097          -12.104
   17 (occ)     1          -8.566           1.976         -19.660         -15.255          -10.995
   18 (occ)     1          -6.326           2.479         -21.478         -16.518           -8.808
   19 (occ)     1          -6.280           1.689         -20.060         -16.054           -8.596
   20 (occ)     1          -5.778           3.263         -24.881         -18.938           -8.459
   21 (occ)     1          -5.709           0.995         -19.734         -16.391           -8.057
   22 (vir)     1          -2.047          -2.350          -9.053         -14.026            0.576
   23 (vir)     1          -0.836          -1.466          -3.744          -7.163            1.117
   24 (vir)     1          -0.748          -1.970          -6.081         -10.344            1.545
   25 (vir)     1          -0.560          -1.023          -1.816          -4.416            1.017
   26 (vir)     1           0.010          -0.855          -1.317          -3.583            1.421
   27 (vir)     1           0.459          -0.625          -0.768          -2.500            1.566
   28 (vir)     1           0.508          -0.850          -1.336          -3.610            1.933
   29 (vir)     1           0.621          -0.789          -0.902          -3.012            1.942
   30 (vir)     1           1.089          -0.729          -1.160          -3.129            2.329
   31 (vir)     1           1.121          -0.759          -1.151          -3.200            2.410
   32 (vir)     1           1.505          -0.496          -0.634          -2.133            2.508
   33 (vir)     1           1.586          -0.724          -0.941          -2.965            2.886
   34 (vir)     1           1.747          -0.681          -1.051          -3.009            3.023
   35 (vir)     1           2.115          -2.437          -4.201          -8.506            3.983
   36 (vir)     1           2.223          -1.250          -1.916          -4.651            3.708
   37 (vir)     1           2.377          -0.695          -0.921          -2.780            3.541
   38 (vir)     1           2.416          -0.743          -1.047          -2.946            3.573
   39 (vir)     1           2.468          -0.972          -1.529          -3.812            3.780
   40 (vir)     1           2.568          -0.796          -0.989          -2.915            3.698
   41 (vir)     1           2.815          -0.557          -0.669          -2.337            3.926
   42 (vir)     1           3.061          -1.077          -1.650          -4.201            4.535
   43 (vir)     1           3.108          -0.914          -1.174          -3.269            4.289
   44 (vir)     1           3.167          -0.997          -1.646          -4.001            4.525
   45 (vir)     1           3.422          -1.111          -1.827          -4.458            4.941
   46 (vir)     1           3.643          -1.202          -1.996          -4.743            5.189
   47 (vir)     1           3.810          -1.089          -1.796          -4.376            5.302
   48 (vir)     1           3.940          -1.315          -2.104          -5.047            5.569
   49 (vir)     1           4.213          -0.689          -0.840          -2.725            5.409
   50 (vir)     1           4.398          -0.890          -1.246          -3.509            5.771
   51 (vir)     1           4.427          -0.703          -0.700          -2.598            5.622
   52 (vir)     1           4.493          -1.200          -1.886          -4.714            6.121
   53 (vir)     1           4.885          -1.515          -2.542          -5.788            6.616
   54 (vir)     1           5.108          -1.251          -1.882          -4.879            6.854
   55 (vir)     1           5.336          -0.904          -0.878          -3.217            6.771
   56 (vir)     1           5.634          -1.237          -1.565          -4.422            7.255
   57 (vir)     1           5.714          -1.489          -2.445          -5.731            7.511
   58 (vir)     1           5.752          -1.218          -1.495          -4.343            7.382
   59 (vir)     1           5.769          -1.879          -2.923          -6.893            7.860
   60 (vir)     1           6.454          -1.490          -1.708          -5.013            8.269
   61 (vir)     1           6.605          -1.326          -1.791          -4.904            8.392
   62 (vir)     1           6.665          -1.458          -2.419          -5.714            8.501
   63 (vir)     1           6.719          -1.385          -1.724          -4.912            8.522
   64 (vir)     1           6.923          -2.604          -4.122          -9.089            9.285
   65 (vir)     1           7.102          -1.368          -1.432          -4.601            8.903
   66 (vir)     1           7.409          -1.969          -3.405          -7.613            9.648
   67 (vir)     1           7.615          -2.143          -3.313          -7.696            9.854
   68 (vir)     1           7.730          -2.190          -3.410          -7.852            9.982
   69 (vir)     1           8.217          -1.701          -1.686          -5.202           10.033
   70 (vir)     1           8.291          -1.610          -1.894          -5.267           10.053
   71 (vir)     1           8.614          -2.575          -3.802          -8.795           11.032
   72 (vir)     1           8.770          -1.945          -1.437          -5.179           10.567
   73 (vir)     1           8.954          -1.735          -2.238          -6.014           10.995
   74 (vir)     1           9.486          -2.437          -2.962          -7.557           11.644
   75 (vir)     1           9.982          -1.418          -1.519          -4.814           11.859
   76 (vir)     1          10.026          -1.724          -1.946          -5.697           12.053
   77 (vir)     1          10.459          -2.687          -3.372          -8.400           12.801
   78 (vir)     1          10.757          -1.917          -1.998          -5.919           12.761
   79 (vir)     1          11.061          -2.005          -1.639          -5.560           12.978
   80 (vir)     1          11.317          -2.637          -3.136          -8.128           13.672
   81 (vir)     1          11.774          -2.185          -2.079          -6.460           13.970
   82 (vir)     1          11.840          -2.171          -2.332          -6.807           14.143
   83 (vir)     1          11.904          -2.198          -2.317          -6.735           14.124
   84 (vir)     1          12.422          -2.858          -3.125          -8.367           14.806
   85 (vir)     1          12.612          -2.147          -1.973          -6.440           14.932
   86 (vir)     1          12.872          -3.201          -3.502          -9.195           15.363
   87 (vir)     1          13.638          -2.855          -2.701          -7.834           15.916
   88 (vir)     1          13.871          -2.992          -2.181          -7.308           16.006
   89 (vir)     1          13.960          -2.340          -1.892          -6.436           16.164
   90 (vir)     1          14.225          -3.756          -3.935         -10.362           16.895
   91 (vir)     1          14.390          -2.657          -2.168          -7.041           16.606
   92 (vir)     1          14.620          -2.812          -2.240          -7.290           16.856
   93 (vir)     1          14.932          -4.419          -3.990         -11.090           17.613
   94 (vir)     1          15.058          -3.214          -1.983          -7.208           17.069
   95 (vir)     1          15.214          -2.755          -2.212          -7.190           17.438
   96 (vir)     1          15.321          -3.194          -1.931          -7.113           17.309
   97 (vir)     1          15.925          -4.663          -4.391         -11.884           18.756
   98 (vir)     1          16.468          -2.803          -2.265          -7.443           18.842
   99 (vir)     1          16.803          -2.691          -2.079          -7.194           19.227
  100 (vir)     1          17.024          -3.430          -2.707          -8.700           19.586
  101 (vir)     1          17.079          -3.065          -2.416          -8.008           19.606
  102 (vir)     1          17.780          -2.550          -1.936          -6.797           20.091
  103 (vir)     1          18.244          -3.048          -2.022          -7.320           20.494
  104 (vir)     1          18.631          -3.092          -2.649          -8.272           21.163
  105 (vir)     1          19.004          -3.089          -2.176          -7.614           21.353
  106 (vir)     1          19.359          -3.573          -2.299          -8.231           21.718
  107 (vir)     1          19.631          -2.978          -2.279          -7.805           22.179
  108 (vir)     1          19.819          -3.246          -2.443          -8.291           22.421
  109 (vir)     1          19.876          -3.212          -2.020          -7.512           22.156
  110 (vir)     1          20.416          -3.588          -2.702          -8.898           23.023
  111 (vir)     1          20.993          -3.310          -1.982          -7.692           23.393
  112 (vir)     1          21.817          -3.899          -1.981          -7.899           23.836
  113 (vir)     1          22.258          -2.875          -1.278          -6.479           24.584
  114 (vir)     1          22.723          -3.943          -2.540          -8.864           25.103
  115 (vir)     1          23.240          -4.229          -2.694          -9.403           25.721
  116 (vir)     1          23.364          -3.761          -1.762          -7.599           25.440
  117 (vir)     1          23.490          -3.695          -2.451          -8.681           26.025
  118 (vir)     1          24.037          -4.093          -2.741          -9.411           26.615
  119 (vir)     1          24.353          -3.686          -2.654          -8.904           26.917
  120 (vir)     1          24.534          -3.746          -1.954          -7.932           26.766
  121 (vir)     1          24.592          -3.200          -1.877          -7.368           26.883
  122 (vir)     1          24.965          -4.051          -1.948          -8.113           27.080
  123 (vir)     1          25.682          -4.072          -2.352          -8.831           28.089
  124 (vir)     1          25.787          -3.483          -2.529          -8.581           28.356
  125 (vir)     1          26.241          -4.403          -2.717          -9.240           28.360
  126 (vir)     1          26.420          -4.156          -2.589          -9.223           28.898
  127 (vir)     1          27.349          -3.675          -2.056          -8.028           29.646
  128 (vir)     1          27.973           1.278          -2.663          -9.168           35.757
  129 (vir)     1          28.468          -3.710          -2.078          -8.064           30.745
  130 (vir)     1          29.682          -5.084          -2.298          -8.901           31.201
  131 (vir)     1          29.918          -6.165          -2.730          -9.953           30.975
  132 (vir)     1          30.561          -6.006          -2.821          -9.777           31.511
  133 (vir)     1          31.286          -4.866          -2.108          -8.922           33.233
  134 (vir)     1          31.718          -6.704          -2.462          -9.552           32.105
  135 (vir)     1          32.217          -4.912          -2.421          -9.100           33.984
  136 (vir)     1          34.009          -7.035          -3.251         -11.246           34.970
  137 (vir)     1          34.133          -6.899          -2.991         -10.996           35.239
  138 (vir)     1          34.514          -6.010          -2.963         -10.445           35.986
  139 (vir)     1          35.128          -6.443          -2.659         -10.322           36.348
  140 (vir)     1          35.794          -5.759          -2.224          -9.440           37.251
  141 (vir)     1          36.565          -6.761          -3.335         -11.717           38.186
  142 (vir)     1          37.289          -7.198          -3.682         -12.112           38.521
  143 (vir)     1          37.515          -6.566          -3.401         -11.320           38.868
  144 (vir)     1          38.194          -6.824          -3.142         -10.952           39.180
  145 (vir)     1          40.502          -7.911          -2.852         -10.920           40.659
  146 (vir)     1          40.816          -8.278          -2.820         -11.442           41.160
  147 (vir)     1          41.186          -8.572          -3.215         -11.690           41.089
  148 (vir)     1          42.005          -8.069          -2.682         -10.724           41.978
  149 (vir)     1          43.375          -8.895          -3.401         -12.190           43.269
  150 (vir)     1          43.566          -9.078          -3.504         -12.456           43.441
  151 (vir)     1          43.885          -8.993          -3.102         -11.569           43.359
  152 (vir)     1          44.442           5.191          -3.483         -12.208           58.357
  153 (vir)     1          45.170          -9.239          -3.455         -12.388           44.864
  154 (vir)     1          45.294         -10.852          -3.670         -13.247           44.019
  155 (vir)     1          45.665          -9.466          -3.389         -12.516           45.325
  156 (vir)     1          46.247         -10.411          -3.185         -12.300           44.951
  157 (vir)     1          46.873         -10.776          -3.461         -12.833           45.469
  158 (vir)     1          47.414         -11.199          -3.005         -12.511           45.721
  159 (vir)     1          48.544         -11.036          -3.248         -12.715           46.975
  160 (vir)     1          49.037         -11.026          -3.362         -12.728           47.377
  161 (vir)     1          49.591         -11.596          -3.096         -12.549           47.448
  162 (vir)     1          50.315          -8.727          -2.948         -12.362           51.002
  163 (vir)     1          51.749         -10.882          -3.724         -13.714           50.857
  164 (vir)     1          51.973          -7.744          -3.550         -13.202           53.881
  165 (vir)     1          52.238         -11.620          -3.046         -12.423           49.995
  166 (vir)     1          52.555          -8.834          -3.288         -12.921           53.354
  167 (vir)     1          53.150         -10.243          -3.042         -12.556           52.421
  168 (vir)     1          53.505           5.724          -3.286         -13.324           69.268
  169 (vir)     1          53.726           6.753          -3.294         -13.272           70.456
  170 (vir)     1          54.601          -9.170          -3.122         -13.071           55.381
  171 (vir)     1          55.107          -9.324          -3.115         -12.961           55.629
  172 (vir)     1          55.649         -10.676          -3.234         -13.240           54.978
  173 (vir)     1          55.799          -9.185          -3.255         -13.568           56.928
  174 (vir)     1          56.458          -4.788          -3.343         -13.610           61.938
  175 (vir)     1          57.710           4.432          -3.071         -12.761           71.833
  176 (vir)     1          58.016           4.928          -2.923         -12.756           72.778
  177 (vir)     1          58.373         -10.690          -2.911         -12.867           57.639
  178 (vir)     1          58.472         -12.856          -3.044         -12.937           55.509
  179 (vir)     1          58.862           4.364          -3.342         -13.808           73.692
  180 (vir)     1          59.627         -11.067          -3.150         -13.402           58.812
  181 (vir)     1          59.911         -10.781          -3.011         -13.304           59.423
  182 (vir)     1          60.533          -8.865          -3.619         -13.998           62.047
  183 (vir)     1          61.024           4.400          -3.088         -13.747           76.083
  184 (vir)     1          61.661           4.700          -2.929         -13.465           76.897
  185 (vir)     1          61.858           5.464          -2.875         -13.520           77.966
  186 (vir)     1          62.813           5.082          -3.213         -13.878           78.559
  187 (vir)     1          63.148           5.070          -2.725         -13.121           78.614
  188 (vir)     1          63.738           4.987          -2.838         -13.362           79.249
  189 (vir)     1          64.765           5.245          -2.987         -13.533           80.556
  190 (vir)     1          65.154           4.568          -3.007         -14.026           80.741
  191 (vir)     1          66.233           4.083          -2.978         -13.820           81.159
  192 (vir)     1          66.459           5.577          -2.835         -13.982           83.183
  193 (vir)     1          66.874           3.469          -2.975         -13.845           81.213
  194 (vir)     1          67.537           4.883          -2.852         -13.694           83.262
  195 (vir)     1          68.113           4.187          -2.713         -13.626           83.213
  196 (vir)     1          69.143           4.853          -2.830         -13.730           84.896
  197 (vir)     1          69.904           4.481          -2.607         -13.775           85.553
  198 (vir)     1          70.527           4.518          -2.237         -13.215           86.022
  199 (vir)     1          70.641           4.723          -2.639         -13.629           86.353
  200 (vir)     1          71.251           4.472          -2.618         -13.685           86.791
  201 (vir)     1          71.347           4.837          -2.862         -14.136           87.459
  202 (vir)     1          72.347           4.612          -2.804         -13.977           88.132
  203 (vir)     1          73.101           4.362          -2.854         -14.055           88.664
  204 (vir)     1          74.085           4.977          -2.752         -14.147           90.457
  205 (vir)     1          74.778           4.090          -2.211         -13.548           90.206
  206 (vir)     1          75.977           4.372          -2.549         -13.815           91.615
  207 (vir)     1          76.692           4.567          -2.805         -14.235           92.689
  208 (vir)     1          77.275           5.494          -2.601         -14.136           94.303
  209 (vir)     1          77.599           4.715          -3.055         -14.942           94.202
  210 (vir)     1          78.123           4.605          -2.761         -14.554           94.521
  211 (vir)     1          78.450           4.561          -2.630         -14.248           94.629
  212 (vir)     1          80.042           4.334          -2.706         -14.597           96.267
  213 (vir)     1          81.071           3.508          -2.565         -14.055           96.068
  214 (vir)     1          81.537           3.605          -2.573         -13.967           96.537
  215 (vir)     1          81.886           4.529          -3.228         -15.506           98.693
  216 (vir)     1          82.132           4.677          -2.905         -15.309           99.213
  217 (vir)     1          82.888           3.860          -2.791         -15.071           99.028
  218 (vir)     1          83.118           3.922          -2.765         -14.892           99.167
  219 (vir)     1          83.289           3.854          -2.757         -14.707           99.093
  220 (vir)     1          85.391           4.038          -2.331         -13.831          100.929
  221 (vir)     1          86.034           3.902          -2.631         -14.597          101.902
  222 (vir)     1          86.408           4.653          -2.741         -15.285          103.605
  223 (vir)     1          87.366           3.981          -2.488         -14.947          103.805
  224 (vir)     1          87.851           3.521          -2.270         -13.823          102.925
  225 (vir)     1          88.056           4.387          -2.589         -15.147          105.001
  226 (vir)     1          88.903           4.042          -2.652         -15.129          105.422
  227 (vir)     1          89.547           3.642          -2.550         -15.180          105.819
  228 (vir)     1          90.564           3.979          -2.597         -14.989          106.935
  229 (vir)     1          92.140           3.918          -2.604         -15.084          108.539
  230 (vir)     1          92.854           3.130          -2.410         -14.559          108.133
  231 (vir)     1          93.231           3.621          -2.882         -15.768          109.737
  232 (vir)     1          93.520           3.356          -2.646         -15.403          109.634
  233 (vir)     1          94.328           3.059          -2.418         -14.268          109.237
  234 (vir)     1          96.383           3.278          -2.443         -14.563          111.782
  235 (vir)     1          98.424           3.548          -2.728         -15.588          114.832
  236 (vir)     1          98.988           3.235          -2.203         -14.169          114.189
  237 (vir)     1         100.704           3.210          -2.529         -15.163          116.547
  238 (vir)     1         103.720           4.225          -2.583         -15.680          121.042
  239 (vir)     1         108.323           3.233          -2.619         -15.823          124.759
  240 (vir)     1         109.665           3.207          -2.796         -16.094          126.171
  241 (vir)     1         113.133           2.579          -2.342         -15.121          128.490
  242 (vir)     1         113.597           2.689          -2.478         -15.697          129.504
  243 (vir)     1         120.176           2.675          -2.831         -16.830          136.850
  244 (vir)     1         122.303           2.474          -2.399         -15.882          138.260
  245 (vir)     1         124.879           3.041          -2.520         -16.663          142.064
  246 (vir)     1         128.928           2.712          -2.612         -16.964          145.992
  247 (vir)     1         131.149           2.918          -2.687         -17.634          149.013
  248 (vir)     1         131.344           3.886          -3.403         -19.283          151.110
  249 (vir)     1         134.686           3.270          -3.595         -19.601          153.962
  250 (vir)     1         137.959           2.639          -2.800         -17.692          155.490
  251 (vir)     1         139.290           3.916          -3.051         -18.601          158.757
  252 (vir)     1         140.678           3.205          -2.465         -17.216          158.634
  253 (vir)     1         152.386           2.677          -1.798         -15.949          169.214
  254 (vir)     1         160.861           2.325          -1.644         -15.529          177.071
  255 (vir)     1         162.808           2.519          -1.598         -15.579          179.308
  256 (vir)     1         164.702           2.465          -1.595         -15.716          181.288
  257 (vir)     1         165.796           2.052          -1.504         -14.999          181.344
  258 (vir)     1         180.198           1.193          -5.105         -23.167          199.453
  259 (vir)     1         181.363           1.270          -4.998         -23.055          200.689
  260 (vir)     1         184.971           1.638          -4.577         -22.998          205.029
  261 (vir)     1         187.536           1.680          -4.711         -22.994          207.499
  262 (vir)     1         193.788           1.596          -4.845         -23.048          213.587
  263 (vir)     1         208.336           4.644          -1.530         -15.848          227.298
  264 (vir)     1         227.156           5.560          -1.766         -17.824          248.775
  265 (vir)     1         233.449           4.647          -1.488         -16.421          253.029
  266 (vir)     1         235.141           4.893          -1.509         -16.469          254.994
  267 (vir)     1         239.188           5.372          -1.447         -16.017          259.129
  268 (vir)     1         240.116           1.035          -3.002         -21.680          259.830
  269 (vir)     1         240.561           0.985          -3.014         -21.247          259.778
  270 (vir)     1         240.946           3.421          -1.468         -15.502          258.400
  271 (vir)     1         241.849           1.360          -2.568         -20.201          260.842
  272 (vir)     1         242.785           4.257          -1.454         -15.514          261.102
  273 (vir)     1         244.206           0.850          -2.893         -20.442          262.604
  274 (vir)     1         244.804           0.723          -3.546         -22.197          264.179
  275 (vir)     1         246.871           0.788          -3.525         -22.307          266.441
  276 (vir)     1         249.816           1.758          -2.721         -20.202          269.056
  277 (vir)     1         266.581           3.507          -2.112         -18.538          286.514
 
