 
  kpoint:       1             coordinate:     0.0000    0.0000    0.0000                  spin:  1
 
    n           k   ϵ_nk^DFT (eV)     Σ^c_nk (eV)     Σ^x_nk (eV)    v_nk^xc (eV)   ϵ_nk^G0W0 (eV)
 
    1 (occ)     1         -21.278           7.267         -24.817         -15.672          -23.157
    2 (occ)     1         -11.844           1.195         -19.221         -14.058          -15.812
    3 (occ)     1          -8.008           1.232         -18.617         -13.688          -11.704
    4 (occ)     1          -8.008           1.240         -18.655         -13.688          -11.734
    5 (vir)     1          -1.082          -0.975          -3.043          -6.907            1.807
    6 (vir)     1           0.931          -0.695          -2.381          -5.565            3.420
    7 (vir)     1           2.240          -0.391          -0.905          -2.975            3.919
    8 (vir)     1           2.240          -0.392          -0.908          -2.975            3.915
    9 (vir)     1           2.826          -0.542          -0.795          -3.109            4.599
   10 (vir)     1           3.515          -0.715          -1.903          -5.421            6.318
   11 (vir)     1           3.515          -0.717          -1.901          -5.421            6.319
   12 (vir)     1           3.981          -0.645          -1.891          -5.360            6.804
   13 (vir)     1           3.981          -0.647          -1.891          -5.360            6.803
   14 (vir)     1           4.629          -0.712          -1.245          -4.010            6.682
   15 (vir)     1           7.058          -0.719          -1.290          -4.161            9.211
   16 (vir)     1           7.058          -0.711          -1.299          -4.161            9.209
   17 (vir)     1           8.466          -0.858          -0.559          -3.699           10.748
   18 (vir)     1           8.868          -1.042          -0.460          -3.547           10.912
   19 (vir)     1           8.868          -1.024          -0.456          -3.547           10.936
   20 (vir)     1           9.208          -0.645          -0.397          -3.456           11.623
   21 (vir)     1           9.208          -0.672          -0.400          -3.456           11.592
   22 (vir)     1           9.471          -0.713          -0.402          -3.457           11.814
   23 (vir)     1           9.471          -0.704          -0.395          -3.457           11.829
   24 (vir)     1           9.856          -1.629          -2.270          -7.011           12.969
   25 (vir)     1          10.161          -1.322          -2.241          -6.702           13.300
   26 (vir)     1          14.999          -3.597          -4.520         -12.567           19.448
   27 (vir)     1          14.999          -3.845          -4.526         -12.567           19.194
   28 (vir)     1          15.601          -3.785          -5.195         -13.489           20.110
   29 (vir)     1          15.601          -3.768          -5.157         -13.489           20.165
   30 (vir)     1          21.816          -6.700          -3.602         -12.551           24.064
   31 (vir)     1          29.476          -6.525          -2.194          -9.801           30.558
   32 (vir)     1          29.476          -6.839          -2.322          -9.801           30.116
   33 (vir)     1          30.046          -7.717          -2.065         -10.051           30.315
   34 (vir)     1          41.727          -8.003          -1.891         -10.395           42.228
   35 (vir)     1          41.727          -8.424          -1.785         -10.395           41.914
   36 (vir)     1          56.020           2.134          -2.029         -11.880           68.005
   37 (vir)     1         138.043           2.162          -1.859         -15.937          154.284
   38 (vir)     1         146.557           4.665          -0.809         -10.977          161.390
 
