 
  kpoint:       1             coordinate:     0.0000    0.0000    0.0000                  spin:  1
 
    n           k   ϵ_nk^DFT (eV)     Σ^c_nk (eV)     Σ^x_nk (eV)    v_nk^xc (eV)   ϵ_nk^G0W0 (eV)
 
    1 (occ)     1         -29.082          10.091         -31.077         -19.205          -30.862
    2 (occ)     1         -26.626           9.284         -32.210         -20.466          -29.086
    3 (occ)     1         -15.769           4.607         -24.922         -17.180          -18.904
    4 (occ)     1         -12.381           2.462         -21.080         -15.623          -15.375
    5 (occ)     1         -12.123           3.249         -23.152         -16.609          -15.417
    6 (occ)     1         -12.111           3.608         -26.184         -19.125          -15.562
    7 (occ)     1          -9.424           1.402         -23.322         -18.670          -12.673
    8 (occ)     1          -8.752           2.383         -24.954         -19.125          -12.199
    9 (occ)     1          -8.049           1.641         -22.688         -17.562          -11.534
   10 (vir)     1          -4.342          -1.190         -10.595         -15.541           -0.587
   11 (vir)     1          -0.247          -1.790          -6.199         -11.430            3.194
   12 (vir)     1           0.683          -1.475          -5.716         -10.382            3.874
   13 (vir)     1           2.069          -0.964          -1.551          -4.780            4.334
   14 (vir)     1           2.514          -0.836          -1.082          -3.967            4.564
   15 (vir)     1           3.687          -1.308          -2.269          -6.243            6.354
   16 (vir)     1           3.999          -1.343          -3.119          -7.374            6.912
   17 (vir)     1           4.539          -1.378          -3.150          -7.349            7.361
   18 (vir)     1           4.627          -1.467          -3.352          -7.753            7.560
   19 (vir)     1           4.874          -1.554          -1.960          -5.807            7.168
   20 (vir)     1           6.079          -1.040          -1.597          -5.130            8.572
   21 (vir)     1           6.111          -1.274          -2.440          -6.322            8.718
   22 (vir)     1          10.634          -3.214          -3.468         -10.026           13.978
   23 (vir)     1          11.472          -2.268          -2.564          -8.378           15.017
   24 (vir)     1          11.698          -1.467          -1.809          -6.625           15.048
   25 (vir)     1          11.857          -1.651          -2.371          -7.464           15.299
   26 (vir)     1          12.140          -2.457          -3.008          -9.457           16.133
   27 (vir)     1          12.300          -3.057          -1.834          -7.477           14.886
   28 (vir)     1          12.870          -2.388          -2.836          -8.784           16.430
   29 (vir)     1          15.222          -3.030          -2.192          -8.090           18.089
   30 (vir)     1          16.327          -3.288          -4.121         -10.960           19.879
   31 (vir)     1          16.349          -4.535          -3.539         -10.690           18.964
   32 (vir)     1          17.467          -3.890          -4.217         -11.379           20.740
   33 (vir)     1          17.972          -4.308          -2.254          -8.607           20.017
   34 (vir)     1          18.004          -3.060          -3.296          -9.665           21.314
   35 (vir)     1          18.520          -3.749          -2.863          -9.706           21.613
   36 (vir)     1          22.082          -3.136          -2.956          -9.561           25.551
   37 (vir)     1          24.090          -4.044          -3.093         -10.184           27.137
   38 (vir)     1          24.745          -4.272          -3.255         -10.432           27.650
   39 (vir)     1          25.699          -4.081          -3.709         -11.176           29.085
   40 (vir)     1          25.980          -4.695          -2.944         -10.136           28.477
   41 (vir)     1          29.737          -6.980          -3.842         -12.791           31.705
   42 (vir)     1          29.974          -8.831          -5.308         -15.872           31.707
   43 (vir)     1          39.543           4.149          -5.128         -14.097           52.661
   44 (vir)     1          42.289           2.319          -5.129         -14.378           53.857
   45 (vir)     1          44.521           2.848          -4.853         -14.085           56.601
   46 (vir)     1          45.139           2.653          -5.057         -14.600           57.335
   47 (vir)     1          45.322           2.840          -5.028         -14.676           57.810
   48 (vir)     1          46.255          -5.462          -4.837         -14.353           50.309
   49 (vir)     1          50.919           2.366          -4.523         -15.290           64.052
   50 (vir)     1          52.153           2.208          -4.801         -15.242           64.802
   51 (vir)     1          55.795           2.832          -4.486         -15.294           69.434
   52 (vir)     1          56.507           2.085          -4.715         -14.865           68.741
   53 (vir)     1          68.613           1.870          -3.548         -13.991           80.926
   54 (vir)     1          72.561           1.846          -4.394         -16.248           86.260
   55 (vir)     1          76.973           1.334          -2.439         -11.587           87.455
   56 (vir)     1         119.497           3.622          -3.600         -18.638          138.157
   57 (vir)     1         122.454           3.614          -3.585         -18.888          141.371
   58 (vir)     1         124.409           3.802          -3.574         -19.303          143.940
   59 (vir)     1         124.998           3.772          -3.497         -19.085          144.358
   60 (vir)     1         125.279           3.315          -3.615         -18.951          143.930
   61 (vir)     1         125.875           3.022          -4.104         -20.290          145.084
   62 (vir)     1         173.915           1.173          -5.384         -23.418          193.121
   63 (vir)     1         174.477           1.222          -5.305         -23.306          193.700
   64 (vir)     1         174.613           1.160          -5.236         -23.092          193.629
   65 (vir)     1         174.659           1.218          -5.348         -23.250          193.779
   66 (vir)     1         179.594           1.393          -5.202         -23.415          199.199
   67 (vir)     1         180.334           1.454          -5.354         -23.385          199.819
   68 (vir)     1         180.526           1.427          -5.077         -23.231          200.107
   69 (vir)     1         180.745           1.563          -5.041         -22.822          200.089
   70 (vir)     1         182.162           1.425          -5.158         -23.103          201.531
   71 (vir)     1         182.571           1.500          -5.074         -22.934          201.931
   72 (vir)     1         217.478           0.420          -3.220         -19.920          234.598
   73 (vir)     1         217.517           0.664          -3.238         -19.928          234.871
   74 (vir)     1         226.167           0.656          -3.438         -20.872          244.256
   75 (vir)     1         226.683           0.771          -3.521         -21.028          244.962
   76 (vir)     1         228.539           0.811          -3.614         -21.327          247.063
   77 (vir)     1         228.902           0.766          -3.484         -21.206          247.390
   78 (vir)     1         230.210           0.908          -3.356         -20.930          248.691
   79 (vir)     1         231.780           0.762          -3.331         -20.954          250.165
   80 (vir)     1         232.429           0.747          -3.482         -21.413          251.107
   81 (vir)     1         233.941           0.624          -3.551         -21.541          252.555
   82 (vir)     1         234.149           0.917          -3.607         -21.607          253.066
   83 (vir)     1         234.318           0.888          -3.709         -21.758          253.255
   84 (vir)     1         236.531           0.458          -3.498         -21.563          255.053
   85 (vir)     1         237.054           0.485          -3.565         -21.717          255.692
   86 (vir)     1         253.240           3.464          -2.836         -19.025          272.893
   87 (vir)     1         255.477           3.468          -2.985         -19.640          275.601
 
