 
  kpoint:       1             coordinate:     0.0000    0.0000    0.0000                  spin:  1
 
    n           k   ϵ_nk^DFT (eV)     Σ^c_nk (eV)     Σ^x_nk (eV)    v_nk^xc (eV)   ϵ_nk^G0W0 (eV)
 
    1 (occ)     1         -19.590           6.120         -21.023         -13.421          -21.071
    2 (occ)     1          -8.187           0.841         -15.583         -11.620          -11.309
    3 (occ)     1          -8.187           0.842         -15.584         -11.620          -11.309
    4 (occ)     1          -8.187           0.841         -15.582         -11.620          -11.309
    5 (vir)     1           0.605          -0.735          -1.378          -4.635            3.127
    6 (vir)     1           1.765          -0.368          -0.653          -2.629            3.374
    7 (vir)     1           1.765          -0.368          -0.653          -2.629            3.374
    8 (vir)     1           1.765          -0.368          -0.653          -2.629            3.374
    9 (vir)     1           2.648          -0.327          -2.033          -5.435            5.723
   10 (vir)     1           2.648          -0.327          -2.033          -5.435            5.723
   11 (vir)     1           2.648          -0.327          -2.033          -5.435            5.723
   12 (vir)     1           2.648          -0.327          -2.033          -5.435            5.723
   13 (vir)     1           2.648          -0.327          -2.034          -5.435            5.723
   14 (vir)     1          11.926          -1.608          -3.417          -8.757           15.659
   15 (vir)     1          11.926          -1.608          -3.416          -8.757           15.659
   16 (vir)     1          11.926          -1.607          -3.416          -8.757           15.660
   17 (vir)     1          11.926          -1.608          -3.419          -8.757           15.656
   18 (vir)     1          11.926          -1.606          -3.418          -8.757           15.659
   19 (vir)     1          12.008          -1.698          -1.965          -6.537           14.881
   20 (vir)     1          12.008          -1.701          -1.967          -6.537           14.877
   21 (vir)     1          12.008          -1.703          -1.964          -6.537           14.878
   22 (vir)     1          13.474          -0.747          -0.882          -4.125           15.970
   23 (vir)     1          13.474          -0.747          -0.881          -4.125           15.970
   24 (vir)     1          13.474          -0.747          -0.882          -4.125           15.969
   25 (vir)     1          13.474          -0.747          -0.882          -4.125           15.970
   26 (vir)     1          13.474          -0.746          -0.882          -4.125           15.970
   27 (vir)     1          13.474          -0.747          -0.883          -4.125           15.969
   28 (vir)     1          13.474          -0.746          -0.883          -4.125           15.969
   29 (vir)     1         103.743           1.177          -1.014          -7.788          111.695
 
