 
  kpoint:       1             coordinate:     0.0000    0.0000    0.0000                  spin:  1
 
    n           k   ϵ_nk^DFT (eV)     Σ^c_nk (eV)     Σ^x_nk (eV)    v_nk^xc (eV)   ϵ_nk^G0W0 (eV)
 
    1 (occ)     1         -18.851           6.503         -19.307         -12.295          -19.360
    2 (occ)     1         -16.545           4.846         -18.486         -12.385          -17.801
    3 (occ)     1          -9.662           1.196         -13.898         -11.221          -11.144
    4 (occ)     1          -7.828           1.307         -14.356         -10.573          -10.304
    5 (occ)     1          -7.828           1.306         -14.352         -10.573          -10.302
    6 (occ)     1          -6.205           0.678         -14.105         -10.879           -8.753
    7 (occ)     1          -6.205           0.677         -14.102         -10.879           -8.752
    8 (vir)     1          -4.430          -1.110          -6.277         -10.380           -1.438
    9 (vir)     1          -0.151          -0.622          -0.864          -3.233            1.596
   10 (vir)     1           0.924          -0.688          -0.868          -3.114            2.481
   11 (vir)     1           1.368          -0.645          -1.137          -3.619            3.204
   12 (vir)     1           1.439          -0.483          -0.726          -2.844            3.074
   13 (vir)     1           1.439          -0.483          -0.726          -2.844            3.074
   14 (vir)     1           2.184          -0.413          -0.799          -2.919            3.892
   15 (vir)     1           2.184          -0.414          -0.799          -2.919            3.891
   16 (vir)     1           3.157          -1.131          -4.006          -8.627            6.647
   17 (vir)     1           3.157          -1.131          -4.005          -8.627            6.648
   18 (vir)     1           3.950          -0.910          -3.505          -7.980            7.515
   19 (vir)     1           3.950          -0.907          -3.508          -7.980            7.515
   20 (vir)     1           6.353          -1.321          -3.750          -8.676            9.958
   21 (vir)     1           6.353          -1.319          -3.752          -8.676            9.958
   22 (vir)     1           6.979          -3.399          -3.034          -7.770            8.316
   23 (vir)     1           7.591          -2.026          -1.722          -6.106            9.949
   24 (vir)     1           9.683          -1.472          -2.077          -6.713           12.847
   25 (vir)     1           9.835          -3.217          -3.046          -8.741           12.312
   26 (vir)     1           9.835          -3.219          -3.046          -8.741           12.312
   27 (vir)     1          11.906          -1.822          -1.783          -6.288           14.589
   28 (vir)     1          11.906          -1.798          -1.779          -6.288           14.617
   29 (vir)     1          13.061          -1.478          -0.803          -4.103           14.883
   30 (vir)     1          13.542          -1.749          -1.693          -6.447           16.547
   31 (vir)     1          13.542          -1.751          -1.691          -6.447           16.547
   32 (vir)     1          14.023          -6.188          -1.759          -7.123           13.199
   33 (vir)     1          26.628          -6.805          -3.127         -10.894           27.590
   34 (vir)     1          26.628          -6.833          -3.114         -10.894           27.575
   35 (vir)     1          28.839           1.529          -2.588         -10.595           38.375
   36 (vir)     1          28.839           1.514          -2.590         -10.595           38.357
   37 (vir)     1          29.331         -10.517          -2.841         -11.394           27.366
   38 (vir)     1          30.126          -7.664          -2.851         -10.845           30.456
   39 (vir)     1          30.126          -7.706          -2.830         -10.845           30.435
   40 (vir)     1          34.207          -5.985          -2.273         -10.527           36.476
   41 (vir)     1          34.207          -6.083          -2.276         -10.527           36.376
   42 (vir)     1          34.226         -11.350          -2.111         -10.179           30.943
   43 (vir)     1          43.270           3.097          -2.360         -12.047           56.054
   44 (vir)     1          43.626         -10.591          -2.279         -11.595           42.351
   45 (vir)     1          43.626         -10.580          -2.296         -11.595           42.345
   46 (vir)     1          44.963           1.309          -2.525         -12.494           56.240
   47 (vir)     1          44.963           1.301          -2.514         -12.494           56.243
   48 (vir)     1          45.034           3.472          -2.273         -11.882           58.115
   49 (vir)     1          45.034           3.479          -2.274         -11.882           58.121
   50 (vir)     1          46.849           3.079          -2.478         -12.684           60.134
   51 (vir)     1          46.849           3.086          -2.480         -12.684           60.139
   52 (vir)     1          47.085           3.921          -2.593         -12.687           61.101
   53 (vir)     1          47.085           3.940          -2.611         -12.687           61.101
   54 (vir)     1          47.400           3.302          -2.213         -12.239           60.728
   55 (vir)     1          47.400           3.294          -2.202         -12.239           60.730
   56 (vir)     1          51.212           3.386          -2.269         -12.777           65.106
   57 (vir)     1         101.377           0.976          -0.779          -7.068          108.643
   58 (vir)     1         103.433           0.922          -0.862          -7.332          110.825
 
