 
  kpoint:       1             coordinate:     0.0000    0.0000    0.0000                  spin:  1
 
    n           k   ϵ_nk^DFT (eV)     Σ^c_nk (eV)     Σ^x_nk (eV)    v_nk^xc (eV)   ϵ_nk^G0W0 (eV)
 
    1 (occ)     1         -20.583           5.697         -21.114         -13.116          -22.883
    2 (occ)     1         -17.710           4.914         -19.232         -12.542          -19.487
    3 (occ)     1         -17.710           4.899         -19.244         -12.542          -19.514
    4 (occ)     1         -17.710           4.928         -19.253         -12.542          -19.494
    5 (occ)     1         -14.271           3.651         -18.377         -13.020          -15.978
    6 (occ)     1         -10.420           1.467         -15.799         -12.326          -12.425
    7 (occ)     1         -10.420           1.471         -15.792         -12.326          -12.414
    8 (occ)     1         -10.420           1.461         -15.790         -12.326          -12.423
    9 (occ)     1          -7.491           1.548         -14.264         -10.665           -9.542
   10 (occ)     1          -7.491           1.550         -14.270         -10.665           -9.546
   11 (occ)     1          -6.920           1.027         -13.965         -10.842           -9.016
   12 (occ)     1          -6.920           1.030         -13.974         -10.842           -9.023
   13 (occ)     1          -6.920           1.029         -13.975         -10.842           -9.025
   14 (occ)     1          -6.153           1.013         -14.317         -11.112           -8.346
   15 (occ)     1          -6.153           1.013         -14.319         -11.112           -8.347
   16 (occ)     1          -6.153           1.015         -14.321         -11.112           -8.347
   17 (vir)     1          -4.160          -1.828          -6.697         -10.941           -1.743
   18 (vir)     1          -2.266          -2.528          -6.405         -11.335            0.136
   19 (vir)     1          -2.266          -2.534          -6.393         -11.335            0.142
   20 (vir)     1          -2.266          -2.524          -6.396         -11.335            0.149
   21 (vir)     1          -0.244          -0.921          -0.987          -3.438            1.285
   22 (vir)     1           0.776          -0.880          -1.011          -3.340            2.225
   23 (vir)     1           0.776          -0.879          -1.011          -3.340            2.225
   24 (vir)     1           0.776          -0.879          -1.011          -3.340            2.226
   25 (vir)     1           1.474          -0.787          -1.094          -3.529            3.122
   26 (vir)     1           1.474          -0.788          -1.094          -3.529            3.121
   27 (vir)     1           1.590          -0.822          -1.361          -3.889            3.296
   28 (vir)     1           1.590          -0.823          -1.359          -3.889            3.297
   29 (vir)     1           1.590          -0.822          -1.361          -3.889            3.296
   30 (vir)     1           2.624          -0.723          -0.925          -3.265            4.241
   31 (vir)     1           2.624          -0.724          -0.925          -3.265            4.239
   32 (vir)     1           2.624          -0.725          -0.925          -3.265            4.239
   33 (vir)     1           2.888          -1.200          -1.416          -4.338            4.610
   34 (vir)     1           2.901          -1.305          -2.465          -6.052            5.183
   35 (vir)     1           2.901          -1.304          -2.461          -6.052            5.188
   36 (vir)     1           2.901          -1.301          -2.465          -6.052            5.187
   37 (vir)     1           3.699          -1.661          -4.089          -8.676            6.625
   38 (vir)     1           3.699          -1.662          -4.089          -8.676            6.624
   39 (vir)     1           3.711          -1.511          -2.653          -6.605            6.153
   40 (vir)     1           3.711          -1.513          -2.651          -6.605            6.153
   41 (vir)     1           3.711          -1.520          -2.649          -6.605            6.147
   42 (vir)     1           6.109          -1.139          -1.523          -4.544            7.991
   43 (vir)     1           6.109          -1.143          -1.526          -4.544            7.984
   44 (vir)     1           6.109          -1.135          -1.526          -4.544            7.991
   45 (vir)     1           6.504          -1.624          -3.805          -8.867            9.942
   46 (vir)     1           6.504          -1.625          -3.800          -8.867            9.946
   47 (vir)     1           6.504          -1.626          -3.803          -8.867            9.943
   48 (vir)     1           7.484          -2.058          -3.727          -8.820           10.519
   49 (vir)     1           7.484          -2.062          -3.731          -8.820           10.512
   50 (vir)     1           7.744          -2.425          -2.637          -7.401           10.083
   51 (vir)     1           7.744          -2.420          -2.639          -7.401           10.086
   52 (vir)     1           7.744          -2.416          -2.642          -7.401           10.088
   53 (vir)     1           9.675          -1.467          -2.264          -7.692           13.637
   54 (vir)     1           9.991          -2.912          -3.252          -8.588           12.415
   55 (vir)     1           9.991          -2.911          -3.254          -8.588           12.415
   56 (vir)     1           9.991          -2.913          -3.256          -8.588           12.410
   57 (vir)     1          10.265          -2.469          -2.444          -7.642           12.993
   58 (vir)     1          10.265          -2.485          -2.443          -7.642           12.979
   59 (vir)     1          10.265          -2.468          -2.439          -7.642           13.000
   60 (vir)     1          11.181          -2.266          -2.023          -6.716           13.608
   61 (vir)     1          11.181          -2.275          -2.026          -6.716           13.595
   62 (vir)     1          11.718          -2.501          -2.004          -6.924           14.137
   63 (vir)     1          11.718          -2.499          -2.007          -6.924           14.137
   64 (vir)     1          11.718          -2.506          -2.010          -6.924           14.126
   65 (vir)     1          11.857          -3.199          -1.870          -6.791           13.579
   66 (vir)     1          13.490          -1.198          -1.851          -6.706           17.146
   67 (vir)     1          13.594          -2.279          -1.638          -6.182           15.859
   68 (vir)     1          13.594          -2.255          -1.635          -6.182           15.885
   69 (vir)     1          13.594          -2.279          -1.639          -6.182           15.858
   70 (vir)     1          14.964          -2.499          -1.780          -6.762           17.448
   71 (vir)     1          14.964          -2.522          -1.784          -6.762           17.421
   72 (vir)     1          15.714          -2.642          -1.940          -7.215           18.347
   73 (vir)     1          15.714          -2.628          -1.938          -7.215           18.364
   74 (vir)     1          15.714          -2.653          -1.931          -7.215           18.345
   75 (vir)     1          17.760          -3.085          -2.241          -8.832           21.266
   76 (vir)     1          17.760          -3.091          -2.242          -8.832           21.259
   77 (vir)     1          17.760          -3.047          -2.252          -8.832           21.293
   78 (vir)     1          22.035          -3.569          -1.726          -7.279           24.019
   79 (vir)     1          22.035          -3.594          -1.728          -7.279           23.992
   80 (vir)     1          22.035          -3.587          -1.736          -7.279           23.990
   81 (vir)     1          22.447          -3.507          -1.679          -8.008           25.269
   82 (vir)     1          22.447          -3.654          -1.689          -8.008           25.113
   83 (vir)     1          22.447          -3.591          -1.693          -8.008           25.171
   84 (vir)     1          27.409           2.353          -2.143          -9.486           37.105
   85 (vir)     1          29.189           0.976          -2.856         -10.684           37.993
   86 (vir)     1          29.189           0.738          -2.856         -10.684           37.754
   87 (vir)     1          29.189           0.682          -2.859         -10.684           37.695
   88 (vir)     1          30.372           1.501          -3.060         -11.522           40.336
   89 (vir)     1          30.372           1.509          -3.056         -11.522           40.346
   90 (vir)     1          31.952           1.876          -2.855         -10.973           41.946
   91 (vir)     1          31.952           1.853          -2.858         -10.973           41.920
   92 (vir)     1          31.952           1.867          -2.860         -10.973           41.931
   93 (vir)     1          32.451          -7.045          -2.697         -11.028           33.737
   94 (vir)     1          32.451          -7.077          -2.700         -11.028           33.702
   95 (vir)     1          32.451          -7.019          -2.699         -11.028           33.762
   96 (vir)     1          33.457          -0.911          -2.488         -10.809           40.866
   97 (vir)     1          33.457          -1.023          -2.479         -10.809           40.764
   98 (vir)     1          33.457          -0.794          -2.489         -10.809           40.983
   99 (vir)     1          34.080           3.334          -2.312         -10.430           45.532
  100 (vir)     1          34.414          -4.756          -2.487         -10.897           38.067
  101 (vir)     1          34.414          -4.777          -2.485         -10.897           38.048
  102 (vir)     1          38.840           2.509          -2.129         -10.656           49.875
  103 (vir)     1          38.840           2.475          -2.136         -10.656           49.835
  104 (vir)     1          38.840           2.501          -2.127         -10.656           49.870
  105 (vir)     1          41.163           2.764          -2.548         -12.891           54.269
  106 (vir)     1          41.163           2.902          -2.530         -12.891           54.426
  107 (vir)     1          41.163           2.909          -2.486         -12.891           54.477
  108 (vir)     1          43.335           0.948          -2.717         -12.464           54.030
  109 (vir)     1          43.335           0.934          -2.721         -12.464           54.012
  110 (vir)     1          43.335           0.918          -2.738         -12.464           53.979
  111 (vir)     1          44.647           2.523          -2.256         -11.678           56.593
  112 (vir)     1          45.578          -0.652          -2.464         -11.356           53.818
  113 (vir)     1          45.578          -0.602          -2.442         -11.356           53.890
  114 (vir)     1          45.758          -2.599          -2.449         -12.239           52.949
  115 (vir)     1          45.758          -2.609          -2.454         -12.239           52.933
  116 (vir)     1          45.758          -2.577          -2.456         -12.239           52.963
  117 (vir)     1          46.845          -0.359          -2.437         -12.393           56.442
  118 (vir)     1          46.845          -0.294          -2.431         -12.393           56.512
  119 (vir)     1          47.337           1.492          -2.392         -12.480           58.917
  120 (vir)     1          47.337           1.512          -2.390         -12.480           58.939
  121 (vir)     1          47.337           1.496          -2.390         -12.480           58.922
  122 (vir)     1          47.641           2.949          -2.594         -12.732           60.727
  123 (vir)     1          47.641           2.943          -2.591         -12.732           60.724
  124 (vir)     1          47.641           2.969          -2.594         -12.732           60.747
  125 (vir)     1          48.290           2.868          -2.768         -13.205           61.595
  126 (vir)     1          51.003           2.703          -2.237         -12.320           63.790
  127 (vir)     1          51.051          -0.856          -2.279         -12.429           60.345
  128 (vir)     1          51.051          -0.878          -2.278         -12.429           60.324
  129 (vir)     1          51.051          -0.976          -2.272         -12.429           60.231
  130 (vir)     1          52.459          -2.968          -2.732         -13.591           60.350
  131 (vir)     1          52.459          -2.968          -2.722         -13.591           60.360
  132 (vir)     1          53.555          -0.432          -1.952         -11.713           62.884
  133 (vir)     1          53.555          -0.520          -1.948         -11.713           62.799
  134 (vir)     1          53.555          -0.463          -1.940         -11.713           62.865
  135 (vir)     1          53.652          -2.711          -2.081         -12.511           61.371
  136 (vir)     1          53.652          -2.812          -2.073         -12.511           61.279
  137 (vir)     1          53.652          -2.825          -2.091         -12.511           61.248
  138 (vir)     1          64.381           1.562          -1.966         -12.856           76.833
  139 (vir)     1          64.381           1.777          -1.993         -12.856           77.022
  140 (vir)     1          64.381           1.500          -1.945         -12.856           76.792
  141 (vir)     1         109.562           0.997          -0.804          -7.371          117.127
  142 (vir)     1         109.562           0.990          -0.794          -7.371          117.130
  143 (vir)     1         109.562           0.985          -0.797          -7.371          117.122
  144 (vir)     1         109.684           1.164          -0.813          -7.363          117.397
  145 (vir)     1         217.512           2.769          -0.660         -12.106          231.728
 
