 
  kpoint:       1             coordinate:     0.0000    0.0000    0.0000                  spin:  1
 
    n           k   ϵ_nk^DFT (eV)     Σ^c_nk (eV)     Σ^x_nk (eV)    v_nk^xc (eV)   ϵ_nk^G0W0 (eV)
 
    1 (occ)     1         -19.783           7.495         -23.694         -14.806          -21.177
    2 (occ)     1         -17.262           5.618         -20.579         -13.407          -18.816
    3 (occ)     1         -14.276           3.722         -20.844         -14.191          -17.207
    4 (occ)     1         -11.726           2.555         -19.822         -14.295          -14.699
    5 (occ)     1         -10.646           1.969         -19.500         -14.528          -13.649
    6 (occ)     1          -8.612           0.900         -17.092         -13.278          -11.526
    7 (occ)     1          -8.000           1.209         -15.853         -12.088          -10.556
    8 (occ)     1          -6.428           0.764         -14.355         -10.888           -9.131
    9 (occ)     1          -6.021           0.416         -14.572         -11.565           -8.613
   10 (vir)     1          -1.643          -1.822          -5.964         -10.590            1.161
   11 (vir)     1          -1.520          -2.240          -6.279         -11.392            1.353
   12 (vir)     1          -0.192          -0.718          -1.028          -3.244            1.305
   13 (vir)     1           0.302          -0.671          -0.920          -2.992            1.703
   14 (vir)     1           0.385          -0.632          -0.862          -2.975            1.867
   15 (vir)     1           0.934          -0.482          -0.596          -2.231            2.087
   16 (vir)     1           1.386          -0.410          -0.573          -2.187            2.590
   17 (vir)     1           1.577          -0.461          -0.664          -2.358            2.810
   18 (vir)     1           1.682          -0.476          -0.733          -2.407            2.880
   19 (vir)     1           1.743          -0.560          -0.835          -2.777            3.124
   20 (vir)     1           1.900          -0.385          -0.491          -2.150            3.175
   21 (vir)     1           2.557          -0.736          -1.460          -4.081            4.443
   22 (vir)     1           2.801          -0.758          -1.271          -3.735            4.506
   23 (vir)     1           3.176          -0.607          -0.927          -3.088            4.730
   24 (vir)     1           3.310          -1.028          -1.810          -4.577            5.048
   25 (vir)     1           3.751          -0.985          -1.594          -4.375            5.547
   26 (vir)     1           4.066          -0.876          -1.315          -3.719            5.594
   27 (vir)     1           4.906          -0.944          -1.445          -4.217            6.734
   28 (vir)     1           5.071          -1.362          -1.993          -5.344            7.060
   29 (vir)     1           5.239          -1.269          -1.924          -5.222            7.268
   30 (vir)     1           5.471          -0.963          -2.377          -5.955            8.086
   31 (vir)     1           5.903          -1.291          -1.661          -4.944            7.896
   32 (vir)     1           6.005          -0.934          -1.251          -4.127            7.947
   33 (vir)     1           6.248          -1.242          -2.263          -5.896            8.639
   34 (vir)     1           6.350          -1.190          -2.101          -5.889            8.948
   35 (vir)     1           6.633          -1.556          -1.989          -5.669            8.757
   36 (vir)     1           7.201          -1.265          -2.067          -5.616            9.485
   37 (vir)     1           8.004          -1.582          -2.035          -5.945           10.332
   38 (vir)     1           8.145          -2.133          -1.309          -5.013            9.716
   39 (vir)     1           8.446          -2.134          -1.922          -6.090           10.480
   40 (vir)     1           8.488          -1.428          -1.849          -5.196           10.407
   41 (vir)     1           9.555          -1.871          -1.354          -5.207           11.537
   42 (vir)     1          10.807          -1.969          -1.721          -5.967           13.084
   43 (vir)     1          10.850          -0.774          -1.135          -4.782           13.723
   44 (vir)     1          11.147          -2.145          -1.777          -6.249           13.475
   45 (vir)     1          12.420          -2.723          -2.053          -6.944           14.588
   46 (vir)     1          12.728          -1.239          -1.464          -5.825           15.850
   47 (vir)     1          13.187          -2.491          -2.012          -6.763           15.447
   48 (vir)     1          14.073          -2.863          -2.195          -7.359           16.374
   49 (vir)     1          14.527          -3.863          -3.173          -9.352           16.842
   50 (vir)     1          14.857          -2.918          -2.305          -7.678           17.313
   51 (vir)     1          14.931          -1.620          -0.976          -5.225           17.560
   52 (vir)     1          15.430          -2.685          -2.015          -7.068           17.799
   53 (vir)     1          16.002          -3.427          -2.351          -7.997           18.221
   54 (vir)     1          16.793          -4.299          -2.889          -9.289           18.894
   55 (vir)     1          17.247          -3.317          -2.179          -7.946           19.697
   56 (vir)     1          18.516          -1.499          -1.244          -5.968           21.741
   57 (vir)     1          18.603          -2.393          -0.993          -5.911           21.128
   58 (vir)     1          18.901          -2.940          -1.732          -6.795           21.024
   59 (vir)     1          19.502          -3.491          -0.998          -5.597           20.611
   60 (vir)     1          19.894          -3.364          -1.572          -7.125           22.082
   61 (vir)     1          21.423          -2.988          -1.318          -6.505           23.622
   62 (vir)     1          21.854          -3.066          -1.171          -6.880           24.497
   63 (vir)     1          24.474          -4.265          -1.631          -7.400           25.978
   64 (vir)     1          25.452          -0.926          -1.709          -7.982           30.799
   65 (vir)     1          25.716          -4.754          -1.206          -6.478           26.235
   66 (vir)     1          27.610          -4.783          -1.661          -7.311           28.478
   67 (vir)     1          27.632          -1.322          -3.450         -11.564           34.424
   68 (vir)     1          29.228          -7.784          -2.534          -9.409           28.319
   69 (vir)     1          31.090          -9.126          -2.710         -10.534           29.788
   70 (vir)     1          31.395          -8.644          -2.241          -9.177           29.687
   71 (vir)     1          31.784           2.442          -2.902         -11.308           42.631
   72 (vir)     1          34.158          -4.547          -3.175         -11.372           37.808
   73 (vir)     1          34.629          -7.021          -2.529         -10.630           35.709
   74 (vir)     1          34.814          -8.040          -2.958         -11.070           34.886
   75 (vir)     1          35.274          -5.993          -2.288         -10.279           37.272
   76 (vir)     1          35.883         -10.630          -3.319         -12.249           34.183
   77 (vir)     1          37.994           3.352          -2.421         -10.499           49.424
   78 (vir)     1          39.280          -8.480          -2.193          -9.758           38.366
   79 (vir)     1          40.339           2.055          -1.601          -9.094           49.887
   80 (vir)     1          41.054         -10.486          -2.846         -12.125           39.847
   81 (vir)     1          41.746          -5.280          -2.783         -11.494           45.177
   82 (vir)     1          43.876           4.059          -2.324         -11.312           56.923
   83 (vir)     1          45.202          -9.242          -2.528         -11.675           45.107
   84 (vir)     1          46.573           3.791          -2.055         -11.107           59.416
   85 (vir)     1          46.802           2.940          -2.465         -12.295           59.572
   86 (vir)     1          47.784           3.299          -2.311         -11.736           60.508
   87 (vir)     1          48.006           2.716          -2.475         -12.356           60.602
   88 (vir)     1          49.630           1.687          -2.009         -11.433           60.741
   89 (vir)     1          52.082           1.189          -2.151         -11.872           62.991
   90 (vir)     1          52.801           3.188          -2.287         -11.785           65.487
   91 (vir)     1          53.430           3.063          -2.605         -12.373           66.260
   92 (vir)     1          58.040           3.061          -2.398         -12.179           70.882
   93 (vir)     1          58.728           4.402          -2.561         -13.099           73.667
   94 (vir)     1          59.975           3.328          -2.398         -12.251           73.156
   95 (vir)     1          62.458           3.598          -2.387         -12.926           76.595
   96 (vir)     1          63.442           3.516          -2.615         -13.526           77.869
   97 (vir)     1          63.585           3.784          -2.514         -13.132           77.987
   98 (vir)     1          65.377           3.080          -2.488         -13.053           79.022
   99 (vir)     1          68.871           2.754          -1.982         -11.735           81.379
  100 (vir)     1          70.282           3.128          -2.278         -13.336           84.469
  101 (vir)     1          71.860           3.964          -2.307         -13.778           87.296
  102 (vir)     1          72.073           3.110          -2.009         -13.365           86.539
  103 (vir)     1          76.007           3.401          -2.251         -13.545           90.703
  104 (vir)     1          78.347           2.841          -2.368         -13.913           92.734
  105 (vir)     1          85.248           2.182          -2.321         -14.040           99.148
  106 (vir)     1          86.814           2.479          -2.620         -14.723          101.396
  107 (vir)     1          95.014           1.417          -2.583         -15.152          109.000
  108 (vir)     1         111.699           1.613          -1.814         -12.969          124.467
  109 (vir)     1         114.163           1.417          -1.158          -9.574          123.996
  110 (vir)     1         156.203           2.392          -1.758         -16.007          172.843
  111 (vir)     1         162.505           2.516          -1.662         -15.841          179.199
  112 (vir)     1         163.972           2.554          -1.632         -15.832          180.725
  113 (vir)     1         198.602           4.268          -0.922         -12.204          214.152
  114 (vir)     1         240.496          11.006          -0.872         -13.383          264.013
 
