 
  kpoint:       1             coordinate:     0.0000    0.0000    0.0000                  spin:  1
 
    n           k   ϵ_nk^DFT (eV)     Σ^c_nk (eV)     Σ^x_nk (eV)    v_nk^xc (eV)   ϵ_nk^G0W0 (eV)
 
    1 (occ)     1         -34.939           9.810         -36.270         -21.950          -39.449
    2 (occ)     1         -31.892           9.324         -37.696         -23.522          -36.742
    3 (occ)     1         -31.892           9.325         -37.697         -23.522          -36.742
    4 (occ)     1         -31.892           9.324         -37.697         -23.522          -36.742
    5 (occ)     1         -18.261           4.479         -30.788         -21.408          -23.162
    6 (occ)     1         -15.961           3.615         -29.252         -21.151          -20.448
    7 (occ)     1         -15.961           3.615         -29.252         -21.151          -20.447
    8 (occ)     1         -15.961           3.615         -29.251         -21.151          -20.447
    9 (occ)     1         -12.249           4.156         -30.650         -22.125          -16.618
   10 (occ)     1         -12.249           4.156         -30.650         -22.125          -16.618
   11 (occ)     1         -11.688           3.428         -30.286         -22.572          -15.973
   12 (occ)     1         -11.688           3.428         -30.286         -22.572          -15.973
   13 (occ)     1         -11.688           3.428         -30.286         -22.572          -15.973
   14 (occ)     1         -10.417           3.885         -31.986         -23.784          -14.734
   15 (occ)     1         -10.417           3.885         -31.986         -23.784          -14.734
   16 (occ)     1         -10.417           3.885         -31.987         -23.784          -14.734
   17 (vir)     1           0.082          -0.825          -2.577          -5.859            2.539
   18 (vir)     1           0.799          -0.259          -0.954          -2.512            2.098
   19 (vir)     1           0.799          -0.259          -0.954          -2.512            2.098
   20 (vir)     1           0.799          -0.259          -0.954          -2.512            2.098
   21 (vir)     1           1.866          -0.349          -0.736          -2.278            3.059
   22 (vir)     1           1.866          -0.349          -0.736          -2.278            3.059
   23 (vir)     1           1.866          -0.349          -0.736          -2.278            3.059
   24 (vir)     1           1.929          -0.129          -0.272          -1.278            2.805
   25 (vir)     1           1.929          -0.129          -0.272          -1.278            2.805
   26 (vir)     1           3.522          -2.975          -9.616         -16.914            7.845
   27 (vir)     1           3.522          -2.975          -9.616         -16.914            7.844
   28 (vir)     1           3.522          -2.975          -9.616         -16.914            7.845
   29 (vir)     1           4.273          -3.333         -10.774         -18.718            8.884
   30 (vir)     1           6.557          -0.847          -2.130          -5.343            8.923
   31 (vir)     1           6.557          -0.847          -2.130          -5.343            8.923
   32 (vir)     1           6.557          -0.846          -2.131          -5.343            8.923
   33 (vir)     1           9.437          -0.173          -0.208          -1.619           10.674
   34 (vir)     1           9.437          -0.174          -0.209          -1.619           10.674
   35 (vir)     1           9.437          -0.174          -0.209          -1.619           10.674
   36 (vir)     1          10.023          -0.582          -0.722          -3.184           11.903
   37 (vir)     1          10.742          -1.194          -2.262          -6.326           13.612
   38 (vir)     1          10.742          -1.194          -2.262          -6.326           13.612
   39 (vir)     1          10.742          -1.194          -2.262          -6.326           13.611
   40 (vir)     1          13.064          -1.900          -3.335          -8.730           16.559
   41 (vir)     1          14.115          -2.039          -5.108         -11.242           18.210
   42 (vir)     1          14.115          -2.039          -5.108         -11.242           18.209
   43 (vir)     1          14.651          -1.560          -2.974          -8.034           18.151
   44 (vir)     1          14.651          -1.560          -2.974          -8.034           18.150
   45 (vir)     1          14.651          -1.560          -2.974          -8.034           18.151
   46 (vir)     1          18.096          -1.990          -3.468          -9.551           22.189
   47 (vir)     1          18.096          -1.990          -3.469          -9.551           22.189
   48 (vir)     1          18.096          -1.990          -3.468          -9.551           22.189
   49 (vir)     1          19.613          -1.914          -3.457          -9.674           23.916
   50 (vir)     1          19.613          -1.914          -3.457          -9.674           23.916
   51 (vir)     1          19.894          -2.340          -3.012          -9.445           23.988
   52 (vir)     1          19.894          -2.339          -3.012          -9.445           23.988
   53 (vir)     1          19.894          -2.339          -3.011          -9.445           23.988
   54 (vir)     1          21.402          -1.573          -2.362          -7.500           24.967
   55 (vir)     1          21.402          -1.574          -2.362          -7.500           24.967
   56 (vir)     1          21.402          -1.573          -2.362          -7.500           24.967
   57 (vir)     1          22.919          -1.675          -2.457          -7.866           26.652
   58 (vir)     1          26.006          -1.993          -2.579          -8.877           30.310
   59 (vir)     1          26.006          -1.994          -2.579          -8.877           30.310
   60 (vir)     1          26.006          -1.993          -2.580          -8.877           30.310
   61 (vir)     1          27.930          -2.656          -3.578         -10.792           32.488
   62 (vir)     1          27.930          -2.657          -3.577         -10.792           32.488
   63 (vir)     1          29.071          -2.780          -2.743          -9.413           32.962
   64 (vir)     1          29.071          -2.779          -2.742          -9.413           32.963
   65 (vir)     1          29.071          -2.779          -2.742          -9.413           32.963
   66 (vir)     1          33.986          -3.032          -3.119         -10.053           37.889
   67 (vir)     1          33.986          -3.032          -3.121         -10.053           37.887
   68 (vir)     1          33.986          -3.031          -3.120         -10.053           37.889
   69 (vir)     1          34.480          -2.716          -1.926          -8.630           38.468
   70 (vir)     1          39.080          -3.262          -2.773         -10.608           43.652
   71 (vir)     1          39.080          -3.262          -2.773         -10.608           43.652
   72 (vir)     1          39.080          -3.261          -2.774         -10.608           43.652
   73 (vir)     1          41.943          -4.182          -2.225         -10.469           46.005
   74 (vir)     1          41.943          -4.183          -2.224         -10.469           46.005
   75 (vir)     1          41.943          -4.182          -2.224         -10.469           46.005
   76 (vir)     1          42.000          -4.297          -2.919         -11.398           46.181
   77 (vir)     1          42.000          -4.298          -2.919         -11.398           46.181
   78 (vir)     1          43.534          -3.788          -1.769          -8.112           46.089
   79 (vir)     1          47.298          -4.442          -2.578         -11.197           51.475
   80 (vir)     1          47.298          -4.441          -2.578         -11.197           51.475
   81 (vir)     1          47.298          -4.441          -2.578         -11.197           51.476
   82 (vir)     1          51.256          -4.310          -2.485         -11.080           55.540
   83 (vir)     1          51.256          -4.311          -2.485         -11.080           55.540
   84 (vir)     1          51.256          -4.311          -2.485         -11.080           55.540
   85 (vir)     1          52.440          -7.454          -3.537         -13.074           54.523
   86 (vir)     1          52.440          -7.455          -3.537         -13.074           54.522
   87 (vir)     1          52.440          -7.454          -3.537         -13.074           54.523
   88 (vir)     1          54.403          -7.425          -2.557         -10.165           54.586
   89 (vir)     1          55.560          -4.397          -3.249         -12.397           60.310
   90 (vir)     1          55.560          -4.398          -3.250         -12.397           60.309
   91 (vir)     1          58.766          -5.292          -3.720         -13.278           63.032
   92 (vir)     1          58.766          -5.291          -3.721         -13.278           63.032
   93 (vir)     1          58.766          -5.293          -3.720         -13.278           63.030
   94 (vir)     1          62.252          -8.403          -3.465         -13.464           63.848
   95 (vir)     1          62.252          -8.400          -3.465         -13.464           63.850
   96 (vir)     1          62.252          -8.406          -3.466         -13.464           63.844
   97 (vir)     1          62.655          -5.335          -1.918         -11.013           66.415
   98 (vir)     1          66.598         -12.729          -3.775         -14.397           64.491
   99 (vir)     1          66.598         -12.729          -3.775         -14.397           64.491
  100 (vir)     1          66.598         -12.731          -3.775         -14.397           64.490
  101 (vir)     1          66.884          -9.268          -5.061         -15.922           68.476
  102 (vir)     1          66.884          -9.270          -5.061         -15.922           68.475
  103 (vir)     1          66.884          -9.270          -5.063         -15.922           68.473
  104 (vir)     1          74.304           4.556          -3.369         -14.554           90.044
  105 (vir)     1          74.304           4.552          -3.370         -14.554           90.040
  106 (vir)     1          74.304           4.561          -3.370         -14.554           90.049
  107 (vir)     1          80.936         -12.221          -7.355         -19.988           81.348
  108 (vir)     1          80.936         -12.222          -7.353         -19.988           81.349
  109 (vir)     1          80.936         -12.215          -7.354         -19.988           81.355
  110 (vir)     1          81.053           4.892          -5.443         -17.436           97.938
  111 (vir)     1          87.662           5.241          -6.854         -20.225          106.274
  112 (vir)     1          87.662           5.234          -6.854         -20.225          106.267
  113 (vir)     1          89.765           5.416          -6.200         -20.167          109.147
  114 (vir)     1          89.765           5.388          -6.202         -20.167          109.118
  115 (vir)     1          89.765           5.426          -6.207         -20.167          109.151
  116 (vir)     1          92.011           3.552          -4.899         -18.080          108.743
  117 (vir)     1          92.011           3.552          -4.900         -18.080          108.744
  118 (vir)     1          96.353           6.140          -5.986         -21.300          117.807
  119 (vir)     1          96.353           6.296          -5.992         -21.300          117.957
  120 (vir)     1          96.353           6.342          -5.992         -21.300          118.003
  121 (vir)     1          97.350           4.736          -4.218         -18.362          116.230
  122 (vir)     1          97.350           4.734          -4.218         -18.362          116.228
  123 (vir)     1          98.020           4.440          -6.030         -19.535          115.965
  124 (vir)     1          98.020           4.445          -6.032         -19.535          115.968
  125 (vir)     1          98.020           4.442          -6.030         -19.535          115.967
  126 (vir)     1         104.074           4.693          -4.942         -19.502          123.327
  127 (vir)     1         104.074           4.607          -4.943         -19.502          123.240
  128 (vir)     1         104.074           4.697          -4.947         -19.502          123.326
  129 (vir)     1         106.978           2.716          -2.785         -13.903          120.812
  130 (vir)     1         120.993           3.709          -5.167         -20.812          140.347
  131 (vir)     1         120.993           3.707          -5.169         -20.812          140.342
  132 (vir)     1         121.662           3.895          -5.527         -23.545          143.574
  133 (vir)     1         127.962           3.722          -5.055         -21.634          148.264
  134 (vir)     1         127.962           3.722          -5.052         -21.634          148.268
  135 (vir)     1         127.962           3.729          -5.057         -21.634          148.269
  136 (vir)     1         142.684           3.246          -4.686         -22.464          163.708
  137 (vir)     1         142.684           3.251          -4.689         -22.464          163.710
  138 (vir)     1         142.684           3.259          -4.694         -22.464          163.713
  139 (vir)     1         159.387           2.202          -4.700         -22.117          179.006
  140 (vir)     1         159.387           2.204          -4.710         -22.117          178.998
  141 (vir)     1         159.387           2.195          -4.706         -22.117          178.992
  142 (vir)     1         243.607           2.681          -0.846         -13.199          258.642
  143 (vir)     1         295.114           1.140          -1.940         -18.602          312.916
  144 (vir)     1         295.114           1.145          -1.934         -18.602          312.927
  145 (vir)     1         295.114           1.139          -1.925         -18.602          312.930
 
