 
  kpoint:       1             coordinate:     0.0000    0.0000    0.0000                  spin:  1
 
    n           k   ϵ_nk^DFT (eV)     Σ^c_nk (eV)     Σ^x_nk (eV)    v_nk^xc (eV)   ϵ_nk^G0W0 (eV)
 
    1 (occ)     1         -21.210           5.697         -27.131         -17.113          -25.531
    2 (occ)     1         -11.291           1.191         -21.564         -15.738          -15.926
    3 (occ)     1         -11.290           1.189         -21.555         -15.738          -15.919
    4 (occ)     1          -6.136           1.550         -20.762         -15.281          -10.067
    5 (vir)     1          -0.284          -0.436          -1.050          -3.271            1.502
    6 (vir)     1           2.158          -0.403          -1.100          -3.328            3.983
    7 (vir)     1           2.158          -0.403          -1.099          -3.326            3.983
    8 (vir)     1           2.329          -0.115          -0.278          -1.520            3.456
    9 (vir)     1           2.368          -0.146          -0.296          -1.558            3.484
   10 (vir)     1           2.368          -0.146          -0.296          -1.558            3.484
   11 (vir)     1           3.139          -0.326          -0.679          -2.332            4.466
   12 (vir)     1           3.139          -0.324          -0.679          -2.332            4.467
   13 (vir)     1           3.624          -0.737          -1.793          -4.598            5.692
   14 (vir)     1           4.537          -0.187          -0.296          -1.737            5.790
   15 (vir)     1           4.723          -0.678          -1.738          -4.330            6.637
   16 (vir)     1           4.724          -0.679          -1.742          -4.330            6.633
   17 (vir)     1           6.802          -0.661          -1.514          -4.949            9.576
   18 (vir)     1           6.803          -0.662          -1.513          -4.949            9.577
   19 (vir)     1           8.056          -1.153          -3.117          -7.715           11.502
   20 (vir)     1           8.149          -0.689          -1.407          -4.902           10.954
   21 (vir)     1           8.149          -0.695          -1.404          -4.902           10.951
   22 (vir)     1          10.907          -0.661          -0.368          -3.686           13.564
   23 (vir)     1          12.478          -1.580          -2.399          -7.101           15.599
   24 (vir)     1          12.479          -1.578          -2.398          -7.100           15.603
   25 (vir)     1          15.909          -3.421          -4.363         -11.388           19.513
   26 (vir)     1          18.528          -2.153          -3.134          -8.937           22.178
   27 (vir)     1          20.247          -2.678          -2.372          -8.432           23.629
   28 (vir)     1          20.248          -2.674          -2.379          -8.432           23.627
   29 (vir)     1          33.522          -5.022          -2.237          -9.723           35.986
   30 (vir)     1          34.212          -4.038          -4.792         -13.186           38.568
   31 (vir)     1          34.212          -4.033          -4.794         -13.186           38.571
   32 (vir)     1          41.541           0.657          -2.370          -9.362           49.189
   33 (vir)     1          41.541           0.633          -2.372          -9.362           49.164
   34 (vir)     1          43.956          -3.684          -2.856         -10.448           47.865
   35 (vir)     1          44.239          -5.354          -2.540         -11.079           47.424
   36 (vir)     1          46.121          -6.340          -2.538         -11.236           48.479
   37 (vir)     1          46.121          -6.306          -2.537         -11.235           48.514
   38 (vir)     1          46.947          -4.896          -2.252         -10.589           50.388
   39 (vir)     1          47.105          -9.128          -3.018         -11.854           46.812
   40 (vir)     1          47.105          -9.130          -3.011         -11.855           46.818
   41 (vir)     1          49.733          -8.415          -3.122         -11.668           49.864
   42 (vir)     1          58.920           2.178          -2.865         -12.756           70.989
   43 (vir)     1          58.920           2.289          -2.868         -12.757           71.099
   44 (vir)     1          63.652          -8.442          -1.229          -9.068           63.050
   45 (vir)     1          63.934           2.639          -3.253         -14.615           77.936
   46 (vir)     1          68.419           2.136          -1.908         -11.224           79.870
   47 (vir)     1          68.419           2.135          -1.907         -11.224           79.870
   48 (vir)     1          76.708           2.905          -2.676         -13.987           90.925
   49 (vir)     1          76.710           3.041          -2.685         -13.987           91.052
   50 (vir)     1          85.056           4.055          -2.389         -14.550          101.272
   51 (vir)     1          85.056           4.117          -2.385         -14.551          101.339
   52 (vir)     1          85.317           2.680          -3.104         -16.028          100.921
   53 (vir)     1         113.330           4.102          -2.332         -14.350          129.449
   54 (vir)     1         151.062           2.653          -1.993         -16.374          168.095
   55 (vir)     1         151.063           2.641          -1.995         -16.374          168.082
   56 (vir)     1         157.059           2.047          -1.945         -15.732          172.894
 
