 
  kpoint:       1             coordinate:     0.0000    0.0000    0.0000                  spin:  1
 
    n           k   ϵ_nk^DFT (eV)     Σ^c_nk (eV)     Σ^x_nk (eV)    v_nk^xc (eV)   ϵ_nk^G0W0 (eV)
 
    1 (occ)     1         -29.349           9.976         -32.184         -20.130          -31.428
    2 (occ)     1         -28.350           9.370         -32.730         -21.206          -30.505
    3 (occ)     1         -13.777           3.873         -26.995         -19.169          -17.729
    4 (occ)     1         -12.801           2.590         -23.102         -17.033          -16.280
    5 (occ)     1         -12.801           2.708         -23.493         -17.033          -16.553
    6 (occ)     1         -12.703           3.345         -27.236         -19.973          -16.622
    7 (occ)     1          -9.114           1.626         -24.815         -19.418          -12.886
    8 (occ)     1          -9.114           1.617         -24.819         -19.418          -12.899
    9 (vir)     1          -0.270          -2.049         -10.214         -16.862            4.328
   10 (vir)     1          -0.270          -2.163         -10.294         -16.862            4.135
   11 (vir)     1           0.368          -1.542          -4.468          -9.271            3.630
   12 (vir)     1           0.962          -0.203          -0.378          -1.766            2.146
   13 (vir)     1           0.962          -0.196          -0.375          -1.766            2.156
   14 (vir)     1           1.040          -0.186          -0.509          -1.976            2.321
   15 (vir)     1           2.182          -0.203          -0.465          -1.570            3.083
   16 (vir)     1           2.294          -0.103          -0.239          -1.216            3.169
   17 (vir)     1           2.294          -0.100          -0.236          -1.216            3.174
   18 (vir)     1           3.710          -0.072          -0.051          -0.701            4.288
   19 (vir)     1           3.710          -0.064          -0.050          -0.701            4.297
   20 (vir)     1           8.263          -1.691          -3.364          -8.026           11.234
   21 (vir)     1           8.758          -1.065          -1.977          -5.490           11.207
   22 (vir)     1           9.370          -2.736          -5.072         -11.731           13.293
   23 (vir)     1           9.926          -0.941          -1.177          -4.324           12.131
   24 (vir)     1           9.926          -0.998          -1.212          -4.324           12.039
   25 (vir)     1          14.258          -1.372          -2.492          -7.289           17.683
   26 (vir)     1          15.085          -0.624          -1.311          -5.242           18.391
   27 (vir)     1          15.085          -0.642          -1.296          -5.242           18.389
   28 (vir)     1          16.799          -0.422          -0.289          -3.600           19.688
   29 (vir)     1          16.799          -0.439          -0.313          -3.600           19.647
   30 (vir)     1          17.180          -4.091          -4.214         -11.599           20.473
   31 (vir)     1          17.180          -4.059          -4.192         -11.599           20.528
   32 (vir)     1          19.665          -3.230          -4.088         -11.440           23.787
   33 (vir)     1          19.666          -3.207          -4.095         -11.440           23.803
   34 (vir)     1          20.261          -2.814          -2.756          -8.723           23.414
   35 (vir)     1          20.261          -2.768          -2.797          -8.723           23.418
   36 (vir)     1          22.814          -5.678          -6.100         -15.279           26.314
   37 (vir)     1          24.770          -4.921          -2.302         -10.282           27.830
   38 (vir)     1          24.770          -5.692          -2.322         -10.282           27.039
   39 (vir)     1          27.383          -5.895          -4.097         -12.795           30.187
   40 (vir)     1          31.096          -9.107          -6.407         -15.748           31.330
   41 (vir)     1          31.096         -10.063          -6.461         -15.748           30.320
   42 (vir)     1          33.672          -7.480          -3.271         -10.497           33.419
   43 (vir)     1          41.597         -10.860          -4.797         -14.071           40.010
   44 (vir)     1          44.883           2.966          -4.717         -13.436           56.568
   45 (vir)     1          44.883           3.291          -4.822         -13.436           56.790
   46 (vir)     1          46.325           2.794          -4.228         -14.275           59.166
   47 (vir)     1          46.325           2.814          -4.147         -14.275           59.268
   48 (vir)     1          48.530          -0.217          -4.437         -14.546           58.422
   49 (vir)     1          53.057           2.419          -5.008         -15.733           66.201
   50 (vir)     1          53.057           2.586          -4.972         -15.733           66.404
   51 (vir)     1          71.217           3.675          -3.870         -16.640           87.661
   52 (vir)     1          73.647           4.026          -5.238         -18.881           91.315
   53 (vir)     1          80.845           2.860          -3.346         -16.604           96.964
   54 (vir)     1          80.845           3.227          -3.839         -16.604           96.837
   55 (vir)     1         112.305           4.741          -3.123         -14.395          128.318
   56 (vir)     1         123.413           3.053          -3.423         -18.663          141.706
   57 (vir)     1         123.413           3.170          -3.308         -18.663          141.938
   58 (vir)     1         124.406           3.142          -3.189         -18.230          142.590
   59 (vir)     1         124.406           3.350          -3.100         -18.230          142.886
   60 (vir)     1         128.213           2.928          -2.910         -17.182          145.413
   61 (vir)     1         132.784           3.674          -2.984         -18.859          152.334
   62 (vir)     1         173.608           2.832          -4.236         -20.317          192.521
   63 (vir)     1         173.923           2.001          -5.479         -23.088          193.532
   64 (vir)     1         173.926           1.580          -4.837         -23.085          193.754
   65 (vir)     1         175.248           1.964          -5.454         -23.067          194.826
   66 (vir)     1         175.250           1.554          -4.798         -23.065          195.071
   67 (vir)     1         176.322           2.278          -5.213         -22.959          196.346
   68 (vir)     1         178.434           2.155          -5.482         -23.419          198.526
   69 (vir)     1         178.434           2.030          -5.061         -23.419          198.822
   70 (vir)     1         179.754           2.358          -5.076         -23.001          200.037
   71 (vir)     1         179.754           2.205          -4.710         -23.001          200.250
   72 (vir)     1         206.620           2.501          -2.703         -18.176          224.593
   73 (vir)     1         215.367           1.181          -3.036         -19.687          233.198
   74 (vir)     1         215.367           1.181          -3.164         -19.687          233.071
   75 (vir)     1         224.443           1.441          -3.414         -20.885          243.355
   76 (vir)     1         224.443           1.562          -3.423         -20.885          243.467
   77 (vir)     1         227.414           1.458          -3.489         -21.106          246.489
   78 (vir)     1         227.414           1.578          -3.493         -21.106          246.604
   79 (vir)     1         229.885           1.555          -3.278         -21.176          249.337
   80 (vir)     1         229.885           1.642          -3.353         -21.176          249.350
   81 (vir)     1         231.926           2.417          -3.145         -20.054          251.252
   82 (vir)     1         236.417           1.340          -3.682         -22.390          256.464
   83 (vir)     1         236.417           1.426          -3.768         -22.390          256.465
   84 (vir)     1         237.512           1.110          -3.398         -21.695          256.919
   85 (vir)     1         237.512           1.113          -3.543         -21.695          256.777
   86 (vir)     1         237.728           1.924          -2.966         -19.728          256.415
   87 (vir)     1         249.271           2.235          -3.270         -20.722          268.958
 
