 
  kpoint:       1             coordinate:     0.0000    0.0000    0.0000                  spin:  1
 
    n           k   ϵ_nk^DFT (eV)     Σ^c_nk (eV)     Σ^x_nk (eV)    v_nk^xc (eV)   ϵ_nk^G0W0 (eV)
 
    1 (occ)     1         -21.278           7.292         -24.880         -15.672          -23.195
    2 (occ)     1         -11.844           1.199         -19.290         -14.058          -15.877
    3 (occ)     1          -8.008           1.225         -18.660         -13.688          -11.755
    4 (occ)     1          -8.008           1.229         -18.673         -13.688          -11.763
    5 (vir)     1          -1.082          -0.975          -3.051          -6.907            1.799
    6 (vir)     1           0.931          -0.698          -2.387          -5.565            3.411
    7 (vir)     1           2.240          -0.392          -0.911          -2.975            3.912
    8 (vir)     1           2.240          -0.390          -0.912          -2.975            3.913
    9 (vir)     1           2.826          -0.559          -0.819          -3.109            4.557
   10 (vir)     1           3.515          -0.721          -1.901          -5.421            6.314
   11 (vir)     1           3.515          -0.719          -1.904          -5.421            6.314
   12 (vir)     1           3.981          -0.647          -1.894          -5.360            6.800
   13 (vir)     1           3.981          -0.647          -1.894          -5.360            6.799
   14 (vir)     1           4.629          -0.719          -1.256          -4.010            6.663
   15 (vir)     1           7.058          -0.728          -1.313          -4.161            9.178
   16 (vir)     1           7.058          -0.723          -1.313          -4.161            9.184
   17 (vir)     1           8.466          -0.853          -0.561          -3.699           10.751
   18 (vir)     1           8.868          -0.811          -0.467          -3.547           11.137
   19 (vir)     1           8.868          -0.876          -0.466          -3.547           11.073
   20 (vir)     1           9.208          -0.660          -0.405          -3.456           11.599
   21 (vir)     1           9.208          -0.649          -0.405          -3.456           11.611
   22 (vir)     1           9.471          -0.692          -0.412          -3.457           11.825
   23 (vir)     1           9.471          -0.692          -0.411          -3.457           11.825
   24 (vir)     1           9.856          -1.626          -2.312          -7.011           12.930
   25 (vir)     1          10.161          -1.330          -2.281          -6.702           13.252
   26 (vir)     1          14.999          -3.665          -4.593         -12.567           19.307
   27 (vir)     1          14.999          -3.653          -4.589         -12.567           19.323
   28 (vir)     1          15.601          -3.739          -5.266         -13.489           20.085
   29 (vir)     1          15.601          -3.737          -5.265         -13.489           20.089
   30 (vir)     1          21.816          -6.631          -3.783         -12.551           23.953
   31 (vir)     1          29.476          -6.129          -2.602          -9.801           30.546
   32 (vir)     1          29.476          -6.128          -2.606          -9.801           30.544
   33 (vir)     1          30.046          -7.382          -2.270         -10.051           30.444
   34 (vir)     1          41.727          -8.761          -1.939         -10.395           41.422
   35 (vir)     1          41.727         -11.051          -1.935         -10.395           39.135
   36 (vir)     1          56.020           2.182          -2.176         -11.880           67.906
   37 (vir)     1         138.043           2.101          -1.840         -15.937          154.242
   38 (vir)     1         146.557         -12.538          -1.171         -10.977          143.825
 
