 
  kpoint:       1             coordinate:     0.0000    0.0000    0.0000                  spin:  1
 
    n           k   ϵ_nk^DFT (eV)     Σ^c_nk (eV)     Σ^x_nk (eV)    v_nk^xc (eV)   ϵ_nk^G0W0 (eV)
 
    1 (occ)     1         -50.871           1.763         -43.874         -28.301          -64.681
    2 (occ)     1          -4.481           1.533         -12.868          -9.082           -6.733
    3 (vir)     1          -1.412          -0.348          -0.813          -2.820            0.248
    4 (vir)     1          -0.361          -0.319          -0.548          -2.711            1.484
    5 (vir)     1          -0.361          -0.320          -0.549          -2.711            1.481
    6 (vir)     1           1.691          -0.356          -0.725          -2.273            2.883
    7 (vir)     1           3.223          -0.209          -0.245          -1.483            4.252
    8 (vir)     1           3.232          -0.126          -0.326          -1.908            4.687
    9 (vir)     1           3.232          -0.121          -0.330          -1.908            4.689
   10 (vir)     1           3.531          -0.461          -0.030          -1.219            4.259
   11 (vir)     1           3.531          -0.466          -0.031          -1.219            4.253
   12 (vir)     1           4.241          -0.604          -0.693          -3.368            6.312
   13 (vir)     1           4.259          -0.757          -0.787          -3.943            6.658
   14 (vir)     1           4.259          -0.738          -0.778          -3.943            6.686
   15 (vir)     1           6.658          -0.957          -1.631          -5.485            9.556
   16 (vir)     1           8.874          -0.027          -1.090          -5.084           12.841
   17 (vir)     1           8.874          -0.009          -1.095          -5.084           12.855
   18 (vir)     1          10.116          -3.315          -2.123          -6.651           11.329
   19 (vir)     1          20.482           0.841          -1.948          -8.077           27.453
   20 (vir)     1          40.835           0.455          -3.511         -10.907           48.685
   21 (vir)     1          47.776           0.905          -1.645         -10.528           57.563
   22 (vir)     1          47.776           0.855          -1.816         -10.528           57.342
   23 (vir)     1          50.698          -0.319          -2.095         -10.645           58.929
   24 (vir)     1         149.319           1.255          -1.798         -16.108          164.884
 
