 
  kpoint:       1             coordinate:     0.0000    0.0000    0.0000                  spin:  1
 
    n           k   ϵ_nk^DFT (eV)     Σ^c_nk (eV)     Σ^x_nk (eV)    v_nk^xc (eV)   ϵ_nk^G0W0 (eV)
 
    1 (occ)     1         -19.568           6.018         -24.247         -14.909          -22.887
    2 (occ)     1         -17.763           5.192         -23.649         -14.925          -21.295
    3 (occ)     1         -15.369           4.142         -22.813         -14.935          -19.105
    4 (occ)     1         -13.994           3.462         -21.764         -14.510          -17.785
    5 (occ)     1         -11.356           2.082         -19.369         -13.582          -15.060
    6 (occ)     1         -10.300           1.760         -19.426         -14.092          -13.874
    7 (occ)     1         -10.155           1.743         -19.533         -14.324          -13.621
    8 (occ)     1          -9.869           1.598         -19.219         -13.894          -13.597
    9 (occ)     1          -8.803           1.336         -19.273         -14.342          -12.398
   10 (occ)     1          -8.299           1.204         -19.095         -14.203          -11.987
   11 (occ)     1          -7.988           1.210         -19.186         -14.789          -11.176
   12 (occ)     1          -7.659           1.107         -19.075         -14.650          -10.977
   13 (occ)     1          -7.570           1.040         -18.579         -13.888          -11.221
   14 (vir)     1          -0.338          -0.739          -1.323          -3.656            1.256
   15 (vir)     1           0.015          -0.661          -1.042          -3.218            1.530
   16 (vir)     1           0.224          -0.616          -0.881          -2.903            1.630
   17 (vir)     1           0.272          -0.624          -0.979          -3.026            1.695
   18 (vir)     1           0.786          -0.555          -0.802          -2.675            2.104
   19 (vir)     1           1.041          -0.539          -0.736          -2.587            2.354
   20 (vir)     1           1.150          -0.434          -0.545          -2.123            2.294
   21 (vir)     1           1.195          -0.437          -0.463          -2.010            2.305
   22 (vir)     1           1.290          -0.483          -0.725          -2.392            2.474
   23 (vir)     1           1.630          -0.611          -0.949          -2.951            3.020
   24 (vir)     1           1.955          -0.471          -0.613          -2.272            3.143
   25 (vir)     1           2.079          -0.391          -0.423          -1.885            3.150
   26 (vir)     1           2.220          -0.615          -0.897          -3.017            3.725
   27 (vir)     1           2.430          -0.429          -0.429          -2.095            3.667
   28 (vir)     1           2.779          -0.850          -1.514          -3.888            4.302
   29 (vir)     1           3.343          -0.624          -0.889          -2.909            4.739
   30 (vir)     1           3.611          -1.099          -2.180          -5.226            5.558
   31 (vir)     1           3.650          -0.948          -1.666          -4.417            5.453
   32 (vir)     1           3.766          -1.233          -2.540          -5.863            5.856
   33 (vir)     1           3.852          -0.880          -1.497          -3.951            5.427
   34 (vir)     1           3.861          -1.053          -1.911          -5.040            5.938
   35 (vir)     1           4.201          -1.193          -2.004          -5.287            6.290
   36 (vir)     1           4.274          -0.782          -1.264          -3.588            5.816
   37 (vir)     1           4.361          -1.008          -1.968          -4.795            6.179
   38 (vir)     1           4.449          -0.944          -1.467          -4.231            6.269
   39 (vir)     1           4.641          -0.778          -1.159          -3.560            6.265
   40 (vir)     1           4.671          -1.135          -1.992          -4.941            6.485
   41 (vir)     1           4.942          -0.773          -0.999          -3.501            6.671
   42 (vir)     1           4.961          -1.087          -1.853          -4.879            6.900
   43 (vir)     1           5.137          -1.337          -2.356          -5.863            7.307
   44 (vir)     1           5.152          -1.159          -2.022          -5.143            7.114
   45 (vir)     1           5.367          -1.968          -3.871          -8.578            8.107
   46 (vir)     1           5.653          -0.769          -0.938          -3.303            7.249
   47 (vir)     1           5.671          -0.911          -1.357          -4.069            7.472
   48 (vir)     1           6.191          -1.371          -2.070          -5.645            8.395
   49 (vir)     1           6.421          -1.576          -2.626          -6.471            8.690
   50 (vir)     1           6.591          -1.220          -1.518          -4.865            8.718
   51 (vir)     1           6.826          -1.197          -1.633          -4.771            8.766
   52 (vir)     1           7.249          -0.903          -1.419          -4.209            9.137
   53 (vir)     1           7.566          -1.612          -2.355          -6.429           10.028
   54 (vir)     1           7.768          -1.409          -2.234          -5.854            9.979
   55 (vir)     1           7.942          -1.135          -1.247          -4.525           10.084
   56 (vir)     1           8.417          -1.350          -1.936          -5.678           10.808
   57 (vir)     1           8.567          -0.913          -0.768          -3.702           10.588
   58 (vir)     1           8.813          -1.199          -1.239          -4.704           11.080
   59 (vir)     1           9.013          -1.777          -2.362          -6.452           11.326
   60 (vir)     1           9.418          -1.086          -0.735          -3.997           11.594
   61 (vir)     1           9.956          -1.397          -1.608          -5.179           12.130
   62 (vir)     1          10.331          -0.974          -0.425          -3.430           12.361
   63 (vir)     1          10.349          -1.185          -0.780          -4.215           12.599
   64 (vir)     1          10.917          -1.618          -1.319          -5.153           13.133
   65 (vir)     1          11.072          -1.083          -0.732          -4.052           13.309
   66 (vir)     1          12.247          -2.904          -2.945          -8.598           14.996
   67 (vir)     1          12.379          -3.133          -3.212          -9.139           15.174
   68 (vir)     1          12.486          -1.983          -2.393          -6.917           15.027
   69 (vir)     1          12.784          -2.304          -2.401          -7.374           15.453
   70 (vir)     1          12.996          -2.067          -2.473          -7.217           15.674
   71 (vir)     1          13.033          -2.549          -2.696          -7.929           15.717
   72 (vir)     1          13.199          -1.708          -1.625          -5.764           15.631
   73 (vir)     1          13.381          -1.937          -1.702          -6.232           15.974
   74 (vir)     1          13.962          -1.464          -0.843          -4.639           16.294
   75 (vir)     1          14.092          -3.325          -3.245          -9.606           17.129
   76 (vir)     1          14.323          -3.340          -3.081          -9.356           17.256
   77 (vir)     1          14.363          -2.512          -2.278          -7.548           17.121
   78 (vir)     1          14.789          -1.958          -1.219          -5.587           17.200
   79 (vir)     1          14.920          -1.754          -1.357          -5.693           17.502
   80 (vir)     1          15.331          -1.786          -1.328          -5.634           17.852
   81 (vir)     1          15.586          -2.745          -2.396          -7.934           18.380
   82 (vir)     1          15.958          -1.879          -2.062          -6.757           18.773
   83 (vir)     1          16.154          -2.939          -2.635          -8.254           18.834
   84 (vir)     1          17.010          -1.555          -0.894          -4.881           19.442
   85 (vir)     1          17.085          -2.513          -2.195          -7.426           19.803
   86 (vir)     1          17.707          -2.937          -2.085          -7.754           20.439
   87 (vir)     1          18.714          -2.640          -1.931          -7.172           21.315
   88 (vir)     1          18.773          -2.648          -1.355          -6.703           21.474
   89 (vir)     1          18.822          -2.224          -1.760          -6.774           21.613
   90 (vir)     1          18.929          -2.187          -1.363          -6.131           21.509
   91 (vir)     1          19.623          -2.509          -2.042          -7.388           22.460
   92 (vir)     1          19.834          -2.316          -1.074          -5.838           22.283
   93 (vir)     1          21.452          -2.672          -1.610          -6.966           24.135
   94 (vir)     1          21.570          -3.270          -2.344          -8.535           24.491
   95 (vir)     1          22.009          -3.464          -2.083          -8.307           24.769
   96 (vir)     1          22.037          -2.773          -1.623          -7.054           24.695
   97 (vir)     1          22.612          -2.905          -1.420          -6.874           25.161
   98 (vir)     1          22.779          -2.630          -1.307          -6.437           25.279
   99 (vir)     1          23.323          -3.503          -1.458          -6.423           24.785
  100 (vir)     1          23.396          -2.690          -1.127          -6.453           26.031
  101 (vir)     1          23.406          -3.089          -1.586          -7.332           26.063
  102 (vir)     1          24.353          -2.881          -1.173          -6.427           26.726
  103 (vir)     1          24.479          -3.030          -1.567          -7.087           26.969
  104 (vir)     1          25.239          -3.257          -1.513          -7.251           27.720
  105 (vir)     1          25.354          -3.005          -1.737          -7.426           28.038
  106 (vir)     1          25.457          -3.182          -2.110          -8.074           28.239
  107 (vir)     1          26.964          -3.074          -1.334          -6.858           29.414
  108 (vir)     1          27.968          -3.945          -2.162          -8.696           30.557
  109 (vir)     1          28.082          -3.459          -1.708          -7.482           30.397
  110 (vir)     1          28.593          -4.312          -2.186          -8.995           31.090
  111 (vir)     1          30.261          -3.936          -2.026          -8.355           32.654
  112 (vir)     1          31.942          -4.059          -2.170          -8.501           34.214
  113 (vir)     1          32.177          -4.508          -2.332          -8.764           34.101
  114 (vir)     1          32.638          -3.958          -1.385          -7.581           34.875
  115 (vir)     1          33.673          -4.488          -1.991          -8.673           35.867
  116 (vir)     1          34.732          -5.172          -2.460          -9.603           36.704
  117 (vir)     1          34.874          -5.592          -1.442          -7.705           35.544
  118 (vir)     1          35.018          -4.883          -2.179          -8.996           36.952
  119 (vir)     1          35.578          -5.369          -2.451          -9.453           37.211
  120 (vir)     1          35.755          -5.698          -2.028          -9.369           37.399
  121 (vir)     1          36.280          -4.837          -2.019          -8.853           38.277
  122 (vir)     1          36.748          -5.631          -1.495          -8.117           37.738
  123 (vir)     1          37.531          -5.514          -1.806          -9.061           39.272
  124 (vir)     1          38.027          -6.850          -1.609          -8.592           38.160
  125 (vir)     1          38.563          -6.016          -2.104          -9.562           40.006
  126 (vir)     1          40.654          -5.357          -1.345          -7.827           41.779
  127 (vir)     1          40.974          -7.021          -2.395         -10.632           42.189
  128 (vir)     1          41.801          -6.676          -2.113          -9.726           42.738
  129 (vir)     1          42.757          -8.582          -2.425         -10.473           42.222
  130 (vir)     1          42.996          -7.058          -1.839          -9.357           43.457
  131 (vir)     1          44.993          -9.666          -1.918          -9.979           43.387
  132 (vir)     1          46.175          -9.081          -2.322         -10.707           45.480
  133 (vir)     1          46.238          -9.766          -2.715         -11.752           45.510
  134 (vir)     1          46.608          -9.798          -2.508         -11.794           46.096
  135 (vir)     1          48.757         -10.087          -2.219         -10.921           47.373
  136 (vir)     1          49.759         -11.709          -2.814         -12.104           47.340
  137 (vir)     1          50.730         -12.185          -2.626         -11.833           47.752
  138 (vir)     1          51.932         -11.919          -2.342         -11.954           49.625
  139 (vir)     1          52.541         -12.208          -2.557         -11.933           49.709
  140 (vir)     1          53.532         -10.861          -3.084         -13.147           52.734
  141 (vir)     1          54.109          -9.050          -2.518         -12.057           54.598
  142 (vir)     1          55.858          -6.745          -2.520         -12.805           59.398
  143 (vir)     1          55.877          -9.551          -2.485         -12.197           56.039
  144 (vir)     1          55.928         -10.305          -2.577         -12.427           55.473
  145 (vir)     1          56.258         -10.052          -2.502         -12.450           56.155
  146 (vir)     1          56.923         -10.676          -2.630         -12.407           56.025
  147 (vir)     1          58.184         -10.385          -2.370         -12.439           57.868
  148 (vir)     1          58.984           5.257          -3.044         -14.015           75.211
  149 (vir)     1          59.055           4.672          -2.309         -12.289           73.707
  150 (vir)     1          59.222           4.431          -2.500         -12.378           73.530
  151 (vir)     1          61.950           4.370          -2.309         -12.462           76.474
  152 (vir)     1          63.243           4.001          -2.582         -13.087           77.749
  153 (vir)     1          63.935           4.149          -2.458         -13.054           78.680
  154 (vir)     1          64.195           4.114          -2.530         -12.959           78.738
  155 (vir)     1          64.457           4.143          -2.373         -12.657           78.884
  156 (vir)     1          65.636           4.296          -2.394         -13.109           80.647
  157 (vir)     1          66.014           4.157          -2.551         -13.490           81.111
  158 (vir)     1          67.280           3.963          -2.371         -12.895           81.767
  159 (vir)     1          67.415           4.424          -2.208         -12.672           82.303
  160 (vir)     1          67.759           4.860          -2.299         -13.504           83.825
  161 (vir)     1          68.659           3.518          -2.421         -13.071           82.827
  162 (vir)     1          69.430           4.502          -2.170         -13.222           84.984
  163 (vir)     1          69.870           3.928          -2.188         -13.012           84.622
  164 (vir)     1          71.105           4.219          -2.254         -13.481           86.551
  165 (vir)     1          71.459           3.699          -2.166         -13.170           86.162
  166 (vir)     1          72.227           1.744          -2.152         -13.579           85.398
  167 (vir)     1          72.958           4.048          -2.190         -13.463           88.279
  168 (vir)     1          73.362           4.830          -2.180         -13.260           89.272
  169 (vir)     1          73.997           3.286          -2.153         -12.566           87.697
  170 (vir)     1          74.270           3.887          -2.016         -13.285           89.427
  171 (vir)     1          75.030           3.847          -2.139         -13.705           90.443
  172 (vir)     1          77.159           3.920          -2.129         -13.478           92.428
  173 (vir)     1          77.827           4.088          -2.127         -13.299           93.087
  174 (vir)     1          79.308           2.780          -2.166         -13.296           93.218
  175 (vir)     1          79.793           3.971          -2.044         -13.720           95.440
  176 (vir)     1          80.696           2.834          -2.219         -13.698           95.009
  177 (vir)     1          80.787           3.559          -1.947         -13.309           95.708
  178 (vir)     1          81.410           3.381          -2.255         -14.123           96.658
  179 (vir)     1          81.937           3.353          -2.059         -13.495           96.726
  180 (vir)     1          82.806           2.400          -1.756         -12.082           95.533
  181 (vir)     1          86.542           2.806          -1.939         -13.267          100.676
  182 (vir)     1          87.726           2.586          -1.909         -13.054          101.457
  183 (vir)     1          89.640           2.840          -2.256         -14.010          104.234
  184 (vir)     1          98.294           2.312          -2.167         -14.247          112.686
  185 (vir)     1         101.051           2.352          -2.118         -15.008          116.293
  186 (vir)     1         101.546           2.374          -1.920         -14.461          116.462
  187 (vir)     1         104.347           2.331          -2.065         -15.110          119.724
  188 (vir)     1         111.437           1.953          -1.910         -14.298          125.779
  189 (vir)     1         112.287           2.051          -1.870         -14.344          126.812
  190 (vir)     1         112.730           2.041          -1.907         -14.513          127.376
  191 (vir)     1         113.359           1.968          -1.869         -14.274          127.732
  192 (vir)     1         117.296           2.043          -1.817         -14.391          131.912
  193 (vir)     1         156.969           2.574          -1.687         -15.819          173.676
  194 (vir)     1         162.422           2.455          -1.654         -15.863          179.086
  195 (vir)     1         162.912           2.490          -1.644         -15.870          179.628
  196 (vir)     1         163.269           2.468          -1.640         -15.865          179.962
  197 (vir)     1         163.274           2.485          -1.640         -15.867          179.986
  198 (vir)     1         163.845           2.543          -1.655         -15.894          180.627
  199 (vir)     1         163.928           2.641          -1.716         -16.232          181.085
  200 (vir)     1         164.179           2.558          -1.655         -15.912          180.993
  201 (vir)     1         165.178           2.650          -1.674         -16.111          182.265
  202 (vir)     1         165.976           2.650          -1.655         -16.062          183.033
  203 (vir)     1         208.973           8.705          -0.633         -12.369          229.413
  204 (vir)     1         238.820          -0.961          -0.582         -13.291          250.568
  205 (vir)     1         241.106           0.616          -0.564         -13.435          254.593
  206 (vir)     1         242.092           2.635          -0.520         -13.521          257.730
 
