 
  kpoint:       1             coordinate:     0.0000    0.0000    0.0000                  spin:  1
 
    n           k   ϵ_nk^DFT (eV)     Σ^c_nk (eV)     Σ^x_nk (eV)    v_nk^xc (eV)   ϵ_nk^G0W0 (eV)
 
    1 (occ)     1         -26.016           8.869         -28.088         -17.186          -28.050
    2 (occ)     1         -24.483           8.496         -27.816         -17.191          -26.611
    3 (occ)     1         -23.416           7.992         -27.714         -17.382          -25.756
    4 (occ)     1         -22.217           7.424         -27.648         -17.730          -24.711
    5 (occ)     1         -21.394           7.403         -27.683         -17.943          -23.732
    6 (occ)     1         -18.985           5.962         -25.200         -16.490          -21.734
    7 (occ)     1         -16.590           4.418         -23.956         -16.597          -19.531
    8 (occ)     1         -16.150           4.377         -23.858         -16.569          -19.062
    9 (occ)     1         -15.652           4.049         -23.747         -16.765          -18.585
   10 (occ)     1         -14.457           3.417         -22.979         -16.590          -17.429
   11 (occ)     1         -13.714           3.016         -22.796         -16.695          -16.800
   12 (occ)     1         -12.740           2.800         -22.372         -16.474          -15.838
   13 (occ)     1         -12.362           2.735         -23.136         -17.505          -15.259
   14 (occ)     1         -11.552           3.807         -19.810         -14.306          -13.249
   15 (occ)     1         -11.266           2.491         -22.026         -16.591          -14.210
   16 (occ)     1         -10.830           2.339         -22.065         -16.760          -13.796
   17 (occ)     1         -10.198           2.280         -21.500         -16.182          -13.235
   18 (occ)     1          -9.968           3.093         -19.613         -14.695          -11.793
   19 (occ)     1          -8.839           2.448         -19.166         -14.770          -10.787
   20 (occ)     1          -7.536           3.156         -22.087         -16.410          -10.057
   21 (occ)     1          -7.293           1.753         -19.750         -15.809           -9.481
   22 (occ)     1          -6.697           2.662         -21.796         -16.592           -9.240
   23 (occ)     1          -6.673           0.929         -18.106         -15.062           -8.787
   24 (occ)     1          -5.845           2.417         -21.631         -16.688           -8.371
   25 (occ)     1          -5.526           0.464         -17.699         -15.107           -7.654
   26 (vir)     1          -1.700          -2.456          -9.177         -14.073            0.740
   27 (vir)     1          -1.014          -2.776          -9.133         -14.359            1.436
   28 (vir)     1          -0.572          -1.021          -1.508          -4.016            0.914
   29 (vir)     1          -0.349          -1.026          -1.741          -4.257            1.141
   30 (vir)     1          -0.292          -3.135          -8.332         -13.826            2.067
   31 (vir)     1           0.182          -0.757          -0.969          -2.948            1.404
   32 (vir)     1           0.464          -0.818          -1.012          -3.107            1.741
   33 (vir)     1           0.497          -0.872          -1.193          -3.391            1.823
   34 (vir)     1           0.537          -0.612          -0.578          -2.216            1.563
   35 (vir)     1           0.876          -0.772          -0.982          -3.007            2.129
   36 (vir)     1           1.148          -0.558          -0.712          -2.249            2.126
   37 (vir)     1           1.372          -0.527          -0.533          -2.016            2.328
   38 (vir)     1           1.421          -0.698          -0.835          -2.706            2.595
   39 (vir)     1           1.536          -0.709          -0.876          -2.777            2.728
   40 (vir)     1           1.867          -0.789          -0.847          -2.849            3.079
   41 (vir)     1           2.068          -0.870          -1.075          -3.066            3.189
   42 (vir)     1           2.241          -0.744          -0.885          -2.811            3.422
   43 (vir)     1           2.259          -0.622          -0.636          -2.280            3.280
   44 (vir)     1           2.279          -0.967          -1.377          -3.740            3.674
   45 (vir)     1           2.547          -0.897          -1.323          -3.514            3.841
   46 (vir)     1           2.709          -0.587          -0.521          -2.101            3.702
   47 (vir)     1           2.889          -0.780          -0.979          -2.912            4.042
   48 (vir)     1           3.075          -1.167          -1.938          -4.485            4.455
   49 (vir)     1           3.158          -4.518          -6.239         -12.439            4.840
   50 (vir)     1           3.209          -1.768          -3.004          -6.395            4.832
   51 (vir)     1           3.505          -1.218          -1.876          -4.524            4.935
   52 (vir)     1           3.567          -0.614          -0.585          -2.251            4.619
   53 (vir)     1           3.631          -1.159          -1.733          -4.306            5.045
   54 (vir)     1           3.693          -0.779          -0.997          -2.943            4.860
   55 (vir)     1           3.860          -0.822          -1.017          -3.126            5.148
   56 (vir)     1           3.985          -1.262          -2.005          -4.827            5.544
   57 (vir)     1           4.017          -0.696          -0.747          -2.588            5.162
   58 (vir)     1           4.151          -1.949          -3.981          -7.950            6.171
   59 (vir)     1           4.192          -0.610          -0.512          -2.175            5.244
   60 (vir)     1           4.399          -1.130          -1.557          -4.103            5.815
   61 (vir)     1           4.577          -1.155          -1.675          -4.278            6.024
   62 (vir)     1           4.811          -1.167          -1.729          -4.358            6.272
   63 (vir)     1           4.873          -0.561          -0.414          -2.043            5.942
   64 (vir)     1           5.025          -1.745          -2.705          -6.239            6.814
   65 (vir)     1           5.201          -1.232          -1.911          -4.699            6.757
   66 (vir)     1           5.529          -1.310          -1.247          -4.109            7.080
   67 (vir)     1           5.541          -0.959          -1.114          -3.439            6.907
   68 (vir)     1           5.664          -1.544          -2.501          -5.834            7.453
   69 (vir)     1           5.824          -2.166          -3.643          -7.937            7.952
   70 (vir)     1           6.172          -1.641          -2.299          -5.744            7.975
   71 (vir)     1           6.273          -1.290          -1.437          -4.335            7.881
   72 (vir)     1           6.293          -1.265          -1.423          -4.258            7.863
   73 (vir)     1           6.527          -1.288          -1.156          -4.003            8.085
   74 (vir)     1           6.814          -1.418          -1.270          -4.394            8.520
   75 (vir)     1           6.917          -1.796          -2.603          -6.299            8.817
   76 (vir)     1           7.055          -3.307          -5.437         -11.314            9.627
   77 (vir)     1           7.538          -2.071          -2.865          -6.852            9.453
   78 (vir)     1           7.664          -2.052          -2.820          -6.780            9.572
   79 (vir)     1           7.767          -1.376          -1.129          -4.028            9.290
   80 (vir)     1           8.083          -2.385          -3.202          -7.663           10.159
   81 (vir)     1           8.172          -2.235          -2.183          -6.201            9.955
   82 (vir)     1           8.311          -2.965          -4.093          -9.251           10.504
   83 (vir)     1           8.493          -2.495          -3.787          -8.451           10.661
   84 (vir)     1           8.619          -1.752          -2.145          -5.709           10.432
   85 (vir)     1           8.787          -1.028          -0.746          -3.265           10.278
   86 (vir)     1           9.003          -3.818          -5.787         -12.189           11.586
   87 (vir)     1           9.475          -1.728          -1.410          -4.722           11.059
   88 (vir)     1           9.630          -2.484          -2.924          -7.584           11.805
   89 (vir)     1           9.783          -1.687          -1.470          -4.858           11.483
   90 (vir)     1          10.075          -2.609          -3.043          -7.783           12.206
   91 (vir)     1          10.128          -2.453          -2.915          -7.579           12.339
   92 (vir)     1          10.446          -2.526          -2.551          -7.149           12.519
   93 (vir)     1          10.546          -2.300          -2.192          -6.379           12.433
   94 (vir)     1          10.571          -2.161          -2.425          -6.572           12.558
   95 (vir)     1          11.045          -2.325          -2.620          -7.020           13.120
   96 (vir)     1          11.233          -1.751          -1.617          -5.262           13.128
   97 (vir)     1          11.399          -2.623          -1.459          -5.170           12.487
   98 (vir)     1          11.972          -2.388          -2.475          -6.970           14.080
   99 (vir)     1          12.218          -2.723          -2.616          -7.423           14.302
  100 (vir)     1          12.329          -2.685          -2.161          -6.663           14.146
  101 (vir)     1          12.675          -3.389          -1.889          -6.733           14.131
  102 (vir)     1          12.982          -2.862          -2.036          -6.709           14.793
  103 (vir)     1          13.018          -2.751          -2.694          -7.762           15.334
  104 (vir)     1          13.107          -2.652          -2.319          -7.023           15.159
  105 (vir)     1          13.257          -4.301          -1.876          -6.450           13.529
  106 (vir)     1          13.572          -2.651          -2.286          -7.094           15.729
  107 (vir)     1          13.823          -3.856          -3.944         -10.219           16.241
  108 (vir)     1          14.170          -3.293          -3.182          -8.699           16.394
  109 (vir)     1          14.435          -4.252          -3.894         -10.612           16.901
  110 (vir)     1          14.522          -2.961          -2.763          -8.016           16.814
  111 (vir)     1          14.832          -3.583          -3.334          -9.299           17.214
  112 (vir)     1          15.243          -3.582          -3.092          -9.016           17.586
  113 (vir)     1          15.449          -3.440          -3.072          -8.964           17.901
  114 (vir)     1          15.625          -3.901          -1.818          -6.752           16.658
  115 (vir)     1          15.790          -2.685          -1.902          -6.809           18.011
  116 (vir)     1          15.890          -4.809          -4.299         -11.755           18.537
  117 (vir)     1          16.589          -3.330          -2.752          -8.432           18.938
  118 (vir)     1          16.864          -3.342          -1.800          -6.686           18.408
  119 (vir)     1          16.927          -3.607          -1.599          -6.265           17.986
  120 (vir)     1          17.132          -3.179          -2.329          -7.771           19.395
  121 (vir)     1          17.479          -3.483          -3.002          -8.856           19.851
  122 (vir)     1          18.239          -3.103          -2.198          -7.450           20.388
  123 (vir)     1          18.308          -4.084          -2.155          -7.659           19.728
  124 (vir)     1          18.652          -3.054          -1.985          -7.211           20.826
  125 (vir)     1          18.873          -3.860          -2.069          -7.570           20.514
  126 (vir)     1          19.418          -4.454          -1.946          -7.476           20.494
  127 (vir)     1          19.456          -2.690          -1.801          -6.539           21.506
  128 (vir)     1          19.938          -3.323          -2.186          -7.763           22.192
  129 (vir)     1          20.087          -3.771          -2.073          -7.596           21.838
  130 (vir)     1          20.280          -3.074          -1.980          -7.168           22.394
  131 (vir)     1          20.374          -3.116          -1.942          -7.098           22.413
  132 (vir)     1          20.510          -3.210          -2.097          -7.636           22.839
  133 (vir)     1          20.715          -4.530          -2.215          -8.164           22.133
  134 (vir)     1          21.094          -3.684          -2.112          -8.037           23.334
  135 (vir)     1          21.495          -5.423          -1.994          -7.788           21.867
  136 (vir)     1          21.603          -3.351          -2.408          -8.049           23.893
  137 (vir)     1          21.829          -4.528          -1.819          -7.636           23.118
  138 (vir)     1          21.892          -3.913          -2.531          -8.747           24.195
  139 (vir)     1          22.328          -4.083          -2.647          -9.050           24.647
  140 (vir)     1          22.878          -3.896          -2.530          -8.690           25.142
  141 (vir)     1          23.665          -3.834          -2.079          -8.175           25.928
  142 (vir)     1          23.707          -4.288          -2.149          -8.051           25.321
  143 (vir)     1          24.099          -3.445          -1.638          -7.042           26.058
  144 (vir)     1          24.351          -4.797          -1.574          -7.006           24.986
  145 (vir)     1          24.624          -3.898          -2.110          -8.158           26.774
  146 (vir)     1          25.266          -4.260          -2.478          -8.805           27.333
  147 (vir)     1          25.328          -4.784          -2.106          -8.190           26.627
  148 (vir)     1          25.599          -4.177          -2.197          -8.260           27.485
  149 (vir)     1          26.141          -6.902          -2.485          -8.975           25.730
  150 (vir)     1          26.710          -4.688          -2.040          -8.293           28.275
  151 (vir)     1          26.733          -4.724          -2.035          -8.284           28.257
  152 (vir)     1          27.063          -5.689          -2.463          -8.993           27.904
  153 (vir)     1          27.127          -4.600          -2.231          -8.451           28.748
  154 (vir)     1          27.359          -4.194          -2.132          -8.400           29.433
  155 (vir)     1          27.787          -3.987          -1.956          -8.000           29.843
  156 (vir)     1          28.205          -1.133          -2.268          -8.825           33.628
  157 (vir)     1          28.861          -4.855          -2.179          -8.393           30.220
  158 (vir)     1          28.986          -7.430          -2.570          -9.087           28.074
  159 (vir)     1          29.374          -4.675          -2.335          -8.864           31.227
  160 (vir)     1          29.524          -4.498          -1.983          -8.460           31.503
  161 (vir)     1          30.250          -0.286          -2.747          -9.851           37.068
  162 (vir)     1          30.848          -4.567          -2.228          -8.757           32.810
  163 (vir)     1          31.712          -4.981          -2.366          -9.161           33.525
  164 (vir)     1          32.968          -4.954          -2.029          -8.532           34.517
  165 (vir)     1          33.093          -4.971          -2.382          -9.276           35.016
  166 (vir)     1          33.894           2.726          -2.302          -9.242           43.560
  167 (vir)     1          34.750          -5.907          -2.688         -10.125           36.280
  168 (vir)     1          35.109          -6.726          -2.557          -9.789           35.615
  169 (vir)     1          35.577          -7.246          -2.672          -9.993           35.652
  170 (vir)     1          37.007          -7.096          -3.238         -11.420           38.092
  171 (vir)     1          37.468          -7.524          -3.578         -11.594           37.959
  172 (vir)     1          37.898          -6.212          -2.542          -9.876           39.020
  173 (vir)     1          38.280          -7.027          -2.687         -10.347           38.912
  174 (vir)     1          38.684         -10.959          -3.184         -11.643           36.184
  175 (vir)     1          39.075          -9.768          -3.226         -11.594           37.676
  176 (vir)     1          39.239          -8.226          -2.669         -10.660           39.003
  177 (vir)     1          39.611          -7.996          -3.068         -11.191           39.738
  178 (vir)     1          40.755          -8.355          -2.930         -11.057           40.527
  179 (vir)     1          40.910         -11.706          -3.259         -11.583           37.527
  180 (vir)     1          41.160          -7.793          -3.185         -11.352           41.534
  181 (vir)     1          42.722          -9.833          -3.390         -12.462           41.962
  182 (vir)     1          42.801           3.950          -3.424         -12.572           55.898
  183 (vir)     1          43.160          -9.544          -2.771         -11.100           41.945
  184 (vir)     1          43.923          -9.421          -3.111         -11.699           43.091
  185 (vir)     1          44.231           4.302          -3.296         -12.267           57.505
  186 (vir)     1          44.575         -10.806          -3.491         -12.784           43.063
  187 (vir)     1          45.337          -9.679          -2.882         -11.499           44.276
  188 (vir)     1          45.618         -10.355          -2.753         -11.160           43.669
  189 (vir)     1          45.823         -12.343          -3.364         -12.563           42.679
  190 (vir)     1          46.413         -11.964          -3.421         -12.525           43.553
  191 (vir)     1          46.765         -11.791          -3.568         -13.150           44.555
  192 (vir)     1          47.320         -11.336          -3.418         -12.766           45.331
  193 (vir)     1          48.104         -11.369          -2.947         -12.109           45.897
  194 (vir)     1          48.974         -12.211          -3.615         -13.554           46.702
  195 (vir)     1          49.308          -7.854          -2.946         -12.205           50.713
  196 (vir)     1          49.675           4.133          -3.021         -12.703           63.490
  197 (vir)     1          50.573         -12.023          -3.316         -12.961           48.194
  198 (vir)     1          50.896           6.645          -3.277         -13.328           67.592
  199 (vir)     1          51.621          -7.042          -3.806         -13.870           54.643
  200 (vir)     1          51.820           4.649          -3.412         -13.269           66.326
  201 (vir)     1          52.008          -6.091          -2.991         -12.408           55.334
  202 (vir)     1          52.337         -12.786          -3.126         -12.780           49.204
  203 (vir)     1          52.639           5.325          -3.416         -13.691           68.239
  204 (vir)     1          53.162          -3.254          -3.786         -14.262           60.384
  205 (vir)     1          53.435          -1.909          -2.911         -12.534           61.149
  206 (vir)     1          54.402           4.592          -2.979         -12.650           68.666
  207 (vir)     1          54.502         -10.589          -2.882         -12.743           53.773
  208 (vir)     1          55.558           4.721          -2.853         -12.367           69.793
  209 (vir)     1          55.714          -1.432          -3.006         -12.837           64.113
  210 (vir)     1          55.806          -0.221          -3.052         -12.950           65.483
  211 (vir)     1          56.441           3.140          -3.239         -13.276           69.618
  212 (vir)     1          56.909           4.554          -3.329         -13.622           71.757
  213 (vir)     1          57.266           5.256          -3.326         -13.698           72.894
  214 (vir)     1          58.194           4.526          -2.952         -13.138           72.906
  215 (vir)     1          58.244           4.923          -2.936         -13.030           73.260
  216 (vir)     1          58.460           4.431          -2.931         -13.018           72.978
  217 (vir)     1          58.597           4.435          -2.950         -13.126           73.208
  218 (vir)     1          59.055         -11.097          -2.906         -13.168           58.219
  219 (vir)     1          59.185         -10.636          -3.145         -13.397           58.802
  220 (vir)     1          59.638           2.830          -3.080         -13.418           72.806
  221 (vir)     1          60.158           3.638          -2.868         -13.139           74.067
  222 (vir)     1          60.468         -11.672          -3.048         -13.457           59.204
  223 (vir)     1          60.688           5.457          -3.207         -13.917           76.855
  224 (vir)     1          61.217           0.945          -3.256         -13.735           72.641
  225 (vir)     1          61.374           4.219          -2.951         -13.162           75.805
  226 (vir)     1          62.017           1.747          -2.965         -13.371           74.171
  227 (vir)     1          62.256           4.702          -2.898         -13.309           77.368
  228 (vir)     1          62.817           4.236          -2.804         -13.654           77.903
  229 (vir)     1          63.066           4.811          -3.018         -13.978           78.837
  230 (vir)     1          64.086           5.240          -2.746         -13.327           79.907
  231 (vir)     1          64.219           4.523          -2.646         -13.087           79.182
  232 (vir)     1          64.897           2.783          -2.957         -13.560           78.284
  233 (vir)     1          65.062           3.948          -2.756         -13.160           79.415
  234 (vir)     1          65.299           3.888          -2.766         -13.401           79.822
  235 (vir)     1          65.385           3.504          -2.628         -13.127           79.387
  236 (vir)     1          65.636           4.757          -3.063         -13.970           81.300
  237 (vir)     1          66.697           5.559          -2.834         -13.622           83.044
  238 (vir)     1          66.915           4.640          -2.674         -13.084           81.965
  239 (vir)     1          67.709           4.553          -2.775         -13.814           83.301
  240 (vir)     1          67.757           4.033          -2.589         -13.351           82.552
  241 (vir)     1          68.132           3.472          -2.609         -13.687           82.683
  242 (vir)     1          68.747           4.031          -2.633         -13.120           83.265
  243 (vir)     1          69.022           5.552          -2.806         -13.550           85.318
  244 (vir)     1          70.241           4.361          -2.701         -13.682           85.584
  245 (vir)     1          71.307           3.872          -2.276         -13.198           86.102
  246 (vir)     1          71.391           4.757          -2.535         -13.453           87.066
  247 (vir)     1          71.876           4.960          -2.838         -13.974           87.972
  248 (vir)     1          72.136           4.031          -2.399         -13.555           87.324
  249 (vir)     1          72.943           4.336          -2.680         -13.708           88.307
  250 (vir)     1          73.350           5.114          -2.949         -14.570           90.084
  251 (vir)     1          73.808           4.078          -2.434         -13.682           89.134
  252 (vir)     1          74.352           4.916          -2.888         -14.358           90.738
  253 (vir)     1          74.739           4.684          -2.381         -13.506           90.548
  254 (vir)     1          75.154           4.193          -2.656         -13.938           90.629
  255 (vir)     1          75.567           4.443          -2.386         -13.469           91.093
  256 (vir)     1          75.754           4.950          -2.997         -14.659           92.366
  257 (vir)     1          76.660           4.945          -2.472         -13.974           93.106
  258 (vir)     1          76.973           4.948          -2.701         -14.155           93.375
  259 (vir)     1          77.307           4.426          -3.119         -15.235           93.850
  260 (vir)     1          77.489           5.224          -2.582         -14.215           94.347
  261 (vir)     1          78.086           4.482          -2.648         -14.078           93.998
  262 (vir)     1          78.171           4.548          -2.711         -14.423           94.431
  263 (vir)     1          79.131           4.606          -2.639         -14.301           95.398
  264 (vir)     1          79.585           4.606          -2.684         -14.515           96.022
  265 (vir)     1          80.444           4.614          -2.709         -14.614           96.962
  266 (vir)     1          81.453           3.910          -2.673         -14.530           97.220
  267 (vir)     1          81.822           3.790          -2.798         -14.822           97.637
  268 (vir)     1          81.925           3.654          -2.717         -14.439           97.302
  269 (vir)     1          82.429           4.328          -2.785         -14.612           98.583
  270 (vir)     1          82.826           3.754          -2.652         -14.595           98.522
  271 (vir)     1          82.937           4.482          -3.092         -15.563           99.890
  272 (vir)     1          83.399           3.811          -2.648         -14.646           99.207
  273 (vir)     1          84.185           4.969          -2.813         -15.160          101.501
  274 (vir)     1          85.167           4.034          -2.497         -14.438          101.141
  275 (vir)     1          85.382           4.006          -2.672         -14.902          101.618
  276 (vir)     1          85.917           3.295          -2.417         -14.123          100.918
  277 (vir)     1          86.008           4.649          -2.667         -15.128          103.120
  278 (vir)     1          86.061           3.904          -2.604         -14.678          102.039
  279 (vir)     1          86.835           3.960          -2.501         -14.157          102.451
  280 (vir)     1          87.328           4.201          -2.647         -14.906          103.788
  281 (vir)     1          87.599           4.274          -2.701         -14.915          104.086
  282 (vir)     1          89.007           4.540          -2.819         -15.552          106.278
  283 (vir)     1          89.286           3.734          -2.784         -15.686          105.921
  284 (vir)     1          90.047           3.708          -2.433         -14.452          105.773
  285 (vir)     1          90.957           3.918          -2.719         -15.409          107.565
  286 (vir)     1          91.184           3.384          -2.716         -15.525          107.377
  287 (vir)     1          91.523           3.510          -2.754         -15.001          107.281
  288 (vir)     1          92.421           3.462          -2.730         -15.486          108.638
  289 (vir)     1          93.022           3.476          -2.669         -15.243          109.071
  290 (vir)     1          93.925           4.119          -2.613         -15.157          110.588
  291 (vir)     1          96.080           3.802          -2.561         -15.149          112.470
  292 (vir)     1          96.662           2.936          -2.585         -15.450          112.463
  293 (vir)     1          97.245           3.140          -2.631         -15.835          113.588
  294 (vir)     1          97.413           3.671          -2.679         -15.446          113.851
  295 (vir)     1          97.997           3.586          -2.407         -14.857          114.033
  296 (vir)     1          98.479           3.371          -2.556         -15.061          114.355
  297 (vir)     1          99.430           2.305          -1.843         -13.237          113.130
  298 (vir)     1         100.059           3.100          -2.268         -14.461          115.352
  299 (vir)     1         101.544           2.839          -2.324         -14.572          116.631
  300 (vir)     1         101.759           3.327          -2.694         -15.625          118.016
  301 (vir)     1         103.681           3.377          -2.545         -15.426          119.939
  302 (vir)     1         105.782           3.259          -2.623         -15.853          122.272
  303 (vir)     1         106.323           3.218          -2.129         -14.437          121.850
  304 (vir)     1         109.388           2.963          -2.873         -16.599          126.076
  305 (vir)     1         110.078           2.952          -2.478         -15.375          125.927
  306 (vir)     1         113.429           2.459          -2.489         -15.589          128.988
  307 (vir)     1         116.878           2.885          -2.454         -16.117          133.426
  308 (vir)     1         117.822           2.917          -2.737         -16.854          134.856
  309 (vir)     1         120.067           2.469          -2.696         -16.622          136.462
  310 (vir)     1         121.051           2.565          -2.659         -16.594          137.551
  311 (vir)     1         122.211           2.460          -2.539         -16.445          138.577
  312 (vir)     1         122.642           2.488          -2.359         -15.970          138.741
  313 (vir)     1         126.960           2.204          -2.505         -16.506          143.164
  314 (vir)     1         130.034           2.330          -2.691         -17.042          146.715
  315 (vir)     1         131.753           2.554          -2.848         -17.750          149.209
  316 (vir)     1         133.062           2.120          -2.679         -17.176          149.678
  317 (vir)     1         137.534           2.247          -2.470         -16.873          154.184
  318 (vir)     1         138.222           2.295          -2.332         -16.496          154.680
  319 (vir)     1         140.885           2.477          -2.400         -16.874          157.836
  320 (vir)     1         143.111           2.332          -2.175         -16.409          159.678
  321 (vir)     1         153.910           2.632          -1.793         -15.876          170.625
  322 (vir)     1         161.987           2.732          -1.563         -15.257          178.412
  323 (vir)     1         163.347           2.697          -1.595         -15.605          180.055
  324 (vir)     1         163.935           2.532          -1.658         -15.855          180.664
  325 (vir)     1         167.055           2.220          -1.465         -14.910          182.720
  326 (vir)     1         209.878           5.029          -1.768         -16.249          229.387
  327 (vir)     1         224.491           5.446          -1.997         -17.375          245.314
  328 (vir)     1         228.775           5.827          -1.892         -17.433          250.143
  329 (vir)     1         237.465           6.331          -1.740         -16.874          258.930
  330 (vir)     1         239.707          10.480          -1.086         -14.350          263.450
  331 (vir)     1         240.946           8.645          -1.220         -15.123          263.493
  332 (vir)     1         241.537          11.956          -1.022         -14.150          266.621
  333 (vir)     1         242.539           3.801          -0.860         -13.690          259.171
  334 (vir)     1         243.466           6.335          -0.843         -13.667          262.625
  335 (vir)     1         245.470           7.419          -1.426         -16.256          267.720
 
