 
  kpoint:       1             coordinate:     0.0000    0.0000    0.0000                  spin:  1
 
    n           k   ϵ_nk^DFT (eV)     Σ^c_nk (eV)     Σ^x_nk (eV)    v_nk^xc (eV)   ϵ_nk^G0W0 (eV)
 
    1 (occ)     1         -23.237           6.222         -23.249         -14.305          -25.959
    2 (occ)     1         -20.616           5.573         -22.508         -14.447          -23.104
    3 (occ)     1         -20.616           5.573         -22.508         -14.447          -23.103
    4 (occ)     1         -20.616           5.574         -22.508         -14.447          -23.103
    5 (occ)     1         -15.563           4.020         -20.326         -14.324          -17.545
    6 (occ)     1         -11.650           1.953         -17.598         -13.498          -13.797
    7 (occ)     1         -11.650           1.955         -17.600         -13.498          -13.797
    8 (occ)     1         -11.650           1.954         -17.599         -13.498          -13.797
    9 (occ)     1          -8.302           1.927         -16.668         -12.291          -10.752
   10 (occ)     1          -8.302           1.926         -16.666         -12.291          -10.751
   11 (occ)     1          -7.753           1.406         -16.304         -12.461          -10.190
   12 (occ)     1          -7.753           1.406         -16.302         -12.461          -10.189
   13 (occ)     1          -7.753           1.405         -16.302         -12.461          -10.189
   14 (occ)     1          -6.878           1.478         -16.903         -12.903           -9.400
   15 (occ)     1          -6.878           1.480         -16.907         -12.903           -9.402
   16 (occ)     1          -6.878           1.479         -16.906         -12.903           -9.402
   17 (vir)     1          -3.515          -2.029          -7.519         -12.333           -0.731
   18 (vir)     1          -1.886          -2.588          -6.855         -12.142            0.813
   19 (vir)     1          -1.886          -2.588          -6.855         -12.142            0.813
   20 (vir)     1          -1.886          -2.588          -6.854         -12.142            0.814
   21 (vir)     1           0.791          -1.407          -1.608          -4.875            2.651
   22 (vir)     1           0.907          -0.826          -0.982          -3.212            2.311
   23 (vir)     1           0.907          -0.826          -0.982          -3.212            2.311
   24 (vir)     1           0.907          -0.826          -0.982          -3.212            2.311
   25 (vir)     1           1.474          -0.654          -0.752          -2.699            2.767
   26 (vir)     1           1.474          -0.654          -0.752          -2.699            2.767
   27 (vir)     1           1.578          -0.806          -1.161          -3.437            3.047
   28 (vir)     1           1.578          -0.806          -1.161          -3.437            3.047
   29 (vir)     1           1.578          -0.806          -1.161          -3.437            3.047
   30 (vir)     1           3.532          -1.778          -2.672          -6.722            5.804
   31 (vir)     1           3.532          -1.778          -2.672          -6.722            5.804
   32 (vir)     1           3.532          -1.779          -2.672          -6.722            5.803
   33 (vir)     1           4.097          -1.595          -3.324          -7.577            6.755
   34 (vir)     1           4.097          -1.595          -3.324          -7.577            6.755
   35 (vir)     1           4.299          -1.574          -2.643          -6.548            6.629
   36 (vir)     1           4.299          -1.574          -2.642          -6.548            6.630
   37 (vir)     1           4.299          -1.573          -2.643          -6.548            6.630
   38 (vir)     1           5.503          -1.783          -2.091          -6.074            7.703
   39 (vir)     1           5.503          -1.783          -2.091          -6.074            7.703
   40 (vir)     1           5.503          -1.783          -2.091          -6.074            7.703
   41 (vir)     1           5.778          -1.572          -2.249          -6.290            8.247
   42 (vir)     1           5.778          -1.572          -2.248          -6.290            8.247
   43 (vir)     1           5.778          -1.572          -2.248          -6.290            8.247
   44 (vir)     1           6.627          -2.667          -2.256          -6.891            8.596
   45 (vir)     1           6.842          -1.604          -2.613          -6.726            9.351
   46 (vir)     1           6.842          -1.603          -2.613          -6.726            9.352
   47 (vir)     1           7.968          -2.730          -2.079          -6.710            9.869
   48 (vir)     1           7.968          -2.716          -2.080          -6.710            9.883
   49 (vir)     1           7.968          -2.716          -2.079          -6.710            9.884
   50 (vir)     1           8.012          -1.910          -0.691          -4.290            9.701
   51 (vir)     1           8.588          -1.927          -1.383          -5.332           10.611
   52 (vir)     1           8.588          -1.927          -1.383          -5.332           10.610
   53 (vir)     1           8.588          -1.927          -1.382          -5.332           10.611
   54 (vir)     1           9.517          -2.319          -1.575          -5.819           11.442
   55 (vir)     1           9.560          -1.845          -1.237          -5.057           11.535
   56 (vir)     1           9.560          -1.845          -1.237          -5.057           11.535
   57 (vir)     1           9.931          -2.112          -1.765          -5.835           11.888
   58 (vir)     1           9.931          -2.115          -1.767          -5.835           11.884
   59 (vir)     1           9.931          -2.116          -1.766          -5.835           11.883
   60 (vir)     1          10.538          -1.681          -0.834          -4.583           12.605
   61 (vir)     1          10.538          -1.679          -0.834          -4.583           12.607
   62 (vir)     1          10.538          -1.680          -0.834          -4.583           12.606
   63 (vir)     1          11.487          -2.292          -1.234          -5.534           13.495
   64 (vir)     1          11.487          -2.290          -1.233          -5.534           13.498
   65 (vir)     1          11.487          -2.288          -1.234          -5.534           13.499
   66 (vir)     1          11.813          -2.131          -2.087          -6.722           14.316
   67 (vir)     1          11.813          -2.131          -2.085          -6.722           14.319
   68 (vir)     1          12.428          -1.834          -0.949          -4.909           14.554
   69 (vir)     1          12.428          -1.831          -0.949          -4.909           14.558
   70 (vir)     1          12.428          -1.832          -0.949          -4.909           14.557
   71 (vir)     1          13.161          -2.579          -1.766          -6.558           15.374
   72 (vir)     1          13.161          -2.579          -1.766          -6.558           15.374
   73 (vir)     1          13.161          -2.581          -1.766          -6.558           15.372
   74 (vir)     1          13.744          -1.761          -1.358          -5.503           16.128
   75 (vir)     1          13.744          -1.761          -1.360          -5.503           16.127
   76 (vir)     1          13.744          -1.761          -1.360          -5.503           16.126
   77 (vir)     1          14.175          -1.519          -1.385          -5.682           16.952
   78 (vir)     1          14.175          -1.516          -1.387          -5.682           16.954
   79 (vir)     1          14.175          -1.520          -1.386          -5.682           16.950
   80 (vir)     1          15.354          -1.897          -0.432          -4.218           17.243
   81 (vir)     1          16.080          -2.690          -2.430          -7.797           18.757
   82 (vir)     1          16.080          -2.688          -2.428          -7.797           18.760
   83 (vir)     1          16.264          -3.610          -0.910          -5.096           16.840
   84 (vir)     1          16.869          -3.621          -2.306          -7.605           18.548
   85 (vir)     1          16.869          -3.574          -2.309          -7.605           18.592
   86 (vir)     1          16.869          -3.616          -2.310          -7.605           18.548
   87 (vir)     1          16.996          -3.308          -1.252          -5.651           18.087
   88 (vir)     1          16.996          -3.449          -1.253          -5.651           17.945
   89 (vir)     1          16.996          -3.394          -1.253          -5.651           18.000
   90 (vir)     1          17.883          -4.010          -2.188          -7.872           19.557
   91 (vir)     1          17.883          -3.670          -2.186          -7.872           19.900
   92 (vir)     1          17.883          -3.656          -2.187          -7.872           19.913
   93 (vir)     1          19.684          -4.445          -1.604          -6.900           20.535
   94 (vir)     1          20.984          -3.688          -2.340          -8.154           23.110
   95 (vir)     1          20.984          -3.681          -2.339          -8.154           23.118
   96 (vir)     1          20.984          -3.690          -2.341          -8.154           23.107
   97 (vir)     1          21.312          -8.876          -3.300         -11.088           20.223
   98 (vir)     1          24.775           0.423          -3.601         -11.949           33.546
   99 (vir)     1          24.775           0.429          -3.603         -11.949           33.550
  100 (vir)     1          24.775           0.423          -3.601         -11.949           33.546
  101 (vir)     1          26.645           2.312          -3.409         -11.254           36.802
  102 (vir)     1          26.645           2.341          -3.411         -11.254           36.829
  103 (vir)     1          26.645          -4.169          -3.409         -11.254           30.321
  104 (vir)     1          27.361          -5.787          -2.200          -8.964           28.338
  105 (vir)     1          27.361          -5.795          -2.201          -8.964           28.330
  106 (vir)     1          27.361          -5.788          -2.203          -8.964           28.334
  107 (vir)     1          29.099          -7.837          -3.325         -11.266           29.204
  108 (vir)     1          29.099          -7.831          -3.334         -11.266           29.200
  109 (vir)     1          29.845          -9.166          -3.029         -11.409           29.059
  110 (vir)     1          30.742          -4.671          -3.031         -11.054           34.094
  111 (vir)     1          30.742          -4.677          -3.031         -11.054           34.088
  112 (vir)     1          30.742          -4.736          -3.035         -11.054           34.025
  113 (vir)     1          31.120           1.263          -3.177         -11.623           40.830
  114 (vir)     1          31.120           1.271          -3.172         -11.623           40.842
  115 (vir)     1          31.120           1.336          -3.182         -11.623           40.897
  116 (vir)     1          31.269          -1.486          -2.999         -11.532           38.316
  117 (vir)     1          31.269          -1.505          -3.006         -11.532           38.291
  118 (vir)     1          33.927           1.412          -2.288          -9.954           43.005
  119 (vir)     1          33.927           1.406          -2.284          -9.954           43.003
  120 (vir)     1          33.927           1.411          -2.282          -9.954           43.010
  121 (vir)     1          41.417          -8.958          -3.819         -14.135           42.775
  122 (vir)     1          41.417          -8.705          -3.821         -14.135           43.026
  123 (vir)     1          43.012           3.168          -3.081         -13.389           56.487
  124 (vir)     1          43.012           3.677          -3.074         -13.389           57.003
  125 (vir)     1          43.012           3.713          -3.073         -13.389           57.040
  126 (vir)     1          52.774           3.485          -2.663         -13.829           67.424
  127 (vir)     1          52.774           3.490          -2.657         -13.829           67.435
  128 (vir)     1          52.774           3.514          -2.661         -13.829           67.455
  129 (vir)     1          71.881           3.772          -1.880         -12.093           85.867
  130 (vir)     1          71.881           3.776          -1.880         -12.093           85.870
  131 (vir)     1          71.881           3.774          -1.876         -12.093           85.872
  132 (vir)     1          72.706           4.149          -1.852         -12.089           87.091
  133 (vir)     1          72.706           4.143          -1.857         -12.089           87.081
  134 (vir)     1          76.889           3.012          -1.667         -11.831           90.065
  135 (vir)     1          76.889           3.023          -1.663         -11.831           90.080
  136 (vir)     1          76.889           2.997          -1.666         -11.831           90.051
  137 (vir)     1          77.859           3.688          -1.330         -11.787           92.004
  138 (vir)     1          80.423           2.500          -1.605         -12.737           94.055
  139 (vir)     1          80.423           2.501          -1.601         -12.737           94.060
  140 (vir)     1          80.423           2.514          -1.602         -12.737           94.072
  141 (vir)     1         105.427         -10.596          -0.649          -8.518          102.701
  142 (vir)     1         110.960          -0.004          -0.701          -8.825          119.080
  143 (vir)     1         110.960           0.734          -0.699          -8.825          119.821
  144 (vir)     1         110.960           1.674          -0.695          -8.825          120.765
  145 (vir)     1         219.212           8.048          -0.739         -12.061          238.581
 
