 
  kpoint:       1             coordinate:     0.0000    0.0000    0.0000                  spin:  1
 
    n           k   ϵ_nk^DFT (eV)     Σ^c_nk (eV)     Σ^x_nk (eV)    v_nk^xc (eV)   ϵ_nk^G0W0 (eV)
 
    1 (occ)     1         -18.493           5.295         -23.806         -14.832          -22.172
    2 (occ)     1         -15.025           3.742         -22.443         -14.707          -19.020
    3 (occ)     1         -10.503           1.593         -19.217         -13.720          -14.408
    4 (occ)     1         -10.503           1.595         -19.220         -13.719          -14.408
    5 (occ)     1          -8.824           1.215         -19.248         -14.680          -12.178
    6 (occ)     1          -8.152           0.982         -18.899         -14.050          -12.019
    7 (occ)     1          -8.151           0.983         -18.902         -14.050          -12.020
    8 (vir)     1          -0.246          -0.591          -1.072          -3.303            1.394
    9 (vir)     1           0.308          -0.491          -0.798          -2.731            1.749
   10 (vir)     1           0.636          -0.425          -0.695          -2.421            1.936
   11 (vir)     1           0.636          -0.426          -0.696          -2.421            1.935
   12 (vir)     1           1.439          -0.315          -0.377          -1.773            2.520
   13 (vir)     1           1.515          -0.397          -0.643          -2.339            2.814
   14 (vir)     1           1.515          -0.395          -0.644          -2.339            2.814
   15 (vir)     1           1.629          -0.269          -0.287          -1.613            2.686
   16 (vir)     1           1.629          -0.270          -0.287          -1.613            2.685
   17 (vir)     1           3.274          -0.381          -0.532          -2.211            4.572
   18 (vir)     1           3.407          -0.674          -1.251          -3.434            4.916
   19 (vir)     1           3.666          -0.915          -1.915          -5.040            5.877
   20 (vir)     1           3.667          -0.914          -1.918          -5.039            5.874
   21 (vir)     1           4.038          -0.305          -0.250          -1.865            5.348
   22 (vir)     1           4.039          -0.305          -0.251          -1.865            5.348
   23 (vir)     1           4.413          -1.024          -2.053          -5.296            6.632
   24 (vir)     1           4.413          -1.022          -2.057          -5.296            6.630
   25 (vir)     1           4.452          -1.231          -2.690          -6.167            6.699
   26 (vir)     1           4.560          -0.685          -1.296          -3.653            6.233
   27 (vir)     1           4.560          -0.686          -1.294          -3.653            6.234
   28 (vir)     1           5.294          -1.389          -2.916          -6.889            7.878
   29 (vir)     1           5.960          -0.949          -1.451          -4.509            8.068
   30 (vir)     1           6.477          -1.048          -1.465          -4.712            8.677
   31 (vir)     1           6.477          -1.048          -1.468          -4.712            8.673
   32 (vir)     1           7.339          -1.079          -1.941          -5.317            9.636
   33 (vir)     1           7.339          -1.075          -1.941          -5.317            9.640
   34 (vir)     1           7.379          -0.526          -0.209          -2.564            9.209
   35 (vir)     1           8.442          -1.065          -1.606          -5.210           10.981
   36 (vir)     1           8.442          -1.068          -1.606          -5.210           10.978
   37 (vir)     1          10.064          -0.779          -0.476          -3.439           12.248
   38 (vir)     1          10.064          -0.780          -0.474          -3.439           12.249
   39 (vir)     1          10.358          -0.750          -0.314          -3.130           12.425
   40 (vir)     1          11.528          -1.174          -0.770          -4.146           13.730
   41 (vir)     1          11.899          -3.791          -3.974         -11.062           15.196
   42 (vir)     1          12.335          -0.976          -0.955          -4.182           14.586
   43 (vir)     1          12.936          -1.932          -2.359          -7.068           15.712
   44 (vir)     1          12.937          -1.933          -2.361          -7.068           15.710
   45 (vir)     1          13.593          -3.177          -3.544         -10.053           16.925
   46 (vir)     1          13.714          -2.518          -2.780          -8.369           16.785
   47 (vir)     1          13.715          -2.524          -2.794          -8.370           16.767
   48 (vir)     1          13.867          -1.321          -0.766          -4.535           16.315
   49 (vir)     1          14.115          -1.220          -0.608          -4.071           16.357
   50 (vir)     1          17.471          -2.368          -0.961          -5.608           19.750
   51 (vir)     1          17.471          -2.358          -0.954          -5.608           19.767
   52 (vir)     1          17.837          -1.905          -1.073          -5.636           20.495
   53 (vir)     1          17.933          -3.155          -2.837          -8.963           20.903
   54 (vir)     1          19.286          -2.038          -1.551          -6.475           22.172
   55 (vir)     1          19.286          -2.039          -1.541          -6.476           22.182
   56 (vir)     1          21.926          -2.272          -1.200          -6.155           24.608
   57 (vir)     1          22.917          -2.933          -1.382          -7.098           25.700
   58 (vir)     1          22.918          -2.931          -1.405          -7.099           25.680
   59 (vir)     1          24.508           0.434          -0.804          -5.401           29.539
   60 (vir)     1          24.575          -3.724          -2.344          -9.049           27.556
   61 (vir)     1          24.575          -3.688          -2.325          -9.049           27.611
   62 (vir)     1          27.132          -2.145          -0.495          -4.994           29.486
   63 (vir)     1          27.193          -3.147          -1.843          -7.327           29.530
   64 (vir)     1          27.195          -3.144          -1.854          -7.328           29.526
   65 (vir)     1          31.730          -4.120          -2.453          -8.969           34.125
   66 (vir)     1          31.730          -4.093          -2.464          -8.969           34.142
   67 (vir)     1          32.273          -5.214          -1.421          -7.590           33.228
   68 (vir)     1          32.274          -5.445          -1.403          -7.590           33.016
   69 (vir)     1          32.602          -4.113          -2.307          -8.531           34.712
   70 (vir)     1          36.712          -5.435          -2.072          -9.413           38.618
   71 (vir)     1          37.217          -6.421          -2.871         -11.084           39.009
   72 (vir)     1          37.218          -6.347          -2.895         -11.085           39.060
   73 (vir)     1          39.311          -8.206          -3.219         -12.474           40.360
   74 (vir)     1          42.647          -9.843          -2.908         -13.270           43.166
   75 (vir)     1          44.709          -7.860          -2.002         -10.211           45.057
   76 (vir)     1          44.709          -7.790          -2.000         -10.210           45.130
   77 (vir)     1          45.874          -9.936          -2.925         -11.924           44.936
   78 (vir)     1          45.876         -10.053          -2.938         -11.924           44.809
   79 (vir)     1          51.669         -11.011          -2.330         -11.619           49.947
   80 (vir)     1          54.404         -10.631          -2.582         -12.618           53.809
   81 (vir)     1          54.406         -10.975          -2.569         -12.618           53.481
   82 (vir)     1          56.355         -11.069          -2.506         -13.964           56.744
   83 (vir)     1          58.044           4.459          -2.101         -11.894           72.296
   84 (vir)     1          58.046           4.198          -2.084         -11.894           72.055
   85 (vir)     1          61.328          -1.654          -2.169         -11.763           69.268
   86 (vir)     1          63.513           4.069          -2.504         -13.484           78.562
   87 (vir)     1          63.515           3.908          -2.561         -13.485           78.347
   88 (vir)     1          64.492           4.002          -2.423         -13.288           79.359
   89 (vir)     1          64.492           3.928          -2.497         -13.288           79.211
   90 (vir)     1          67.005           3.947          -2.555         -13.599           81.995
   91 (vir)     1          67.608           3.393          -2.069         -12.798           81.729
   92 (vir)     1          69.589           3.333          -2.332         -13.491           84.082
   93 (vir)     1          69.593           3.541          -2.375         -13.491           84.251
   94 (vir)     1          72.710           3.182          -1.672         -12.163           86.384
   95 (vir)     1          73.361           4.286          -1.929         -13.582           89.300
   96 (vir)     1          73.362           4.091          -1.856         -13.582           89.179
   97 (vir)     1          78.084           3.243          -2.232         -14.188           93.283
   98 (vir)     1          78.086           3.101          -2.254         -14.188           93.121
   99 (vir)     1          82.315           3.157          -2.275         -13.925           97.121
  100 (vir)     1          97.123           2.504          -2.127         -14.735          112.235
  101 (vir)     1          97.128           2.627          -2.187         -14.735          112.303
  102 (vir)     1          98.514           2.332          -2.161         -15.074          113.759
  103 (vir)     1         110.590           2.174          -1.748         -14.067          125.084
  104 (vir)     1         110.594           2.076          -1.687         -14.068          125.051
  105 (vir)     1         154.903           2.686          -1.612         -15.417          171.394
  106 (vir)     1         162.537           2.560          -1.636         -15.873          179.334
  107 (vir)     1         162.539           2.619          -1.624         -15.873          179.407
  108 (vir)     1         163.238           2.587          -1.639         -15.873          180.059
  109 (vir)     1         163.242           2.647          -1.617         -15.872          180.145
  110 (vir)     1         165.230           2.716          -1.663         -16.157          182.439
  111 (vir)     1         197.300           3.259          -0.844         -12.557          212.273
  112 (vir)     1         238.375           4.595          -0.721         -13.345          255.594
 
