 
  kpoint:       1             coordinate:     0.0000    0.0000    0.0000                  spin:  1
 
    n           k   ϵ_nk^DFT (eV)     Σ^c_nk (eV)     Σ^x_nk (eV)    v_nk^xc (eV)   ϵ_nk^G0W0 (eV)
 
    1 (occ)     1         -20.784           7.310         -24.956         -15.287          -23.143
    2 (occ)     1         -19.380           6.621         -24.699         -15.513          -21.944
    3 (occ)     1         -19.359           6.615         -24.678         -15.509          -21.913
    4 (occ)     1         -17.242           5.575         -24.202         -15.782          -20.087
    5 (occ)     1         -16.277           4.887         -22.785         -15.125          -19.051
    6 (occ)     1         -13.934           3.832         -22.085         -15.338          -16.848
    7 (occ)     1         -13.889           3.816         -22.059         -15.316          -16.817
    8 (occ)     1         -12.461           2.896         -19.967         -14.047          -15.484
    9 (occ)     1         -11.150           2.488         -20.080         -14.587          -14.154
   10 (occ)     1         -11.130           2.486         -20.099         -14.598          -14.145
   11 (occ)     1         -11.058           2.736         -21.544         -16.236          -13.630
   12 (occ)     1         -11.001           2.617         -20.369         -14.534          -14.219
   13 (occ)     1         -10.437           2.699         -19.489         -14.318          -12.909
   14 (occ)     1          -8.797           1.878         -19.828         -15.187          -11.559
   15 (occ)     1          -8.753           1.871         -19.784         -15.167          -11.500
   16 (occ)     1          -7.944           1.547         -19.351         -14.909          -10.839
   17 (occ)     1          -7.597           1.443         -17.467         -13.471          -10.150
   18 (occ)     1          -6.688           0.752         -16.575         -13.419           -9.092
   19 (occ)     1          -6.682           0.740         -16.535         -13.412           -9.066
   20 (occ)     1          -5.287           0.087         -15.674         -13.188           -7.686
   21 (vir)     1          -2.300          -2.313          -7.840         -12.870            0.417
   22 (vir)     1          -0.643          -2.306          -5.682         -10.377            1.746
   23 (vir)     1          -0.628          -2.286          -5.613         -10.265            1.738
   24 (vir)     1          -0.368          -0.898          -1.294          -3.628            1.067
   25 (vir)     1           0.116          -1.054          -1.796          -4.282            1.548
   26 (vir)     1           0.120          -1.081          -1.858          -4.389            1.570
   27 (vir)     1           0.312          -0.720          -0.836          -2.797            1.553
   28 (vir)     1           0.681          -1.112          -1.862          -4.397            2.104
   29 (vir)     1           0.912          -0.582          -0.533          -2.149            1.947
   30 (vir)     1           0.914          -0.704          -0.786          -2.659            2.084
   31 (vir)     1           0.915          -0.686          -0.753          -2.591            2.067
   32 (vir)     1           1.056          -2.850          -4.955         -10.130            3.381
   33 (vir)     1           1.083          -0.708          -0.809          -2.720            2.285
   34 (vir)     1           1.688          -0.707          -0.774          -2.640            2.848
   35 (vir)     1           1.760          -0.620          -0.647          -2.313            2.806
   36 (vir)     1           1.761          -0.619          -0.643          -2.306            2.805
   37 (vir)     1           1.865          -0.619          -0.537          -2.251            2.961
   38 (vir)     1           2.285          -0.603          -0.584          -2.361            3.460
   39 (vir)     1           2.355          -0.582          -0.635          -2.198            3.336
   40 (vir)     1           2.360          -0.582          -0.636          -2.198            3.340
   41 (vir)     1           2.987          -0.883          -1.289          -3.469            4.284
   42 (vir)     1           3.026          -0.804          -1.087          -3.022            4.156
   43 (vir)     1           3.052          -0.393          -0.249          -1.412            3.822
   44 (vir)     1           3.112          -0.955          -1.192          -3.394            4.360
   45 (vir)     1           3.120          -0.942          -1.164          -3.350            4.364
   46 (vir)     1           3.420          -0.843          -1.006          -3.115            4.686
   47 (vir)     1           3.426          -0.835          -0.988          -3.081            4.684
   48 (vir)     1           3.661          -0.488          -0.459          -1.811            4.526
   49 (vir)     1           3.772          -1.693          -3.190          -6.909            5.798
   50 (vir)     1           4.047          -1.284          -1.837          -4.752            5.678
   51 (vir)     1           4.067          -0.870          -1.061          -3.182            5.318
   52 (vir)     1           4.298          -1.274          -1.578          -4.299            5.745
   53 (vir)     1           4.353          -1.678          -2.321          -5.740            6.094
   54 (vir)     1           4.358          -1.669          -2.299          -5.703            6.093
   55 (vir)     1           4.632          -1.983          -3.889          -7.983            6.743
   56 (vir)     1           4.778          -1.742          -2.344          -5.802            6.494
   57 (vir)     1           4.800          -1.184          -1.621          -4.402            6.397
   58 (vir)     1           4.814          -1.168          -1.599          -4.353            6.400
   59 (vir)     1           5.587          -0.970          -1.038          -3.389            6.968
   60 (vir)     1           5.608          -0.962          -1.012          -3.357            6.992
   61 (vir)     1           5.821          -1.278          -1.443          -4.441            7.541
   62 (vir)     1           5.907          -1.300          -1.300          -4.286            7.593
   63 (vir)     1           6.311          -1.318          -1.165          -4.213            8.041
   64 (vir)     1           6.391          -0.959          -0.866          -3.422            7.988
   65 (vir)     1           6.579          -1.603          -2.031          -5.486            8.431
   66 (vir)     1           6.586          -1.601          -2.027          -5.483            8.441
   67 (vir)     1           6.656          -1.448          -1.403          -4.532            8.337
   68 (vir)     1           7.050          -1.370          -1.216          -4.267            8.731
   69 (vir)     1           7.055          -1.350          -1.191          -4.215            8.729
   70 (vir)     1           7.609          -1.416          -1.613          -4.876            9.455
   71 (vir)     1           7.705          -1.353          -1.473          -4.552            9.431
   72 (vir)     1           7.736          -1.346          -1.465          -4.536            9.461
   73 (vir)     1           8.190          -1.076          -0.902          -3.667            9.879
   74 (vir)     1           8.208          -1.833          -1.142          -4.663            9.896
   75 (vir)     1           8.365          -1.903          -1.911          -5.729           10.280
   76 (vir)     1           8.401          -1.883          -1.921          -5.736           10.333
   77 (vir)     1           8.526          -2.973          -3.325          -8.495           10.724
   78 (vir)     1           8.555          -3.036          -3.430          -8.676           10.766
   79 (vir)     1           8.913          -2.405          -1.400          -5.463           10.571
   80 (vir)     1           9.307          -2.160          -2.991          -7.379           11.536
   81 (vir)     1           9.334          -2.218          -2.213          -6.433           11.336
   82 (vir)     1           9.521          -2.717          -3.809          -8.887           11.882
   83 (vir)     1           9.662          -2.246          -2.639          -6.985           11.763
   84 (vir)     1           9.677          -1.590          -1.156          -4.677           11.609
   85 (vir)     1           9.694          -2.216          -2.613          -6.950           11.814
   86 (vir)     1          10.107          -1.919          -1.463          -5.273           11.998
   87 (vir)     1          10.144          -1.924          -1.462          -5.280           12.038
   88 (vir)     1          10.670          -3.829          -4.184         -10.256           12.912
   89 (vir)     1          11.195          -2.251          -2.024          -6.355           13.275
   90 (vir)     1          11.922          -1.600          -1.092          -4.353           13.584
   91 (vir)     1          11.939          -1.550          -1.063          -4.293           13.620
   92 (vir)     1          12.144          -2.862          -2.444          -7.312           14.150
   93 (vir)     1          12.196          -3.206          -1.763          -6.608           13.834
   94 (vir)     1          12.283          -1.757          -1.231          -4.944           14.240
   95 (vir)     1          12.608          -2.588          -2.598          -7.436           14.858
   96 (vir)     1          12.651          -2.622          -2.636          -7.495           14.887
   97 (vir)     1          13.239          -2.684          -2.373          -7.160           15.343
   98 (vir)     1          13.272          -2.693          -2.360          -7.142           15.360
   99 (vir)     1          13.433          -3.960          -2.240          -7.632           14.865
  100 (vir)     1          13.956          -2.828          -2.096          -7.067           16.099
  101 (vir)     1          14.057          -3.552          -2.821          -8.624           16.308
  102 (vir)     1          14.534          -2.751          -2.169          -7.083           16.696
  103 (vir)     1          14.887          -3.215          -2.462          -7.835           17.044
  104 (vir)     1          15.267          -4.348          -3.541         -10.341           17.719
  105 (vir)     1          15.280          -4.349          -3.538         -10.348           17.741
  106 (vir)     1          15.394          -2.698          -1.718          -6.692           17.669
  107 (vir)     1          15.646          -2.490          -1.636          -6.369           17.889
  108 (vir)     1          16.091          -5.162          -4.119         -11.945           18.755
  109 (vir)     1          16.153          -4.203          -2.872          -9.362           18.440
  110 (vir)     1          16.170          -4.172          -2.879          -9.348           18.467
  111 (vir)     1          16.283          -3.200          -1.968          -7.307           18.422
  112 (vir)     1          16.653          -3.369          -2.660          -8.467           19.091
  113 (vir)     1          17.035          -3.263          -1.637          -6.894           19.029
  114 (vir)     1          17.065          -3.299          -1.644          -6.910           19.032
  115 (vir)     1          18.007          -3.231          -1.547          -6.451           19.680
  116 (vir)     1          18.196          -2.394          -1.481          -5.863           20.183
  117 (vir)     1          18.363          -3.461          -2.231          -7.978           20.648
  118 (vir)     1          18.383          -3.406          -2.006          -7.630           20.601
  119 (vir)     1          18.414          -3.403          -2.105          -7.781           20.686
  120 (vir)     1          18.655          -4.227          -3.073          -9.840           21.195
  121 (vir)     1          19.050          -3.530          -2.138          -7.647           21.030
  122 (vir)     1          19.121          -3.540          -2.113          -7.548           21.017
  123 (vir)     1          19.560          -3.501          -1.652          -7.030           21.438
  124 (vir)     1          19.591          -3.602          -1.668          -7.070           21.392
  125 (vir)     1          19.831          -2.973          -1.331          -6.618           22.145
  126 (vir)     1          21.202          -3.582          -1.881          -7.687           23.426
  127 (vir)     1          21.389          -2.775          -1.559          -6.771           23.825
  128 (vir)     1          21.441          -3.506          -2.058          -7.859           23.736
  129 (vir)     1          21.459          -3.476          -2.016          -7.752           23.719
  130 (vir)     1          21.616          -4.743          -1.699          -7.812           22.986
  131 (vir)     1          22.430          -3.715          -1.621          -7.142           24.237
  132 (vir)     1          22.481          -4.043          -1.587          -7.466           24.317
  133 (vir)     1          22.522          -3.970          -1.533          -7.367           24.387
  134 (vir)     1          22.790          -3.533          -1.532          -7.092           24.818
  135 (vir)     1          22.830          -3.508          -1.532          -7.086           24.876
  136 (vir)     1          23.103          -3.421          -1.232          -6.758           25.209
  137 (vir)     1          23.513          -4.541          -2.096          -8.195           25.071
  138 (vir)     1          24.073          -3.804          -1.475          -7.325           26.120
  139 (vir)     1          24.106          -3.754          -1.504          -7.393           26.241
  140 (vir)     1          24.205          -4.605          -1.493          -7.889           25.996
  141 (vir)     1          24.971          -4.148          -1.855          -7.771           26.740
  142 (vir)     1          25.031          -4.152          -1.862          -7.791           26.808
  143 (vir)     1          26.062          -3.951          -2.316          -8.447           28.241
  144 (vir)     1          26.543          -4.911          -2.203          -9.475           28.905
  145 (vir)     1          26.680          -4.697          -1.739          -7.927           28.172
  146 (vir)     1          26.757          -4.467          -1.633          -7.628           28.285
  147 (vir)     1          27.575          -4.438          -1.714          -7.652           29.076
  148 (vir)     1          27.984          -5.988          -2.648          -9.844           29.192
  149 (vir)     1          28.295          -3.680          -1.924          -8.412           31.104
  150 (vir)     1          28.333          -3.698          -1.898          -8.347           31.085
  151 (vir)     1          29.687          -6.187          -1.897          -8.457           30.059
  152 (vir)     1          29.774          -6.284          -1.923          -8.475           30.042
  153 (vir)     1          29.885          -4.522          -1.042          -6.660           30.980
  154 (vir)     1          29.993          -4.293          -1.600          -7.594           31.694
  155 (vir)     1          30.026          -4.524          -2.075          -8.413           31.840
  156 (vir)     1          30.083          -4.369          -1.646          -7.717           31.784
  157 (vir)     1          30.293          -4.926          -1.483          -7.503           31.387
  158 (vir)     1          31.957          -6.397          -1.920          -8.751           32.390
  159 (vir)     1          32.038          -7.140          -1.772          -8.426           31.552
  160 (vir)     1          32.060          -7.268          -1.705          -8.259           31.345
  161 (vir)     1          32.518          -5.214          -1.763          -8.022           33.564
  162 (vir)     1          32.597          -5.328          -1.758          -8.045           33.556
  163 (vir)     1          34.106          -7.484          -2.147          -9.712           34.186
  164 (vir)     1          34.215          -7.445          -2.160          -9.756           34.367
  165 (vir)     1          34.687          -6.362          -1.887          -8.722           35.161
  166 (vir)     1          34.796          -8.701          -2.252          -9.928           33.772
  167 (vir)     1          35.984          -5.570          -1.975          -8.790           37.229
  168 (vir)     1          36.459          -6.682          -2.066          -9.110           36.822
  169 (vir)     1          36.627          -6.622          -2.306          -9.670           37.369
  170 (vir)     1          36.653           1.847          -2.551         -10.229           46.178
  171 (vir)     1          37.753          -6.170          -1.503          -8.204           38.285
  172 (vir)     1          37.856          -6.226          -1.515          -8.228           38.342
  173 (vir)     1          38.326          -8.990          -1.725          -9.194           36.804
  174 (vir)     1          38.505          -7.064          -1.522          -8.204           38.123
  175 (vir)     1          38.573          -7.125          -1.533          -8.244           38.158
  176 (vir)     1          39.280          -6.232          -1.346          -8.119           39.821
  177 (vir)     1          40.164          -7.359          -1.007          -7.119           38.917
  178 (vir)     1          41.251          -7.902          -1.966          -9.577           40.960
  179 (vir)     1          41.332          -8.984          -1.849          -9.767           40.267
  180 (vir)     1          42.356          -9.994          -2.803         -11.969           41.527
  181 (vir)     1          42.758         -10.573          -2.894         -11.225           40.515
  182 (vir)     1          43.665         -10.114          -2.545         -11.028           42.035
  183 (vir)     1          44.874         -10.218          -2.667         -11.340           43.329
  184 (vir)     1          44.960         -10.146          -2.672         -11.387           43.529
  185 (vir)     1          45.945         -10.087          -2.475         -11.057           44.440
  186 (vir)     1          46.063          -9.669          -2.206         -10.357           44.544
  187 (vir)     1          46.079          -9.831          -2.199         -10.391           44.439
  188 (vir)     1          46.135          -9.147          -2.516         -11.271           45.742
  189 (vir)     1          47.598          -8.026          -1.324          -8.620           46.868
  190 (vir)     1          48.334          -8.999          -2.400         -11.094           48.030
  191 (vir)     1          48.356          -8.702          -2.365         -11.043           48.331
  192 (vir)     1          48.690          -8.472          -2.187         -11.349           49.381
  193 (vir)     1          48.905         -10.149          -2.779         -12.058           48.034
  194 (vir)     1          50.540           3.667          -2.228         -11.054           63.033
  195 (vir)     1          50.685         -10.224          -2.206         -11.086           49.341
  196 (vir)     1          51.314         -11.888          -2.962         -12.934           49.398
  197 (vir)     1          51.545           4.308          -2.767         -12.609           65.695
  198 (vir)     1          51.644           4.196          -2.743         -12.557           65.654
  199 (vir)     1          53.718           4.237          -2.825         -12.547           67.677
  200 (vir)     1          53.791           4.211          -2.830         -12.547           67.720
  201 (vir)     1          54.743         -12.118          -2.223         -11.242           51.645
  202 (vir)     1          55.853           3.838          -2.758         -12.793           69.726
  203 (vir)     1          56.578           4.398          -2.489         -12.085           70.572
  204 (vir)     1          56.659           4.517          -2.495         -12.081           70.762
  205 (vir)     1          57.953           4.413          -2.303         -12.729           72.793
  206 (vir)     1          58.565           3.458          -2.062         -11.524           71.486
  207 (vir)     1          58.661           3.488          -2.001         -11.464           71.612
  208 (vir)     1          58.914           4.971          -2.652         -12.891           74.124
  209 (vir)     1          59.388           2.904          -3.043         -13.862           73.110
  210 (vir)     1          59.529           2.164          -1.914         -11.183           70.962
  211 (vir)     1          59.620           4.543          -1.938         -11.228           73.452
  212 (vir)     1          61.278           3.879          -2.357         -12.682           75.482
  213 (vir)     1          61.632           3.843          -2.192         -12.240           75.523
  214 (vir)     1          62.652           3.606          -2.417         -12.517           76.358
  215 (vir)     1          62.717           3.663          -2.458         -12.710           76.632
  216 (vir)     1          62.793           4.273          -2.580         -13.172           77.657
  217 (vir)     1          63.235           4.258          -2.355         -12.641           77.778
  218 (vir)     1          63.942           3.644          -2.126         -12.363           77.823
  219 (vir)     1          64.493           3.822          -2.193         -12.186           78.309
  220 (vir)     1          64.555           4.033          -2.195         -12.144           78.537
  221 (vir)     1          66.287           3.894          -2.600         -13.545           81.125
  222 (vir)     1          66.696           3.859          -2.304         -13.262           81.513
  223 (vir)     1          66.739           3.884          -2.273         -13.264           81.613
  224 (vir)     1          67.251           4.381          -2.202         -12.954           82.383
  225 (vir)     1          67.339           3.784          -1.966         -12.015           81.171
  226 (vir)     1          67.499           3.603          -1.973         -11.877           81.007
  227 (vir)     1          69.277           4.035          -2.392         -13.721           84.641
  228 (vir)     1          70.018           3.669          -1.872         -11.777           83.591
  229 (vir)     1          70.243           4.153          -2.259         -13.506           85.644
  230 (vir)     1          70.274           4.864          -2.133         -13.609           86.614
  231 (vir)     1          70.304           4.652          -2.199         -13.638           86.394
  232 (vir)     1          70.523           3.909          -2.400         -13.989           86.022
  233 (vir)     1          70.609           3.846          -2.446         -13.971           85.980
  234 (vir)     1          71.850           4.813          -1.888         -12.920           87.695
  235 (vir)     1          72.295           3.323          -1.828         -11.728           85.518
  236 (vir)     1          72.668           3.462          -1.975         -12.753           86.909
  237 (vir)     1          73.149           3.803          -1.875         -12.339           87.416
  238 (vir)     1          73.224           3.908          -1.857         -12.332           87.608
  239 (vir)     1          73.683           3.537          -1.997         -12.709           87.932
  240 (vir)     1          74.232           5.154          -1.659         -12.990           90.718
  241 (vir)     1          74.846           3.396          -1.953         -12.788           89.076
  242 (vir)     1          74.898           3.621          -1.885         -12.840           89.473
  243 (vir)     1          74.968           4.740          -1.740         -13.148           91.117
  244 (vir)     1          75.002           3.771          -1.898         -12.891           89.767
  245 (vir)     1          75.040           4.703          -1.753         -13.158           91.146
  246 (vir)     1          76.303           3.641          -2.077         -12.781           90.648
  247 (vir)     1          76.955           3.850          -1.941         -13.054           91.918
  248 (vir)     1          77.038           3.982          -2.098         -13.302           92.223
  249 (vir)     1          78.682           3.891          -2.370         -14.296           94.500
  250 (vir)     1          78.733           4.053          -2.540         -14.744           94.990
  251 (vir)     1          78.841           3.781          -2.155         -13.724           94.190
  252 (vir)     1          80.498           3.617          -1.911         -13.288           95.491
  253 (vir)     1          80.657           3.667          -1.910         -13.217           95.631
  254 (vir)     1          82.086           3.306          -1.957         -13.163           96.599
  255 (vir)     1          82.260           3.230          -1.960         -13.114           96.643
  256 (vir)     1          82.891           4.734          -1.987         -14.187           99.825
  257 (vir)     1          83.404           3.761          -1.984         -13.898           99.079
  258 (vir)     1          86.968           3.509          -1.881         -13.534          102.131
  259 (vir)     1          87.815           3.147          -2.410         -14.365          102.917
  260 (vir)     1          88.149           3.134          -1.989         -13.535          102.828
  261 (vir)     1          88.226           2.584          -1.685         -12.602          101.727
  262 (vir)     1          88.524           3.217          -2.282         -14.106          103.565
  263 (vir)     1          88.684           3.219          -2.260         -14.166          103.809
  264 (vir)     1          90.382           2.636          -1.690         -13.022          104.351
  265 (vir)     1          90.609           2.661          -1.700         -13.063          104.633
  266 (vir)     1          91.753           2.924          -2.461         -15.133          107.349
  267 (vir)     1          92.782           2.469          -1.584         -12.415          106.083
  268 (vir)     1          93.013           2.168          -1.535         -12.432          106.078
  269 (vir)     1          94.293           2.299          -1.741         -13.025          107.875
  270 (vir)     1          94.523           2.260          -1.735         -13.012          108.061
  271 (vir)     1          97.713           2.684          -2.205         -14.730          112.922
  272 (vir)     1          97.811           2.717          -2.201         -14.725          113.052
  273 (vir)     1          99.990           3.066          -2.201         -14.965          115.819
  274 (vir)     1         101.164           2.284          -1.763         -13.679          115.364
  275 (vir)     1         101.360           2.498          -1.845         -14.064          116.076
  276 (vir)     1         101.395           2.493          -1.862         -14.111          116.136
  277 (vir)     1         103.471           2.743          -2.234         -15.362          119.341
  278 (vir)     1         105.136           1.697          -1.703         -13.876          119.006
  279 (vir)     1         105.756           2.520          -1.838         -14.388          120.826
  280 (vir)     1         105.964           2.520          -1.852         -14.336          120.968
  281 (vir)     1         116.469           2.054          -1.681         -14.293          131.135
  282 (vir)     1         116.764           1.999          -1.768         -14.314          131.309
  283 (vir)     1         117.844           2.143          -1.804         -14.540          132.724
  284 (vir)     1         117.945           2.195          -1.812         -14.514          132.843
  285 (vir)     1         127.074           1.722          -1.714         -14.739          141.820
  286 (vir)     1         132.199           1.537          -1.250         -13.211          145.696
  287 (vir)     1         135.310           1.853          -1.779         -15.365          150.749
  288 (vir)     1         153.625           2.395          -1.751         -15.999          170.268
  289 (vir)     1         161.598           2.513          -1.680         -16.014          178.445
  290 (vir)     1         161.636           2.528          -1.682         -16.013          178.496
  291 (vir)     1         161.856           2.555          -1.665         -15.982          178.728
  292 (vir)     1         165.320           2.525          -1.577         -15.771          182.038
  293 (vir)     1         165.398           2.564          -1.580         -15.770          182.152
  294 (vir)     1         165.433           2.539          -1.579         -15.767          182.160
  295 (vir)     1         167.157           2.383          -1.554         -15.751          183.737
  296 (vir)     1         171.708           1.191          -1.354         -15.120          186.665
  297 (vir)     1         206.554           5.455          -0.630         -12.439          223.819
  298 (vir)     1         237.329           8.895          -0.560         -13.351          259.016
  299 (vir)     1         239.113           8.280          -0.554         -13.272          260.111
  300 (vir)     1         239.174           9.158          -0.504         -13.273          261.102
  301 (vir)     1         244.837           9.530          -0.578         -13.583          267.373
  302 (vir)     1         244.871          11.022          -0.496         -13.585          268.983
  303 (vir)     1         246.691           9.715          -0.531         -13.553          269.428
  304 (vir)     1         247.036           9.751          -0.533         -13.601          269.855
 
