 
  kpoint:       1             coordinate:     0.0000    0.0000    0.0000                  spin:  1
 
    n           k   ϵ_nk^DFT (eV)     Σ^c_nk (eV)     Σ^x_nk (eV)    v_nk^xc (eV)   ϵ_nk^G0W0 (eV)
 
    1 (occ)     1         -34.452          11.230         -33.869         -21.023          -36.068
    2 (occ)     1         -27.541           9.898         -32.284         -21.163          -28.764
    3 (occ)     1         -19.283           6.649         -30.651         -20.506          -22.779
    4 (occ)     1         -14.842           3.701         -25.098         -18.948          -17.291
    5 (occ)     1         -14.601           3.119         -27.267         -20.416          -18.333
    6 (occ)     1         -14.370           4.303         -27.332         -19.752          -17.647
    7 (occ)     1          -9.055           0.041         -22.917         -19.188          -12.742
    8 (occ)     1          -8.007           3.064         -26.886         -20.129          -11.700
    9 (occ)     1          -7.821           2.692         -26.514         -20.043          -11.601
   10 (vir)     1          -6.022          -0.621         -15.147         -20.208           -1.582
   11 (vir)     1           0.279          -3.395         -11.999         -19.925            4.810
   12 (vir)     1           2.497          -3.671         -11.306         -19.313            6.833
   13 (vir)     1           9.294          -2.649          -4.317         -10.613           12.941
   14 (vir)     1           9.310          -2.110          -3.680          -9.563           13.084
   15 (vir)     1          11.693          -3.288          -4.296         -11.576           15.686
   16 (vir)     1          13.603          -2.266          -5.405         -12.380           18.312
   17 (vir)     1          14.865          -2.410          -4.431         -11.282           19.307
   18 (vir)     1          15.764          -1.419          -3.899         -11.340           21.786
   19 (vir)     1          15.856          -2.435          -3.783         -10.315           19.954
   20 (vir)     1          17.471          -3.401          -3.282         -10.502           21.290
   21 (vir)     1          19.360          -2.524          -3.841         -10.742           23.737
   22 (vir)     1          19.668          -2.704          -4.464         -11.341           23.842
   23 (vir)     1          26.870          -4.654          -5.587         -13.854           30.483
   24 (vir)     1          27.212          -2.198          -5.987         -14.082           33.109
   25 (vir)     1          28.483           0.412          -6.163         -14.812           37.544
   26 (vir)     1          34.099           1.808          -6.002         -15.090           44.994
   27 (vir)     1          34.383           2.006          -5.238         -14.049           45.200
   28 (vir)     1          38.055           1.426          -5.486         -14.558           48.553
   29 (vir)     1          38.665           2.823          -5.371         -14.678           50.795
   30 (vir)     1          41.867           3.496          -4.940         -14.604           55.026
   31 (vir)     1          43.945           3.564          -4.779         -14.801           57.530
   32 (vir)     1          48.521           1.855          -5.196         -15.158           60.338
   33 (vir)     1          51.710           1.563          -3.770         -13.188           62.691
   34 (vir)     1          52.740           2.713          -4.292         -14.292           65.453
   35 (vir)     1          56.405           1.517          -5.839         -17.485           69.568
   36 (vir)     1          58.093           3.446          -4.323         -15.092           72.308
   37 (vir)     1          61.298           2.254          -6.183         -18.549           75.917
   38 (vir)     1          62.325           2.312          -4.271         -15.574           75.940
   39 (vir)     1          68.155           2.143          -4.785         -16.307           81.820
   40 (vir)     1          75.258           1.601          -3.842         -14.648           87.665
   41 (vir)     1          93.685           2.386          -1.973         -12.783          106.882
   42 (vir)     1         100.338           2.994          -2.884         -15.133          115.581
   43 (vir)     1         106.083           3.772          -3.237         -16.991          123.609
   44 (vir)     1         116.925           2.582          -2.834         -16.608          133.280
   45 (vir)     1         118.383           3.409          -3.313         -18.088          136.567
   46 (vir)     1         118.599           2.812          -3.252         -17.465          135.625
   47 (vir)     1         125.362           2.628          -3.432         -18.988          143.547
   48 (vir)     1         125.511           2.168          -3.725         -18.907          142.860
   49 (vir)     1         125.581           2.180          -3.744         -18.980          142.997
   50 (vir)     1         168.595           1.320          -5.351         -22.967          187.531
   51 (vir)     1         168.856           0.882          -5.279         -22.809          187.268
   52 (vir)     1         171.393           1.150          -5.299         -23.054          190.297
   53 (vir)     1         172.666           0.929          -5.578         -23.233          191.250
   54 (vir)     1         173.911           1.002          -5.176         -23.018          192.755
   55 (vir)     1         174.146           1.395          -5.344         -23.175          193.370
   56 (vir)     1         174.608           1.079          -5.043         -23.084          193.728
   57 (vir)     1         175.122           1.212          -5.043         -23.047          194.338
   58 (vir)     1         175.264           1.991          -4.633         -22.384          195.006
   59 (vir)     1         178.026           1.073          -4.756         -22.532          196.876
   60 (vir)     1         179.441           1.233          -4.794         -22.789          198.669
   61 (vir)     1         179.706           1.256          -5.046         -22.817          198.732
   62 (vir)     1         180.008           1.301          -5.205         -23.301          199.404
   63 (vir)     1         183.712           1.428          -4.766         -22.590          202.964
   64 (vir)     1         184.477           1.522          -4.585         -22.079          203.494
   65 (vir)     1         195.883           1.150          -3.059         -18.227          212.201
   66 (vir)     1         196.622          -0.475          -3.133         -18.428          211.442
   67 (vir)     1         198.935           1.155          -3.330         -18.995          215.756
   68 (vir)     1         200.019           1.608          -3.280         -18.973          217.321
   69 (vir)     1         204.038           0.840          -3.305         -19.503          221.076
   70 (vir)     1         205.863           0.981          -3.423         -19.327          222.748
   71 (vir)     1         209.403           0.848          -3.203         -19.497          226.545
   72 (vir)     1         214.555           0.795          -3.499         -20.737          232.589
   73 (vir)     1         226.049           0.203          -3.522         -20.825          243.556
   74 (vir)     1         226.177           1.337          -3.462         -20.837          244.889
   75 (vir)     1         228.151           0.638          -3.438         -20.842          246.193
   76 (vir)     1         228.773           0.612          -3.344         -20.777          246.818
   77 (vir)     1         234.739           0.965          -3.144         -20.556          253.116
   78 (vir)     1         237.538          -0.663          -3.590         -21.587          254.873
   79 (vir)     1         237.859           0.890          -3.180         -20.295          255.865
   80 (vir)     1         238.219           0.812          -3.575         -21.643          257.100
   81 (vir)     1         240.590           1.399          -3.691         -22.083          260.381
   82 (vir)     1         242.011           0.191          -3.534         -21.692          260.360
   83 (vir)     1         244.906           0.908          -3.405         -21.860          264.269
   84 (vir)     1         245.246           1.722          -3.569         -22.186          265.585
   85 (vir)     1         246.160           0.200          -3.572         -22.004          264.793
   86 (vir)     1         246.296           2.203          -2.872         -18.888          264.516
   87 (vir)     1         248.083           0.659          -3.465         -21.953          267.231
 
