 
  kpoint:       1             coordinate:     0.0000    0.0000    0.0000                  spin:  1
 
    n           k   ϵ_nk^DFT (eV)     Σ^c_nk (eV)     Σ^x_nk (eV)    v_nk^xc (eV)   ϵ_nk^G0W0 (eV)
 
    1 (occ)     1         -26.014           9.768         -30.604         -18.538          -28.311
    2 (occ)     1         -24.346           8.639         -29.137         -18.014          -26.831
    3 (occ)     1         -23.722           8.014         -28.443         -17.779          -26.372
    4 (occ)     1         -21.818           7.674         -27.800         -17.811          -24.133
    5 (occ)     1         -19.523           6.223         -25.325         -16.298          -22.327
    6 (occ)     1         -16.607           3.994         -23.891         -16.362          -20.143
    7 (occ)     1         -16.236           4.341         -24.306         -16.903          -19.298
    8 (occ)     1         -14.124           3.111         -22.314         -16.039          -17.287
    9 (occ)     1         -14.081           3.198         -23.009         -16.525          -17.366
   10 (occ)     1         -13.111           2.938         -23.080         -16.963          -16.290
   11 (occ)     1         -12.319           2.683         -22.517         -16.531          -15.622
   12 (occ)     1         -11.175           2.818         -19.837         -14.485          -13.709
   13 (occ)     1         -11.003           2.371         -21.265         -15.699          -14.198
   14 (occ)     1         -10.622           2.096         -21.521         -16.183          -13.865
   15 (occ)     1          -9.691           4.019         -25.942         -19.103          -12.511
   16 (occ)     1          -9.400           2.978         -19.871         -15.097          -11.196
   17 (occ)     1          -8.566           1.899         -19.419         -15.255          -10.830
   18 (occ)     1          -6.326           2.590         -21.558         -16.518           -8.776
   19 (occ)     1          -6.280           1.745         -19.996         -16.054           -8.477
   20 (occ)     1          -5.778           3.427         -24.861         -18.938           -8.275
   21 (occ)     1          -5.709           1.086         -19.399         -16.391           -7.631
   22 (vir)     1          -2.047          -2.403          -9.007         -14.026            0.569
   23 (vir)     1          -0.836          -1.525          -3.714          -7.163            1.088
   24 (vir)     1          -0.748          -2.026          -6.011         -10.344            1.560
   25 (vir)     1          -0.560          -1.076          -1.805          -4.416            0.975
   26 (vir)     1           0.010          -0.910          -1.312          -3.583            1.371
   27 (vir)     1           0.459          -0.676          -0.766          -2.500            1.518
   28 (vir)     1           0.508          -0.900          -1.338          -3.610            1.881
   29 (vir)     1           0.621          -0.846          -0.899          -3.012            1.888
   30 (vir)     1           1.089          -0.771          -1.143          -3.129            2.304
   31 (vir)     1           1.121          -0.811          -1.140          -3.200            2.369
   32 (vir)     1           1.505          -0.531          -0.618          -2.133            2.489
   33 (vir)     1           1.586          -0.766          -0.938          -2.965            2.847
   34 (vir)     1           1.747          -0.724          -1.040          -3.009            2.993
   35 (vir)     1           2.115          -2.493          -4.163          -8.506            3.965
   36 (vir)     1           2.223          -1.315          -1.897          -4.651            3.661
   37 (vir)     1           2.377          -0.715          -0.914          -2.780            3.528
   38 (vir)     1           2.416          -0.768          -1.032          -2.946            3.562
   39 (vir)     1           2.468          -0.982          -1.516          -3.812            3.782
   40 (vir)     1           2.568          -0.822          -0.977          -2.915            3.684
   41 (vir)     1           2.815          -0.595          -0.663          -2.337            3.894
   42 (vir)     1           3.061          -1.105          -1.639          -4.201            4.518
   43 (vir)     1           3.108          -0.930          -1.146          -3.269            4.302
   44 (vir)     1           3.167          -1.021          -1.643          -4.001            4.504
   45 (vir)     1           3.422          -1.148          -1.828          -4.458            4.904
   46 (vir)     1           3.643          -1.253          -1.993          -4.743            5.140
   47 (vir)     1           3.810          -1.148          -1.797          -4.376            5.242
   48 (vir)     1           3.940          -1.315          -2.089          -5.047            5.583
   49 (vir)     1           4.213          -0.707          -0.832          -2.725            5.398
   50 (vir)     1           4.398          -0.963          -1.245          -3.509            5.699
   51 (vir)     1           4.427          -0.720          -0.697          -2.598            5.608
   52 (vir)     1           4.493          -1.299          -1.871          -4.714            6.037
   53 (vir)     1           4.885          -1.527          -2.517          -5.788            6.629
   54 (vir)     1           5.108          -1.341          -1.880          -4.879            6.766
   55 (vir)     1           5.336          -0.900          -0.872          -3.217            6.781
   56 (vir)     1           5.634          -1.255          -1.563          -4.422            7.239
   57 (vir)     1           5.714          -1.528          -2.436          -5.731            7.482
   58 (vir)     1           5.752          -1.267          -1.494          -4.343            7.334
   59 (vir)     1           5.769          -1.953          -2.888          -6.893            7.821
   60 (vir)     1           6.454          -1.545          -1.723          -5.013            8.199
   61 (vir)     1           6.605          -1.405          -1.770          -4.904            8.334
   62 (vir)     1           6.665          -1.509          -2.423          -5.714            8.446
   63 (vir)     1           6.719          -1.450          -1.717          -4.912            8.464
   64 (vir)     1           6.923          -2.688          -4.103          -9.089            9.221
   65 (vir)     1           7.102          -1.382          -1.442          -4.601            8.880
   66 (vir)     1           7.409          -2.070          -3.387          -7.613            9.566
   67 (vir)     1           7.615          -2.180          -3.285          -7.696            9.846
   68 (vir)     1           7.730          -2.278          -3.390          -7.852            9.914
   69 (vir)     1           8.217          -1.786          -1.682          -5.202            9.952
   70 (vir)     1           8.291          -1.736          -1.906          -5.267            9.915
   71 (vir)     1           8.614          -2.726          -3.776          -8.795           10.907
   72 (vir)     1           8.770          -1.990          -1.436          -5.179           10.524
   73 (vir)     1           8.954          -1.773          -2.200          -6.014           10.996
   74 (vir)     1           9.486          -2.563          -2.935          -7.557           11.545
   75 (vir)     1           9.982          -1.446          -1.484          -4.814           11.866
   76 (vir)     1          10.026          -1.810          -1.942          -5.697           11.970
   77 (vir)     1          10.459          -2.805          -3.336          -8.400           12.718
   78 (vir)     1          10.757          -2.031          -1.962          -5.919           12.684
   79 (vir)     1          11.061          -2.048          -1.625          -5.560           12.949
   80 (vir)     1          11.317          -2.716          -3.109          -8.128           13.620
   81 (vir)     1          11.774          -2.247          -2.045          -6.460           13.942
   82 (vir)     1          11.840          -2.264          -2.324          -6.807           14.059
   83 (vir)     1          11.904          -2.331          -2.258          -6.735           14.051
   84 (vir)     1          12.422          -2.952          -3.068          -8.367           14.769
   85 (vir)     1          12.612          -2.243          -1.946          -6.440           14.862
   86 (vir)     1          12.872          -3.404          -3.473          -9.195           15.191
   87 (vir)     1          13.638          -3.068          -2.694          -7.834           15.711
   88 (vir)     1          13.871          -3.072          -2.146          -7.308           15.962
   89 (vir)     1          13.960          -2.423          -1.856          -6.436           16.117
   90 (vir)     1          14.225          -3.858          -3.862         -10.362           16.866
   91 (vir)     1          14.390          -2.759          -2.114          -7.041           16.558
   92 (vir)     1          14.620          -2.908          -2.202          -7.290           16.799
   93 (vir)     1          14.932          -4.807          -3.912         -11.090           17.302
   94 (vir)     1          15.058          -3.422          -1.951          -7.208           16.893
   95 (vir)     1          15.214          -2.865          -2.172          -7.190           17.367
   96 (vir)     1          15.321          -3.381          -1.923          -7.113           17.130
   97 (vir)     1          15.925          -4.815          -4.316         -11.884           18.679
   98 (vir)     1          16.468          -3.057          -2.243          -7.443           18.611
   99 (vir)     1          16.803          -2.869          -2.029          -7.194           19.100
  100 (vir)     1          17.024          -3.638          -2.693          -8.700           19.394
  101 (vir)     1          17.079          -3.380          -2.380          -8.008           19.327
  102 (vir)     1          17.780          -2.637          -1.860          -6.797           20.080
  103 (vir)     1          18.244          -3.204          -1.997          -7.320           20.363
  104 (vir)     1          18.631          -3.285          -2.598          -8.272           21.021
  105 (vir)     1          19.004          -3.322          -2.140          -7.614           21.155
  106 (vir)     1          19.359          -3.729          -2.234          -8.231           21.627
  107 (vir)     1          19.631          -3.140          -2.242          -7.805           22.054
  108 (vir)     1          19.819          -3.447          -2.412          -8.291           22.251
  109 (vir)     1          19.876          -3.376          -1.977          -7.512           22.035
  110 (vir)     1          20.416          -3.704          -2.664          -8.898           22.946
  111 (vir)     1          20.993          -3.335          -1.939          -7.692           23.411
  112 (vir)     1          21.817          -3.860          -1.879          -7.899           23.977
  113 (vir)     1          22.258          -2.970          -1.274          -6.479           24.493
  114 (vir)     1          22.723          -4.114          -2.405          -8.864           25.067
  115 (vir)     1          23.240          -4.485          -2.608          -9.403           25.551
  116 (vir)     1          23.364          -3.855          -1.699          -7.599           25.409
  117 (vir)     1          23.490          -3.773          -2.315          -8.681           26.082
  118 (vir)     1          24.037          -4.282          -2.731          -9.411           26.435
  119 (vir)     1          24.353          -3.805          -2.543          -8.904           26.909
  120 (vir)     1          24.534          -3.873          -1.897          -7.932           26.696
  121 (vir)     1          24.592          -3.529          -1.835          -7.368           26.596
  122 (vir)     1          24.965          -4.187          -1.862          -8.113           27.030
  123 (vir)     1          25.682          -4.230          -2.339          -8.831           27.944
  124 (vir)     1          25.787          -3.589          -2.452          -8.581           28.327
  125 (vir)     1          26.241          -4.406          -2.622          -9.240           28.452
  126 (vir)     1          26.420          -4.401          -2.538          -9.223           28.704
  127 (vir)     1          27.349          -3.777          -2.024          -8.028           29.576
  128 (vir)     1          27.973           2.082          -2.606          -9.168           36.617
  129 (vir)     1          28.468          -3.734          -2.000          -8.064           30.799
  130 (vir)     1          29.682          -5.011          -2.285          -8.901           31.286
  131 (vir)     1          29.918          -6.373          -2.666          -9.953           30.832
  132 (vir)     1          30.561          -6.939          -2.748          -9.777           30.651
  133 (vir)     1          31.286          -4.951          -2.069          -8.922           33.187
  134 (vir)     1          31.718          -6.855          -2.389          -9.552           32.027
  135 (vir)     1          32.217          -5.298          -2.359          -9.100           33.659
  136 (vir)     1          34.009          -7.110          -3.184         -11.246           34.961
  137 (vir)     1          34.133          -6.896          -2.928         -10.996           35.305
  138 (vir)     1          34.514          -6.063          -2.873         -10.445           36.022
  139 (vir)     1          35.128          -6.412          -2.519         -10.322           36.519
  140 (vir)     1          35.794          -5.817          -2.170          -9.440           37.247
  141 (vir)     1          36.565          -6.776          -3.261         -11.717           38.245
  142 (vir)     1          37.289          -7.590          -3.521         -12.112           38.290
  143 (vir)     1          37.515          -6.616          -3.277         -11.320           38.942
  144 (vir)     1          38.194          -6.900          -3.050         -10.952           39.196
  145 (vir)     1          40.502          -7.721          -2.724         -10.920           40.976
  146 (vir)     1          40.816          -8.312          -2.750         -11.442           41.196
  147 (vir)     1          41.186          -8.373          -3.111         -11.690           41.391
  148 (vir)     1          42.005          -8.203          -2.600         -10.724           41.926
  149 (vir)     1          43.375          -8.815          -3.176         -12.190           43.573
  150 (vir)     1          43.566          -9.230          -3.304         -12.456           43.488
  151 (vir)     1          43.885          -8.805          -2.920         -11.569           43.728
  152 (vir)     1          44.442          -9.247          -3.270         -12.208           44.133
  153 (vir)     1          45.170          -9.199          -3.249         -12.388           45.110
  154 (vir)     1          45.294         -10.758          -3.534         -13.247           44.249
  155 (vir)     1          45.665          -9.297          -3.295         -12.516           45.589
  156 (vir)     1          46.247         -10.377          -3.016         -12.300           45.155
  157 (vir)     1          46.873         -10.596          -3.388         -12.833           45.722
  158 (vir)     1          47.414         -11.382          -2.862         -12.511           45.680
  159 (vir)     1          48.544         -10.928          -3.022         -12.715           47.309
  160 (vir)     1          49.037         -10.971          -3.222         -12.728           47.572
  161 (vir)     1          49.591         -11.630          -2.960         -12.549           47.550
  162 (vir)     1          50.315         -11.045          -2.826         -12.362           48.807
  163 (vir)     1          51.749         -12.873          -3.512         -13.714           49.077
  164 (vir)     1          51.973         -11.947          -3.339         -13.202           49.889
  165 (vir)     1          52.238         -11.365          -2.812         -12.423           50.483
  166 (vir)     1          52.555         -12.663          -3.129         -12.921           49.684
  167 (vir)     1          53.150           6.433          -2.818         -12.556           69.320
  168 (vir)     1          53.505          -9.750          -3.096         -13.324           53.983
  169 (vir)     1          53.726          -7.514          -3.094         -13.272           56.390
  170 (vir)     1          54.601          -7.156          -2.953         -13.071           57.564
  171 (vir)     1          55.107          -6.787          -2.945         -12.961           58.336
  172 (vir)     1          55.649          -9.585          -3.041         -13.240           56.262
  173 (vir)     1          55.799          -4.740          -3.043         -13.568           61.584
  174 (vir)     1          56.458          -3.392          -3.161         -13.610           63.515
  175 (vir)     1          57.710           5.268          -2.905         -12.761           72.835
  176 (vir)     1          58.016           5.937          -2.664         -12.756           74.046
  177 (vir)     1          58.373           7.208          -2.715         -12.867           75.732
  178 (vir)     1          58.472         -12.631          -2.888         -12.937           55.890
  179 (vir)     1          58.862           4.634          -3.123         -13.808           74.181
  180 (vir)     1          59.627          -9.952          -2.941         -13.402           60.136
  181 (vir)     1          59.911          -9.561          -2.767         -13.304           60.888
  182 (vir)     1          60.533           5.974          -3.260         -13.998           77.245
  183 (vir)     1          61.024           5.143          -2.951         -13.747           76.963
  184 (vir)     1          61.661           5.206          -2.718         -13.465           77.615
  185 (vir)     1          61.858         -12.656          -2.707         -13.520           60.015
  186 (vir)     1          62.813           5.740          -2.970         -13.878           79.461
  187 (vir)     1          63.148           0.157          -2.516         -13.121           73.911
  188 (vir)     1          63.738           0.944          -2.589         -13.362           75.455
  189 (vir)     1          64.765           5.953          -2.858         -13.533           81.393
  190 (vir)     1          65.154           6.024          -2.767         -14.026           82.437
  191 (vir)     1          66.233           4.915          -2.816         -13.820           82.151
  192 (vir)     1          66.459         -12.746          -2.626         -13.982           65.068
  193 (vir)     1          66.874           4.012          -2.780         -13.845           81.951
  194 (vir)     1          67.537           5.851          -2.577         -13.694           84.505
  195 (vir)     1          68.113           5.147          -2.491         -13.626           84.396
  196 (vir)     1          69.143           6.101          -2.610         -13.730           86.364
  197 (vir)     1          69.904           5.519          -2.399         -13.775           86.800
  198 (vir)     1          70.527           6.055          -2.131         -13.215           87.666
  199 (vir)     1          70.641           5.404          -2.428         -13.629           87.246
  200 (vir)     1          71.251           5.438          -2.405         -13.685           87.970
  201 (vir)     1          71.347           5.695          -2.612         -14.136           88.567
  202 (vir)     1          72.347           5.333          -2.575         -13.977           89.082
  203 (vir)     1          73.101           5.205          -2.655         -14.055           89.705
  204 (vir)     1          74.085           5.605          -2.459         -14.147           91.379
  205 (vir)     1          74.778           5.407          -2.053         -13.548           91.680
  206 (vir)     1          75.977           5.108          -2.218         -13.815           92.681
  207 (vir)     1          76.692           5.685          -2.563         -14.235           94.049
  208 (vir)     1          77.275           6.034          -2.307         -14.136           95.137
  209 (vir)     1          77.599           5.165          -2.824         -14.942           94.882
  210 (vir)     1          78.123           5.255          -2.551         -14.554           95.381
  211 (vir)     1          78.450           4.588          -2.233         -14.248           95.053
  212 (vir)     1          80.042           5.049          -2.450         -14.597           97.238
  213 (vir)     1          81.071           4.638          -2.274         -14.055           97.489
  214 (vir)     1          81.537           4.837          -2.347         -13.967           97.995
  215 (vir)     1          81.886           5.801          -3.051         -15.506          100.143
  216 (vir)     1          82.132           5.135          -2.535         -15.309          100.041
  217 (vir)     1          82.888           4.735          -2.502         -15.071          100.192
  218 (vir)     1          83.118           5.144          -2.496         -14.892          100.658
  219 (vir)     1          83.289           5.265          -2.489         -14.707          100.772
  220 (vir)     1          85.391           5.456          -2.209         -13.831          102.470
  221 (vir)     1          86.034           5.179          -2.419         -14.597          103.391
  222 (vir)     1          86.408           5.150          -2.502         -15.285          104.341
  223 (vir)     1          87.366           5.218          -2.369         -14.947          105.162
  224 (vir)     1          87.851           4.722          -2.126         -13.823          104.269
  225 (vir)     1          88.056           4.125          -2.242         -15.147          105.087
  226 (vir)     1          88.903           4.926          -2.555         -15.129          106.403
  227 (vir)     1          89.547           4.142          -2.360         -15.180          106.510
  228 (vir)     1          90.564           5.435          -2.358         -14.989          108.629
  229 (vir)     1          92.140           4.868          -2.480         -15.084          109.612
  230 (vir)     1          92.854           3.662          -2.249         -14.559          108.826
  231 (vir)     1          93.231           4.927          -2.662         -15.768          111.263
  232 (vir)     1          93.520           4.078          -2.356         -15.403          110.646
  233 (vir)     1          94.328           3.910          -2.150         -14.268          110.357
  234 (vir)     1          96.383           2.854          -2.051         -14.563          111.750
  235 (vir)     1          98.424           4.075          -2.595         -15.588          115.493
  236 (vir)     1          98.988           3.931          -2.027         -14.169          115.061
  237 (vir)     1         100.704           3.332          -2.313         -15.163          116.886
  238 (vir)     1         103.720           3.691          -2.342         -15.680          120.749
  239 (vir)     1         108.323           3.142          -2.302         -15.823          124.986
  240 (vir)     1         109.665           3.486          -2.508         -16.094          126.737
  241 (vir)     1         113.133           3.234          -2.201         -15.121          129.286
  242 (vir)     1         113.597           3.590          -2.260         -15.697          130.624
  243 (vir)     1         120.176           2.425          -2.507         -16.830          136.923
  244 (vir)     1         122.303           3.208          -2.343         -15.882          139.050
  245 (vir)     1         124.879           3.300          -2.251         -16.663          142.591
  246 (vir)     1         128.928           2.670          -2.227         -16.964          146.336
  247 (vir)     1         131.149           3.172          -2.458         -17.634          149.497
  248 (vir)     1         131.344           6.694          -1.440         -19.283          155.882
  249 (vir)     1         134.686           8.362          -1.838         -19.601          160.811
  250 (vir)     1         137.959           3.206          -2.314         -17.692          156.543
  251 (vir)     1         139.290           6.625          -1.499         -18.601          163.018
  252 (vir)     1         140.678           2.461          -1.882         -17.216          158.473
  253 (vir)     1         152.386           3.031          -1.748         -15.949          169.618
  254 (vir)     1         160.861           2.744          -1.637         -15.529          177.497
  255 (vir)     1         162.808           2.439          -1.577         -15.579          179.249
  256 (vir)     1         164.702           2.248          -1.586         -15.716          181.081
  257 (vir)     1         165.796           3.826          -1.568         -14.999          183.053
  258 (vir)     1         180.198           0.919          -3.653         -23.167          200.632
  259 (vir)     1         181.363           1.368          -4.133         -23.055          201.653
  260 (vir)     1         184.971           1.898          -3.296         -22.998          206.571
  261 (vir)     1         187.536           1.999          -3.684         -22.994          208.844
  262 (vir)     1         193.788           1.724          -3.956         -23.048          214.603
  263 (vir)     1         208.336           3.427          -1.398         -15.848          226.213
  264 (vir)     1         227.156           2.726          -1.515         -17.824          246.192
  265 (vir)     1         233.449           4.611          -1.392         -16.421          253.089
  266 (vir)     1         235.141           3.881          -1.316         -16.469          254.176
  267 (vir)     1         239.188           3.017          -1.085         -16.017          257.136
  268 (vir)     1         240.116           1.115          -1.797         -21.680          261.114
  269 (vir)     1         240.561           1.080          -2.442         -21.247          260.446
  270 (vir)     1         240.946           2.963          -1.025         -15.502          258.386
  271 (vir)     1         241.849           1.257          -1.721         -20.201          261.585
  272 (vir)     1         242.785           4.291          -0.957         -15.514          261.633
  273 (vir)     1         244.206           0.836          -2.056         -20.442          263.428
  274 (vir)     1         244.804           0.445          -1.689         -22.197          265.758
  275 (vir)     1         246.871           1.060          -2.691         -22.307          267.546
  276 (vir)     1         249.816           1.764          -1.934         -20.202          269.849
  277 (vir)     1         266.581           0.646          -0.801         -18.538          284.964
 
