 
  kpoint:       1             coordinate:     0.0000    0.0000    0.0000                  spin:  1
 
    n           k   ϵ_nk^DFT (eV)     Σ^c_nk (eV)     Σ^x_nk (eV)    v_nk^xc (eV)   ϵ_nk^G0W0 (eV)
 
    1 (occ)     1         -29.082          10.090         -31.078         -19.205          -30.865
    2 (occ)     1         -26.626           9.284         -32.212         -20.466          -29.088
    3 (occ)     1         -15.769           4.603         -24.919         -17.180          -18.904
    4 (occ)     1         -12.381           2.458         -21.076         -15.623          -15.376
    5 (occ)     1         -12.123           3.247         -23.152         -16.609          -15.418
    6 (occ)     1         -12.111           3.604         -26.179         -19.125          -15.561
    7 (occ)     1          -9.424           1.400         -23.321         -18.670          -12.675
    8 (occ)     1          -8.752           2.380         -24.952         -19.125          -12.199
    9 (occ)     1          -8.049           1.641         -22.690         -17.562          -11.537
   10 (vir)     1          -4.342          -1.186         -10.595         -15.541           -0.583
   11 (vir)     1          -0.247          -1.789          -6.199         -11.430            3.195
   12 (vir)     1           0.683          -1.471          -5.714         -10.382            3.880
   13 (vir)     1           2.069          -0.962          -1.551          -4.780            4.336
   14 (vir)     1           2.514          -0.834          -1.079          -3.967            4.569
   15 (vir)     1           3.687          -1.309          -2.269          -6.243            6.352
   16 (vir)     1           3.999          -1.342          -3.118          -7.374            6.914
   17 (vir)     1           4.539          -1.377          -3.150          -7.349            7.362
   18 (vir)     1           4.627          -1.464          -3.353          -7.753            7.564
   19 (vir)     1           4.874          -1.553          -1.960          -5.807            7.168
   20 (vir)     1           6.079          -1.038          -1.596          -5.130            8.574
   21 (vir)     1           6.111          -1.274          -2.440          -6.322            8.718
   22 (vir)     1          10.634          -3.212          -3.465         -10.026           13.982
   23 (vir)     1          11.472          -2.271          -2.565          -8.378           15.014
   24 (vir)     1          11.698          -1.465          -1.809          -6.625           15.050
   25 (vir)     1          11.857          -1.647          -2.370          -7.464           15.304
   26 (vir)     1          12.140          -2.437          -3.004          -9.457           16.157
   27 (vir)     1          12.300          -3.056          -1.834          -7.477           14.887
   28 (vir)     1          12.870          -2.382          -2.837          -8.784           16.434
   29 (vir)     1          15.222          -3.030          -2.196          -8.090           18.086
   30 (vir)     1          16.327          -3.277          -4.116         -10.960           19.894
   31 (vir)     1          16.349          -4.537          -3.540         -10.690           18.961
   32 (vir)     1          17.467          -3.892          -4.217         -11.379           20.737
   33 (vir)     1          17.972          -4.306          -2.254          -8.607           20.018
   34 (vir)     1          18.004          -3.063          -3.300          -9.665           21.307
   35 (vir)     1          18.520          -3.754          -2.862          -9.706           21.609
   36 (vir)     1          22.082          -3.138          -2.958          -9.561           25.547
   37 (vir)     1          24.090          -4.035          -3.097         -10.184           27.142
   38 (vir)     1          24.745          -4.271          -3.257         -10.432           27.649
   39 (vir)     1          25.699          -4.074          -3.711         -11.176           29.090
   40 (vir)     1          25.980          -4.702          -2.946         -10.136           28.468
   41 (vir)     1          29.737          -6.979          -3.837         -12.791           31.711
   42 (vir)     1          29.974          -8.842          -5.309         -15.872           31.696
   43 (vir)     1          39.543           4.135          -5.124         -14.097           52.651
   44 (vir)     1          42.289           2.315          -5.127         -14.378           53.855
   45 (vir)     1          44.521           2.864          -4.852         -14.085           56.617
   46 (vir)     1          45.139           2.655          -5.061         -14.600           57.334
   47 (vir)     1          45.322           2.834          -5.026         -14.676           57.806
   48 (vir)     1          46.255          -5.209          -4.836         -14.353           50.563
   49 (vir)     1          50.919           2.369          -4.517         -15.290           64.062
   50 (vir)     1          52.153           2.222          -4.798         -15.242           64.818
   51 (vir)     1          55.795           2.804          -4.483         -15.294           69.409
   52 (vir)     1          56.507           2.093          -4.709         -14.865           68.756
   53 (vir)     1          68.613           1.888          -3.547         -13.991           80.945
   54 (vir)     1          72.561           1.827          -4.399         -16.248           86.237
   55 (vir)     1          76.973           1.321          -2.436         -11.587           87.446
   56 (vir)     1         119.497           3.655          -3.598         -18.638          138.191
   57 (vir)     1         122.454           3.629          -3.584         -18.888          141.388
   58 (vir)     1         124.409           3.807          -3.562         -19.303          143.957
   59 (vir)     1         124.998           3.790          -3.483         -19.085          144.391
   60 (vir)     1         125.279           3.345          -3.616         -18.951          143.959
   61 (vir)     1         125.875           3.052          -4.104         -20.290          145.114
   62 (vir)     1         173.915           1.181          -5.390         -23.418          193.123
   63 (vir)     1         174.477           1.203          -5.300         -23.306          193.686
   64 (vir)     1         174.613           1.176          -5.247         -23.092          193.635
   65 (vir)     1         174.659           1.193          -5.341         -23.250          193.761
   66 (vir)     1         179.594           1.400          -5.206         -23.415          199.203
   67 (vir)     1         180.334           1.432          -5.352         -23.385          199.799
   68 (vir)     1         180.526           1.427          -5.077         -23.231          200.107
   69 (vir)     1         180.745           1.562          -5.045         -22.822          200.083
   70 (vir)     1         182.162           1.400          -5.155         -23.103          201.510
   71 (vir)     1         182.571           1.491          -5.072         -22.934          201.923
   72 (vir)     1         217.478           0.420          -3.221         -19.920          234.597
   73 (vir)     1         217.517           0.666          -3.235         -19.928          234.876
   74 (vir)     1         226.167           0.656          -3.437         -20.872          244.257
   75 (vir)     1         226.683           0.771          -3.521         -21.028          244.962
   76 (vir)     1         228.539           0.810          -3.612         -21.327          247.064
   77 (vir)     1         228.902           0.765          -3.484         -21.206          247.389
   78 (vir)     1         230.210           0.903          -3.358         -20.930          248.684
   79 (vir)     1         231.780           0.758          -3.332         -20.954          250.159
   80 (vir)     1         232.429           0.746          -3.480         -21.413          251.107
   81 (vir)     1         233.941           0.625          -3.551         -21.541          252.556
   82 (vir)     1         234.149           0.921          -3.608         -21.607          253.069
   83 (vir)     1         234.318           0.886          -3.709         -21.758          253.253
   84 (vir)     1         236.531           0.456          -3.498         -21.563          255.052
   85 (vir)     1         237.054           0.487          -3.561         -21.717          255.697
   86 (vir)     1         253.240           3.475          -2.838         -19.025          272.902
   87 (vir)     1         255.477           3.465          -2.989         -19.640          275.595
 
